8  4  0.0001  100  1
100.0  1.0e5  0.3 
0.0   1.0   2.0   3.0   4.0   5.5   7.0   9.0  12.0
0.0  -1.25 -2.5  -3.75 -5.0
33
  1 0 1    2 0 1    3 0 1    4 0 1    5 0 1    6 0 1
  7 0 1    8 0 1    9 0 0   14 0 0   23 0 0   28 0 0
 37 0 0   42 0 0   51 0 0   56 0 0   65 0 0   70 0 0
 79 0 0   84 0 0   93 0 0   98 0 0  107 0 0  112 0 0
113 0 0  114 0 0  115 0 0  116 0 0  117 0 0  118 0 0
119 0 0  120 0 0  121 0 0
5
1   0.0  -0.166667     10  0.0  -0.666667     15  0.0  -0.333333  
24  0.0  -0.666667     29  0.0  -0.166667
0.001  250
10
200.0 100.0  50.0  50.0  50.0  30.0  20.0  10.0   5.0   4.0
