Nodes
727
0.000000 0.000000
0.278000 0.000000
0.347500 0.000000
0.069500 0.000000
0.417000 0.000000
0.486500 0.000000
0.556000 0.000000
0.139000 0.000000
0.625500 0.000000
0.695000 0.000000
0.764500 0.000000
0.973000 0.000000
0.208500 0.000000
0.834000 0.000000
0.903500 0.000000
0.176994 0.153781
0.208436 0.103099
0.242122 0.052659
0.028658 0.067431
0.172083 0.266667
0.204480 0.211097
0.237750 0.158373
0.273157 0.106395
0.310276 0.053758
0.059455 0.039751
0.230833 0.266667
0.263567 0.213831
0.299954 0.161918
0.057907 0.136251
0.340518 0.108689
0.380362 0.054804
0.289583 0.266667
0.323368 0.217269
0.361364 0.166948
0.085932 0.090053
0.450838 0.056970
0.415111 0.117835
0.348333 0.266667
0.378734 0.226955
0.417210 0.185597
0.113185 0.041270
0.521218 0.055551
0.370841 0.319984
0.487577 0.111936
0.462437 0.160969
0.406735 0.276952
0.427604 0.233764
0.467688 0.209303
0.087146 0.205050
0.590546 0.054828
0.555643 0.110300
0.396071 0.379752
0.434216 0.327919
0.520112 0.173732
0.467654 0.270011
0.511113 0.231743
0.119272 0.145540
0.659688 0.054550
0.624681 0.109560
0.591525 0.166243
0.146383 0.097326
0.174480 0.050214
0.113333 0.266667
0.145644 0.207253
0.421458 0.439889
0.446844 0.500025
0.458588 0.386870
0.494982 0.332328
0.564799 0.225632
0.533827 0.282404
0.728782 0.054491
0.624932 0.219379
0.692710 0.108472
0.657976 0.162967
0.797203 0.054284
1.001512 0.067483
0.934570 0.057648
0.866128 0.054647
1.030598 0.136326
1.059674 0.205147
1.085667 0.266667
0.310667 0.733333
0.369333 0.733333
0.472230 0.560162
0.483534 0.447334
0.508106 0.507372
0.521268 0.393998
0.559889 0.341480
0.602189 0.287602
0.662276 0.263733
0.760507 0.108095
0.689049 0.212848
0.724146 0.161390
0.829182 0.108401
0.964864 0.115800
0.897401 0.109260
0.991149 0.174941
0.997207 0.227194
1.027167 0.266667
0.336738 0.794677
0.400025 0.770774
0.428000 0.733333
0.497617 0.620299
0.532125 0.567219
0.545606 0.454497
0.568929 0.514864
0.584107 0.401659
0.622959 0.350891
0.653269 0.310970
0.690409 0.299815
0.718463 0.261716
0.791020 0.161529
0.753612 0.214426
0.857944 0.161970
0.924696 0.163591
0.943947 0.216354
0.968667 0.266667
0.365879 0.863245
0.404611 0.820253
0.449505 0.780272
0.486667 0.733333
0.522845 0.680062
0.555580 0.626155
0.590305 0.574810
0.607688 0.461753
0.629741 0.523628
0.647231 0.407333
0.688071 0.350506
0.735704 0.310554
0.779126 0.319271
0.780900 0.270276
0.820460 0.214140
0.884813 0.214898
0.910167 0.266667
0.395031 0.931838
0.431536 0.876515
0.468139 0.828479
0.509196 0.782348
0.545333 0.733333
0.578977 0.681502
0.611611 0.633041
0.643310 0.585514
0.656180 0.632849
0.424000 1.000000
0.670512 0.468749
0.697702 0.536087
0.708476 0.411324
0.757253 0.361740
0.801682 0.343906
0.820091 0.309878
0.851667 0.266667
0.463708 0.939549
0.500443 0.885074
0.536999 0.834028
0.568736 0.784345
0.602462 0.735618
0.643256 0.682984
0.696044 0.608671
0.686682 0.654037
0.750152 0.586078
0.495555 1.000000
0.732233 0.472368
0.794731 0.549002
0.756009 0.525553
0.768269 0.424310
0.805910 0.381746
0.838072 0.349543
0.868015 0.303896
0.534538 0.943137
0.571187 0.888212
0.604316 0.835692
0.619023 0.781753
0.662243 0.747514
0.700505 0.697461
0.729350 0.651256
0.844081 0.548458
0.814212 0.597316
0.782547 0.646582
0.567109 1.000000
0.809199 0.487607
0.823910 0.424432
0.873922 0.507164
0.858851 0.388995
0.885333 0.343333
0.604242 0.942843
0.903033 0.551622
0.639501 0.884196
0.671196 0.816152
0.719073 0.760951
0.753924 0.704766
0.872942 0.602095
0.840818 0.651687
0.806804 0.702014
0.638664 1.000000
0.880434 0.449572
0.932864 0.498562
0.920970 0.393713
0.955328 0.343333
0.674454 0.941513
0.966925 0.554360
0.934573 0.606610
0.709157 0.881377
0.745568 0.822180
0.787207 0.763925
0.900952 0.656919
0.867456 0.705209
0.837693 0.743626
0.710218 1.000000
0.955703 0.444308
0.997153 0.500943
1.033284 0.556839
1.066676 0.611667
0.990423 0.394130
1.025323 0.343333
0.745170 0.941191
1.000667 0.611667
0.962956 0.663123
0.779055 0.883027
0.808267 0.828223
0.838502 0.784986
0.926994 0.712900
0.888295 0.764110
0.781773 1.000000
1.027991 0.448242
1.138430 0.611667
1.065864 0.503595
1.102408 0.558854
1.205444 0.611667
1.060366 0.396247
1.095318 0.343333
1.259931 0.611667
1.302900 0.611667
1.336716 0.611667
0.816371 0.941251
1.025333 0.670833
0.989269 0.719997
0.849810 0.883965
0.871048 0.825048
0.953036 0.768045
0.923342 0.808983
0.853327 1.000000
1.363333 0.611667
1.098141 0.450317
1.170014 0.562288
1.136210 0.506375
1.230822 0.567684
1.130721 0.396584
1.165313 0.343333
1.280449 0.578882
1.317846 0.587908
1.343861 0.591524
1.385195 0.615274
0.888096 0.940008
1.050000 0.730000
1.016103 0.776141
0.922579 0.873694
0.975412 0.826631
0.924882 1.000000
1.482844 0.709061
1.482593 0.713467
1.487772 0.711550
1.362448 0.587106
1.377828 0.595280
1.393261 0.601528
1.168588 0.450483
1.209547 0.508230
1.262176 0.534082
1.200875 0.395893
1.235308 0.343333
1.305312 0.551730
1.335945 0.565905
1.354773 0.573781
1.403023 0.618217
1.406917 0.596959
1.452707 0.728900
0.959798 0.940626
1.112162 0.730000
1.078823 0.780476
1.041806 0.830898
0.995580 0.886029
1.444384 0.729423
1.435200 0.730000
1.418337 0.730000
0.996436 1.000000
1.478091 0.718532
1.483107 0.704447
1.488186 0.707532
1.489002 0.703412
1.480495 0.696927
1.488317 0.716350
1.484699 0.720077
1.490827 0.720835
1.492494 0.709462
1.492473 0.713426
1.477309 0.687750
1.473680 0.677300
1.421433 0.625960
1.438380 0.636530
1.372003 0.574778
1.393343 0.581911
1.409934 0.581533
1.236043 0.445499
1.262976 0.491197
1.300235 0.508890
1.269282 0.396131
1.305303 0.343333
1.335236 0.534722
1.358838 0.555879
1.421275 0.607008
1.419499 0.590605
1.463543 0.726530
1.460232 0.736730
1.450067 0.738106
1.178482 0.730000
1.241646 0.730000
1.031212 0.944025
1.143402 0.780003
1.109054 0.834316
1.069750 0.888944
1.294570 0.730000
1.336834 0.730000
1.397120 0.730000
1.370424 0.730000
1.440076 0.740775
1.426319 0.742963
1.407643 0.747210
1.067991 1.000000
1.472777 0.724510
1.481621 0.725624
1.487374 0.698457
1.492715 0.705141
1.493164 0.700206
1.487490 0.689476
1.497116 0.707406
1.493603 0.717555
1.495178 0.720816
1.488729 0.725720
1.494434 0.724493
1.496986 0.711738
1.496178 0.715294
1.500773 0.710104
1.485642 0.680018
1.485023 0.671232
1.466217 0.664997
1.453433 0.649650
1.478827 0.665080
1.477099 0.654880
1.437671 0.616276
1.451041 0.628047
1.384298 0.557133
1.405669 0.564406
1.425232 0.574121
1.303236 0.456193
1.339916 0.496614
1.339270 0.399164
1.375296 0.343333
1.371174 0.529316
1.372925 0.498959
1.437466 0.593089
1.441000 0.343333
1.505057 0.346587
1.568310 0.355430
1.601344 0.363219
1.469752 0.734610
1.457925 0.747378
1.467708 0.744918
1.447880 0.750295
1.208167 0.775286
1.263227 0.771335
1.103172 0.944527
1.173297 0.829542
1.139586 0.888822
1.312443 0.766160
1.352261 0.759487
1.383291 0.753073
1.435617 0.755011
1.420197 0.761567
1.399761 0.770801
1.139545 1.000000
1.478484 0.732957
1.486945 0.731946
1.493370 0.693910
1.498061 0.702817
1.498978 0.697278
1.495309 0.687866
1.492927 0.681403
1.502651 0.706086
1.498202 0.718478
1.498849 0.722749
1.494134 0.730095
1.499398 0.727024
1.501384 0.714660
1.506097 0.710644
1.492530 0.672370
1.490523 0.663716
1.468136 0.647721
1.464409 0.634955
1.486785 0.654733
1.481628 0.646786
1.454829 0.605822
1.468408 0.617983
1.407161 0.538638
1.421830 0.554919
1.437810 0.559795
1.443749 0.574077
1.374901 0.457661
1.407762 0.398572
1.410253 0.501561
1.459970 0.583694
1.470602 0.395497
1.609521 0.389644
1.530695 0.391381
1.578275 0.392258
1.630473 0.370087
1.476916 0.742412
1.456139 0.758301
1.465988 0.755911
1.475433 0.752465
1.445460 0.763183
1.454683 0.768356
1.236886 0.824146
1.290222 0.811597
1.174305 0.942716
1.207985 0.883272
1.337819 0.796583
1.372443 0.782677
1.433980 0.771478
1.418132 0.782789
1.396935 0.797709
1.211100 1.000000
1.485745 0.740214
1.493982 0.737774
1.500182 0.691075
1.504590 0.700755
1.504502 0.694902
1.501686 0.683771
1.502222 0.675013
1.509474 0.704849
1.504151 0.719967
1.503261 0.724379
1.501318 0.733615
1.504731 0.728374
1.513613 0.710990
1.508739 0.716341
1.634632 0.402033
1.502053 0.665025
1.499122 0.654010
1.479200 0.632838
1.492739 0.642663
1.475808 0.595954
1.489617 0.611028
1.439404 0.535660
1.458078 0.559603
1.445003 0.454612
1.454315 0.503606
1.480424 0.570062
1.502616 0.438130
1.632150 0.430905
1.602699 0.423511
1.556919 0.430767
1.667431 0.406447
1.663245 0.381097
1.484701 0.749370
1.482968 0.758478
1.464473 0.766874
1.475401 0.763784
1.447792 0.776700
1.459615 0.776786
1.328899 0.841306
1.279393 0.874735
1.244442 0.939674
1.369636 0.820758
1.361410 0.855712
1.437467 0.790243
1.421688 0.808555
1.401830 0.824021
1.282654 1.000000
1.494156 0.746867
1.504406 0.741658
1.507590 0.688794
1.511671 0.696673
1.511515 0.680106
1.514180 0.669347
1.517643 0.704163
1.509966 0.724249
1.509641 0.732657
1.522356 0.711602
1.517202 0.718478
1.653730 0.426111
1.673218 0.427465
1.513757 0.655724
1.508873 0.642199
1.500419 0.626643
1.514510 0.606353
1.499359 0.586397
1.480679 0.534362
1.493634 0.485622
1.505696 0.560202
1.643997 0.447268
1.541003 0.476421
1.621171 0.456063
1.586225 0.462903
1.689004 0.430231
1.688503 0.413414
1.691017 0.390427
1.492672 0.757972
1.486790 0.769007
1.473842 0.780612
1.457287 0.791385
1.338629 0.888316
1.311360 0.938156
1.392882 0.851050
1.377649 0.877568
1.447716 0.814406
1.428065 0.842201
1.354209 1.000000
1.503981 0.754710
1.513881 0.748388
1.515390 0.738502
1.518947 0.687196
1.520764 0.697275
1.530440 0.662818
1.525112 0.677396
1.527970 0.703621
1.522035 0.729544
1.531459 0.712884
1.526249 0.719480
1.663836 0.449538
1.681655 0.444362
1.527793 0.643498
1.524094 0.625192
1.540028 0.607384
1.547046 0.664686
1.543336 0.651278
1.533424 0.576339
1.529744 0.530597
1.649096 0.473722
1.576246 0.509690
1.615324 0.491942
1.699274 0.447597
1.705657 0.424396
1.708516 0.398562
1.503439 0.769404
1.496482 0.790850
1.477908 0.810179
1.381814 0.931740
1.413055 0.887934
1.464605 0.846068
1.450268 0.876348
1.425764 1.000000
1.515330 0.763971
1.522210 0.754209
1.529281 0.743788
1.533051 0.692261
1.541861 0.677794
1.541307 0.707696
1.538195 0.724893
1.560276 0.674614
1.682945 0.466982
1.706110 0.469152
1.670627 0.494290
1.548207 0.632590
1.561678 0.611660
1.558163 0.591814
1.563194 0.652800
1.571835 0.561697
1.645770 0.509969
1.613263 0.533671
1.728139 0.446270
1.727907 0.407577
1.519222 0.779148
1.521604 0.798319
1.510338 0.816730
1.498780 0.845948
1.454156 0.930444
1.484846 0.887194
1.497318 1.000000
1.533687 0.762362
1.546707 0.744589
1.555266 0.694992
1.552089 0.713808
1.556062 0.727977
1.583361 0.668211
1.575273 0.687858
1.696271 0.493874
1.728229 0.483080
1.677381 0.519113
1.576595 0.627121
1.585528 0.598711
1.589435 0.648017
1.616922 0.576958
1.648928 0.547077
1.757097 0.472966
1.762277 0.429343
1.544790 0.789983
1.534681 0.813714
1.532576 0.841369
1.522407 0.874150
1.527732 0.929710
1.568775 1.000000
1.561057 0.765582
1.566584 0.741054
1.576737 0.715540
1.606578 0.663568
1.604811 0.689669
1.712848 0.517118
1.745842 0.509180
1.689069 0.551845
1.617323 0.626400
1.657061 0.590669
1.781953 0.498054
1.793547 0.455367
1.579562 0.789890
1.563718 0.820869
1.568904 0.876004
1.598357 0.939658
1.637923 1.000000
1.591682 0.749114
1.611740 0.784169
1.613801 0.724338
1.633344 0.667081
1.633254 0.698708
1.765347 0.535489
1.729361 0.547999
1.704540 0.589502
1.672017 0.637861
1.789896 0.558173
1.804788 0.524994
1.821200 0.485207
1.604613 0.829258
1.659958 0.944210
1.626844 0.887933
1.697333 1.000000
1.631883 0.758705
1.643051 0.800100
1.653380 0.725612
1.666081 0.686278
1.753391 0.579658
1.726190 0.630539
1.700713 0.671171
1.800309 0.592671
1.825645 0.558053
1.844767 0.518367
1.655977 0.844957
1.676697 0.811813
1.715778 0.943564
1.683511 0.894107
1.750310 0.995000
1.677643 0.768899
1.707076 0.800359
1.703781 0.717237
1.772576 0.632693
1.740980 0.679717
1.816856 0.631815
1.843749 0.594642
1.866409 0.556832
1.768343 0.944502
1.706175 0.844147
1.735747 0.898236
1.802197 0.985490
1.746668 0.811355
1.728198 0.765582
1.757151 0.723705
1.797732 0.681760
1.843325 0.663939
1.863759 0.631894
1.889037 0.597050
1.817792 0.942247
1.788252 0.902472
1.763078 0.857281
1.852520 0.969610
1.796005 0.825270
1.786539 0.773238
1.805659 0.729011
1.849900 0.709300
1.882212 0.673103
1.907249 0.636649
1.859984 0.936035
1.835000 0.905004
1.813020 0.867349
1.892853 0.911801
1.886530 0.928085
1.886828 0.952487
1.840013 0.839965
1.833084 0.800284
1.839008 0.757461
1.883418 0.746680
1.900876 0.711837
1.926760 0.679073
1.872665 0.905599
1.856818 0.873870
1.892138 0.899300
1.902658 0.905934
1.907431 0.918796
1.914633 0.938610
1.868975 0.849683
1.872522 0.822891
1.876780 0.785771
1.904841 0.770702
1.920461 0.747725
1.943016 0.723662
1.885245 0.884398
1.882427 0.864104
1.905396 0.891736
1.916543 0.906712
1.926443 0.925834
1.894885 0.809192
1.892931 0.847478
1.899828 0.827082
1.909703 0.793185
1.932943 0.781333
1.957683 0.763893
1.906143 0.872012
1.926258 0.890263
1.937333 0.914053
1.917083 0.855402
1.915449 0.816450
1.916927 0.837233
1.937491 0.803812
1.961754 0.788953
1.932218 0.871020
1.947297 0.892355
1.937199 0.849269
1.939071 0.827717
1.966023 0.815233
1.959040 0.866783
1.962312 0.842631
Elements
1313
19 1 25
1 4 25
29 19 35
35 19 25
4 41 25
35 25 41
4 8 41
49 29 57
57 29 35
57 35 61
61 35 41
41 8 62
41 62 61
8 13 62
63 49 64
49 57 64
16 64 57
57 61 16
62 17 61
16 61 17
62 13 18
62 18 17
13 2 18
20 63 64
21 20 64
21 64 16
22 21 16
17 22 16
17 18 23
17 23 22
18 2 24
18 24 23
2 3 24
26 20 21
27 26 21
27 21 22
28 27 22
28 22 23
23 24 30
23 30 28
3 5 31
24 3 31
24 31 30
32 26 27
33 32 27
33 27 28
33 28 34
34 28 30
5 6 36
31 5 36
31 36 37
30 31 37
30 37 34
38 32 33
38 33 39
39 33 34
40 39 34
40 34 37
6 7 42
36 6 42
36 42 44
37 36 44
37 44 45
37 45 40
43 38 46
46 38 39
46 39 47
47 39 40
47 40 48
48 40 45
7 9 50
42 7 50
42 50 51
44 42 51
52 43 53
53 43 46
44 51 54
45 44 54
45 54 48
53 46 55
55 46 47
55 47 48
55 48 56
56 48 54
9 10 58
50 9 58
50 58 59
51 50 59
51 59 60
54 51 60
65 52 67
67 52 53
67 53 68
68 53 55
54 60 69
69 56 54
68 55 70
70 55 56
70 56 69
10 11 71
58 10 71
60 72 69
58 71 73
59 58 73
59 73 74
60 59 74
60 74 72
11 14 75
71 11 75
15 12 77
12 76 77
14 15 78
75 14 78
78 15 77
66 65 85
85 65 67
84 66 86
86 66 85
85 67 87
87 67 68
87 68 88
88 68 70
88 70 89
89 70 69
89 69 72
72 90 89
71 75 91
73 71 91
74 92 72
92 90 72
73 91 93
74 73 93
74 93 92
75 78 94
91 75 94
76 79 95
76 95 77
78 77 96
94 78 96
96 77 95
79 80 97
95 79 97
97 80 98
80 81 99
99 98 80
100 82 83
100 83 101
83 102 101
103 84 104
104 84 86
86 85 105
105 85 87
104 86 106
106 86 105
105 87 107
107 87 88
107 88 108
108 88 89
108 89 109
90 109 89
90 110 109
92 111 90
90 111 110
91 94 112
93 91 112
112 113 93
113 111 92
113 92 93
114 112 94
94 96 114
95 97 115
95 115 96
96 115 114
97 98 116
115 97 116
99 117 98
98 117 116
118 100 119
101 119 100
101 102 120
101 120 119
102 121 120
122 103 123
123 103 104
123 104 124
124 104 106
106 105 125
125 105 107
124 106 126
126 106 125
125 107 127
127 107 108
110 128 109
128 127 108
108 109 128
111 129 110
129 128 110
131 130 129
113 131 111
131 129 111
114 132 112
132 131 113
112 132 113
116 133 115
133 132 114
133 114 115
117 134 116
116 134 133
135 118 136
136 118 119
136 119 137
137 119 120
120 121 138
120 138 137
121 139 138
139 122 140
140 122 123
140 123 141
141 123 124
141 124 142
142 124 126
143 141 142
126 125 145
145 125 127
142 126 146
146 126 145
128 147 127
127 147 145
129 130 148
129 148 128
128 148 147
130 149 148
131 150 130
130 150 149
134 151 133
133 151 132
151 150 131
132 151 131
144 135 152
135 136 152
153 152 136
136 137 153
138 154 137
153 137 154
138 139 155
138 155 154
139 140 156
155 139 156
156 140 157
157 140 141
157 141 143
143 142 158
158 142 146
157 143 159
158 159 143
158 146 160
161 144 152
146 145 162
162 145 147
162 164 146
164 163 160
164 160 146
147 148 165
165 162 147
149 166 148
166 165 148
150 167 149
149 167 166
151 168 150
150 168 167
169 161 152
169 152 153
170 169 153
154 170 153
154 155 171
154 171 170
155 156 172
171 155 172
156 157 173
172 156 173
173 157 174
174 157 159
174 159 175
175 159 158
175 158 160
176 177 163
177 160 163
177 178 160
160 178 175
179 161 169
165 180 162
162 180 164
164 180 163
176 163 180
166 181 165
165 181 180
182 176 180
167 183 166
166 183 181
168 184 167
167 184 183
185 179 169
185 169 170
182 186 176
187 185 170
187 170 171
188 187 171
171 172 188
172 173 188
173 174 189
188 173 189
189 174 190
190 174 175
190 175 178
186 191 176
176 191 177
191 192 177
177 192 178
192 193 178
178 193 190
194 179 185
181 183 195
181 195 180
180 195 182
196 186 182
195 196 182
184 197 183
183 197 195
184 198 197
199 194 185
199 185 187
196 200 186
200 201 186
186 201 191
202 199 187
202 187 188
203 202 188
189 203 188
204 203 189
189 190 204
204 190 193
201 205 191
191 205 192
192 205 206
192 206 193
193 206 207
193 207 204
208 194 199
197 209 195
195 209 196
210 200 196
210 196 209
211 200 210
197 198 213
197 213 209
198 214 213
215 208 199
215 199 202
212 216 211
211 216 200
200 216 201
216 217 201
201 217 205
218 215 202
218 202 203
219 218 203
219 203 204
219 204 220
204 207 220
205 217 221
205 221 206
206 221 222
206 222 207
207 222 220
223 208 215
209 213 224
209 224 210
226 211 210
226 210 224
225 212 227
227 212 211
227 211 226
213 214 229
213 229 224
214 230 229
234 223 215
234 215 218
216 235 217
217 235 236
217 236 221
237 234 218
237 218 219
237 219 238
222 238 220
238 219 220
221 236 239
221 239 222
222 239 240
222 240 238
241 223 234
224 229 243
226 224 243
228 225 244
244 225 227
244 227 245
245 227 226
245 226 243
231 228 246
246 228 244
229 230 247
229 247 243
230 248 247
232 231 249
249 231 246
233 232 250
250 232 249
242 233 251
251 233 250
253 241 234
253 234 237
235 254 236
236 254 255
236 255 239
256 253 237
256 237 238
256 238 240
239 255 257
239 257 240
257 256 240
258 241 253
260 259 261
242 251 262
252 242 263
263 242 262
264 252 263
243 247 265
243 265 245
246 244 266
266 244 245
266 245 265
249 246 267
267 246 266
247 248 268
247 268 265
248 269 268
250 249 270
270 249 267
251 250 271
271 250 270
262 251 272
251 271 272
273 252 264
273 264 274
276 258 253
276 253 256
254 277 278
254 278 255
255 278 279
257 255 279
280 276 256
280 256 257
280 257 279
284 258 276
259 286 287
261 259 287
287 286 288
260 261 290
285 260 291
291 260 290
291 290 292
261 287 293
290 261 294
261 293 294
263 262 299
299 262 272
264 263 300
274 264 300
300 263 299
301 274 300
265 268 302
265 302 266
267 266 303
303 266 302
270 267 304
304 267 303
268 269 305
268 305 302
269 306 305
271 270 307
307 270 304
299 272 308
308 272 271
271 307 308
297 273 309
309 273 274
309 274 310
310 274 301
275 311 312
281 275 313
313 275 312
316 284 276
316 276 280
277 314 317
278 277 317
278 317 318
278 318 279
319 316 280
318 319 279
319 280 279
282 281 324
324 281 313
283 282 325
325 282 324
322 283 326
326 283 325
327 284 316
328 285 329
329 285 291
286 289 330
286 330 288
287 288 331
287 331 293
331 288 332
288 330 332
289 295 333
330 289 333
293 331 334
292 290 335
335 290 294
292 335 336
329 291 337
337 291 292
337 292 338
338 292 336
294 293 339
293 334 339
335 294 340
340 294 339
339 334 341
295 296 342
295 342 333
342 296 343
296 344 346
296 346 343
346 344 347
298 297 348
348 297 309
345 298 349
349 298 348
300 299 350
350 299 308
301 300 351
300 350 351
310 301 352
352 301 351
302 305 353
302 353 303
304 303 353
353 354 304
307 304 354
305 306 355
305 355 353
306 356 355
350 308 357
307 354 357
307 357 308
354 358 357
348 309 359
359 309 310
359 310 352
311 328 364
312 311 364
313 312 365
312 364 366
365 312 366
324 313 367
367 313 365
314 315 368
317 314 368
315 320 369
368 315 369
370 327 316
370 316 319
317 368 371
318 317 371
372 370 319
372 319 318
318 371 372
320 321 373
369 320 373
321 323 374
373 321 374
323 322 375
374 323 375
375 322 326
325 324 376
376 324 367
326 325 377
377 325 376
375 326 378
378 326 377
379 327 370
364 328 380
328 329 380
380 329 381
329 337 381
330 333 382
330 382 332
331 332 383
334 331 383
383 332 384
384 332 382
382 333 385
333 342 386
333 386 385
334 383 387
334 387 341
336 335 388
388 335 340
338 336 389
336 388 389
381 337 390
337 338 390
390 338 391
338 389 391
388 340 392
340 339 392
339 341 392
341 387 393
392 341 393
342 343 394
386 342 394
394 343 395
343 346 395
344 345 396
344 396 347
396 345 397
345 349 397
346 347 398
346 398 395
398 347 399
347 396 399
349 348 400
400 348 359
349 400 401
401 397 349
351 350 402
350 357 402
352 351 403
351 402 403
404 352 403
359 352 405
405 352 404
353 355 406
353 406 354
354 406 358
356 360 407
355 356 407
355 407 406
406 408 358
358 408 357
357 408 402
400 359 409
409 359 405
360 361 410
407 360 410
361 362 412
410 361 412
362 363 413
412 362 413
413 363 411
363 414 411
364 380 415
366 364 415
367 365 416
365 366 417
416 365 417
366 415 418
417 366 418
376 367 419
419 367 416
419 416 420
368 369 421
371 368 421
369 373 422
421 369 422
423 379 370
423 370 372
424 423 372
371 421 424
371 424 372
373 374 425
422 373 425
374 375 426
425 374 426
426 375 378
377 376 427
427 376 419
378 377 428
428 377 427
426 378 429
429 378 428
430 379 423
415 380 431
431 380 381
431 381 432
432 381 390
382 385 433
382 433 384
383 384 434
387 383 434
434 384 435
384 433 435
385 386 436
433 385 436
386 394 437
386 437 436
387 434 438
387 438 393
389 388 439
388 392 439
391 389 440
389 439 440
432 390 441
441 390 391
441 391 442
442 391 440
393 438 443
439 392 444
444 392 393
444 393 443
411 414 445
394 395 446
437 394 446
446 395 447
398 447 395
396 397 448
396 448 399
448 397 401
398 399 449
398 449 447
449 399 448
400 409 450
450 401 400
448 401 451
451 401 450
408 452 402
452 404 403
403 402 452
409 405 453
453 405 404
453 404 452
407 410 454
406 407 454
406 454 408
408 454 455
408 455 452
450 409 456
409 453 456
410 412 457
454 410 457
413 411 459
411 445 459
459 445 458
412 413 460
457 412 460
460 413 459
414 462 445
445 462 461
415 431 463
418 415 463
418 463 464
416 417 465
420 416 465
417 418 466
465 417 466
466 418 464
427 419 467
467 419 420
467 420 468
420 465 468
422 425 469
470 424 421
421 422 470
469 470 422
471 430 423
471 423 424
470 471 424
425 426 472
472 426 429
469 425 472
472 473 469
428 427 474
474 427 467
429 428 475
475 428 474
472 429 476
476 429 475
477 430 471
463 431 478
478 431 432
478 432 479
479 432 441
433 436 480
433 480 435
434 435 481
438 434 481
481 435 480
480 436 482
436 437 482
437 446 483
437 483 482
438 481 484
438 484 443
440 439 485
439 444 485
442 440 485
479 441 486
486 441 442
486 442 485
443 484 487
485 444 488
444 443 488
443 487 488
445 461 489
445 489 458
489 461 490
446 447 491
483 446 491
447 449 492
447 492 491
448 451 493
448 493 449
492 449 493
493 451 494
451 450 495
494 451 495
495 450 456
452 455 496
452 496 453
453 496 456
454 457 497
454 497 455
455 497 496
495 456 498
498 456 496
458 489 499
457 460 500
497 457 500
459 458 501
458 499 501
460 459 502
500 460 502
502 459 501
461 504 490
490 504 503
462 505 461
461 505 504
463 478 506
464 463 506
466 464 507
464 506 507
465 466 508
465 508 468
508 466 507
474 467 509
509 467 468
509 468 508
510 470 469
510 469 473
511 477 471
511 471 470
510 511 470
512 473 472
512 472 476
512 513 473
513 510 473
514 475 474
514 474 509
514 515 475
512 476 515
476 475 515
516 477 511
506 478 517
517 478 479
517 479 518
518 479 519
479 486 519
480 482 520
480 520 481
484 481 521
481 520 521
483 491 522
520 482 523
483 522 523
523 482 483
484 521 524
484 524 487
519 486 525
486 485 525
525 485 488
487 524 526
525 488 527
487 526 527
527 488 487
489 490 528
499 489 528
490 503 529
528 490 529
491 492 530
491 530 522
493 494 531
493 531 492
530 492 531
531 494 532
522 530 534
522 534 533
494 495 535
532 494 535
535 495 498
497 500 536
497 536 496
496 536 498
535 498 536
499 528 537
499 537 501
500 502 538
536 500 538
502 501 539
538 502 539
539 501 537
503 540 529
504 541 503
503 541 540
505 542 504
504 542 541
506 517 543
506 543 507
544 508 507
544 507 543
544 545 508
508 545 509
545 514 509
546 516 511
546 511 510
546 510 513
547 546 513
547 513 512
547 512 515
548 515 514
548 514 545
548 549 515
549 547 515
550 516 546
543 517 551
551 517 518
551 518 552
518 519 553
552 518 553
519 525 553
520 523 554
520 554 521
524 521 554
554 523 555
523 522 555
522 533 555
524 554 556
524 556 526
557 553 525
557 525 527
557 527 526
557 526 556
558 555 533
540 559 529
528 529 559
537 528 559
540 560 559
559 561 537
531 532 562
530 531 562
534 530 562
562 532 563
532 535 564
563 532 564
533 534 565
562 565 534
533 565 558
536 538 566
536 566 535
564 535 566
539 537 567
567 537 561
538 539 568
538 568 566
568 539 567
541 569 540
540 569 560
542 570 541
541 570 569
543 551 571
571 544 543
572 544 571
573 545 544
573 544 572
573 574 545
545 574 548
575 550 546
575 546 547
575 547 549
576 575 549
576 549 548
576 548 574
577 550 575
578 571 551
553 578 552
551 552 578
579 578 553
579 553 557
554 555 580
554 580 556
580 555 558
556 580 581
556 581 557
582 579 557
582 557 581
558 565 583
580 558 584
584 558 583
559 560 585
559 585 561
569 586 560
560 586 585
561 585 587
561 587 567
562 563 588
562 588 565
588 563 589
566 589 564
589 563 564
565 588 590
565 590 583
566 568 591
566 591 589
568 567 592
587 592 567
591 568 592
569 593 586
570 594 569
569 594 593
578 595 571
595 572 571
595 596 572
596 573 572
597 574 573
597 573 596
597 598 574
598 576 574
599 577 575
599 575 576
599 576 598
600 577 599
601 595 578
601 578 579
601 579 602
602 579 582
603 602 582
584 603 580
580 603 581
603 582 581
583 590 604
605 603 584
604 605 583
605 584 583
586 606 585
587 585 606
586 593 607
586 607 606
606 608 587
587 608 592
589 591 609
588 589 609
609 604 590
590 588 609
608 610 592
592 610 591
610 609 591
593 611 607
594 612 593
593 612 611
613 595 601
613 614 595
614 597 596
595 614 596
615 599 598
615 598 597
615 597 614
616 600 599
616 599 615
617 600 616
613 601 618
603 618 602
601 602 618
619 613 618
620 618 603
620 603 605
609 621 604
604 621 605
620 605 622
605 621 622
607 611 623
607 623 624
606 607 624
606 624 608
624 625 608
608 625 610
610 625 626
610 626 609
609 626 621
611 628 623
623 628 627
612 629 611
611 629 628
630 615 614
630 614 613
630 613 619
631 617 616
631 616 632
632 616 615
632 615 630
633 617 631
634 619 618
634 618 620
635 630 619
635 619 634
636 634 620
636 620 622
626 637 621
621 637 622
636 622 637
623 627 638
624 623 638
624 638 625
625 638 639
625 639 626
626 639 640
626 640 637
627 641 638
628 642 627
627 642 641
629 643 628
628 643 642
644 632 630
644 630 635
645 644 635
646 633 631
646 631 647
647 631 632
647 632 644
648 633 646
645 635 649
649 635 634
649 634 636
645 649 650
651 649 636
637 640 651
651 636 637
641 652 638
638 652 639
652 653 639
653 651 640
640 639 653
641 654 652
642 655 641
641 655 654
643 656 642
642 656 655
657 648 646
658 647 644
658 644 645
658 645 650
657 646 659
659 646 647
659 647 658
660 648 657
661 658 650
661 650 662
662 650 649
651 662 649
653 663 651
651 663 662
652 654 664
652 664 653
653 664 663
654 665 664
655 666 654
654 666 665
656 667 655
655 667 666
668 660 657
668 657 669
669 657 659
669 659 670
670 659 658
670 658 661
671 660 668
672 670 661
672 661 673
661 662 673
663 673 662
664 674 663
674 673 663
665 675 664
664 675 674
666 676 665
665 676 675
667 677 666
666 677 676
678 671 668
678 668 679
679 668 669
679 669 680
680 669 670
680 670 672
683 671 678
682 683 678
680 672 684
673 685 672
684 672 685
675 686 674
674 686 673
673 686 685
675 687 686
676 688 675
675 688 687
677 689 676
676 689 688
682 678 690
681 682 690
690 678 679
690 679 691
679 680 691
691 680 684
681 690 692
693 681 692
694 682 681
693 694 681
695 683 682
694 695 682
691 684 696
684 685 697
697 696 684
686 687 698
686 698 685
685 698 697
687 699 698
688 700 687
687 700 699
689 701 688
688 701 700
690 691 702
702 692 690
703 702 691
691 696 703
704 693 692
702 704 692
705 694 693
704 705 693
706 695 694
705 706 694
707 697 698
708 703 696
697 708 696
707 709 697
709 708 697
699 710 698
710 707 698
700 711 699
699 711 710
701 712 700
700 712 711
713 704 702
713 702 703
708 713 703
714 705 704
713 714 704
715 706 705
714 715 705
716 713 708
710 717 707
707 717 709
717 718 709
718 716 708
709 718 708
711 719 710
710 719 717
712 720 711
720 719 711
721 714 713
716 721 713
722 715 714
721 722 714
723 721 716
718 723 716
719 724 717
724 723 718
717 724 718
720 725 719
719 725 724
726 722 721
723 726 721
725 727 724
727 726 723
724 727 723
