Nodes
 727
0.0 0.0
0.0 0.0
0.0 0.0
0.0 0.0
0.0 0.0
0.0 0.0
0.0 0.0
0.0 0.0
0.0 0.0
0.0 0.0
0.0 0.0
0.0 0.0
0.0 0.0
0.0 0.0
0.0 0.0
9.6786604636087e-09 3.8509785899863896e-09
7.984084818086307e-09 4.2715012178991445e-09
4.681574547146862e-09 3.161592539857935e-09
4.179319393322786e-09 1.925919298179416e-09
7.549568802554527e-09 4.005856162786393e-09
1.0588169260363813e-08 6.187085451586789e-09
1.1005893943977193e-08 8.408312440571457e-09
8.308744482202244e-09 8.479505566031476e-09
3.82733129461581e-09 5.0091935447338035e-09
2.4438362843992047e-09 8.360108943652203e-10
7.721961948118407e-09 8.794070129541498e-09
1.268231410106524e-08 1.3308706743067469e-08
1.1875518485380872e-08 1.6301774938316937e-08
7.934727920254936e-09 2.21521613308873e-09
6.298257952313588e-09 1.2609872211265273e-08
1.3320505005563467e-09 5.839283425669894e-09
1.0168244584795582e-08 1.8511452816659843e-08
1.5859344738009524e-08 2.6769712916084282e-08
9.960771121227508e-09 2.274770742477708e-08
5.748921182387063e-09 1.3687544777277166e-09
-2.2382984960459645e-09 4.834903061553854e-09
1.863520620531788e-09 1.4358853756589172e-08
2.0286067586832538e-08 4.084594462419409e-08
1.581194429950506e-08 3.5960085753068455e-08
7.794474136385553e-09 2.6261800915138664e-08
2.9726051915162452e-09 7.564914599298724e-10
-5.391491679482796e-09 1.2995206250363373e-09
4.915747842876009e-08 6.455518161563275e-08
-3.777116100042346e-09 8.334788060943036e-09
1.488195379816318e-09 1.7395767489989397e-08
2.7149291022202293e-08 4.794995972272742e-08
1.5276626873856775e-08 3.5148475864018486e-08
7.780467022806106e-09 2.4404288767568773e-08
9.346667287389285e-09 1.881073128800065e-09
-7.3148924332689545e-09 -3.489661371781338e-09
-8.144383517988698e-09 -6.868085797989182e-10
8.757093991145592e-08 8.499163302393191e-08
5.161225509937696e-08 5.724889748804324e-08
-1.7674615439195007e-09 9.343005330547639e-09
2.3369845020663303e-08 3.561838898265478e-08
1.0043501762929159e-08 1.7830104133506367e-08
8.614249857788042e-09 1.9490323312893625e-09
-7.443543323769443e-09 -8.828618883971736e-09
-1.0348984335855195e-08 -1.174383493936906e-08
-6.832323109837293e-09 -7.790083063113044e-09
6.864147236532449e-09 1.936920628329097e-09
4.21521551840813e-09 1.5244428292322926e-09
7.843914849012463e-09 2.0095804561982535e-09
9.602709015474994e-09 2.8136256583992327e-09
1.3658792534804684e-07 1.012347006106793e-07
1.967312363766111e-07 1.1222639662886722e-07
9.007975811720745e-08 6.677266045330933e-08
5.191557413831674e-08 3.932894901821252e-08
4.486209178442642e-09 1.180696378789251e-09
2.5141762425722096e-08 1.6950545066090604e-08
-5.1688571532945146e-09 -1.3675831792813174e-08
-8.990719023247936e-10 -1.9903070527745306e-08
-9.678710391533006e-09 -2.317416189797747e-08
-9.361243866900957e-09 -2.537312749776806e-08
-3.920001539268793e-10 -1.578605761974632e-08
1.5570788840132854e-08 -1.960230364549393e-08
9.567049358048878e-09 -1.2658719334601075e-08
5.088643235639347e-09 -1.4711160752469848e-08
1.6428999860062386e-08 -1.8888715738867422e-08
5.268191854858182e-09 -1.1365739996587435e-08
-8.271913008568584e-09 -5.4927243492926396e-09
5.216237721505931e-07 4.355746204688513e-07
5.215897658686641e-07 3.498847690201737e-07
2.6745347268379003e-07 1.1670112442050807e-07
1.4094157166759288e-07 7.225190625778714e-08
2.0298586635594257e-07 7.226113581848342e-08
9.323485588437871e-08 3.949071803433359e-08
5.4251815767671915e-08 1.2570518260631006e-08
2.2268838838333377e-08 -1.0864710064321032e-08
8.580760678503782e-09 -3.805325004379477e-08
-5.2271901335941436e-09 -3.2465993967177525e-08
-5.115053383188391e-09 -4.3150535819206037e-08
-8.717992515304646e-09 -4.2852642567809395e-08
3.2486731919161528e-09 -3.425260298300832e-08
1.6760373704340393e-08 -2.3820526339163427e-08
1.1322655127926699e-08 -2.8562051799415926e-08
1.1926459796014175e-08 -2.4077595925823958e-08
6.206675316021733e-10 -2.3139455302783172e-08
-8.29195557380162e-09 -1.730465764983561e-08
6.113954084173053e-07 3.974979560057184e-07
5.763234803545425e-07 3.052083285544119e-07
5.211522933952753e-07 2.644920649155176e-07
3.473996349860668e-07 1.1383890254556854e-07
2.7526268314261164e-07 6.638622278624163e-08
1.4659745196891217e-07 3.5519547186520964e-08
2.1184144736049262e-07 2.6459028714419528e-08
9.730764326071698e-08 5.0969294913556135e-09
5.649653676439785e-08 -1.983389214324117e-08
2.989494362285438e-08 -3.6294010843835144e-08
2.029089627488016e-08 -5.570960882706907e-08
2.5491976891018135e-09 -6.467517022460263e-08
-3.545524410153617e-09 -5.596881106689474e-08
-6.30210493507262e-09 -6.761576459669632e-08
7.066005573247344e-09 -5.2482709468042756e-08
1.3567497111881445e-08 -3.7771517550816854e-08
4.485080045430733e-09 -3.6548785275585584e-08
-1.0941035280782308e-08 -3.0202840080456594e-08
7.119458888649477e-07 3.5476553025012897e-07
6.490401361104401e-07 2.984403409327661e-07
5.902158841592526e-07 2.333828058613369e-07
5.196955361784633e-07 1.789440986930705e-07
4.3423945037290855e-07 1.0357997017015047e-07
3.550577869136439e-07 5.456583443996781e-08
2.866325540335677e-07 1.3271437720681938e-08
1.5391650505009146e-07 -7.464314595771646e-09
2.2453169341038512e-07 -2.4554372877921058e-08
1.002844655100544e-07 -3.5788642157739963e-08
5.093799327111158e-08 -5.913466682208902e-08
1.965864951764494e-08 -8.372305205849877e-08
1.867146626618137e-08 -1.1335408588353554e-07
-2.7006919660746177e-09 -9.827909703427083e-08
-3.482368216704955e-09 -8.36756946860363e-08
7.4289683279303305e-09 -6.55179357123709e-08
-1.4623146376762482e-08 -5.28725160411109e-08
8.117687910873954e-07 3.118043001161578e-07
7.315582783141257e-07 2.5907599851193173e-07
6.61505053606595e-07 2.0618895434106548e-07
5.933447525419482e-07 1.460486440444746e-07
5.167655559818568e-07 8.854501279259127e-08
4.3615550833777373e-07 3.6259819861657157e-08
3.672122182496877e-07 -4.908111768991701e-09
3.0437376448911697e-07 -3.879033041773762e-08
3.708272150529815e-07 -5.3893340362760045e-08
9.098291916597635e-07 2.696604376065404e-07
1.626349138637798e-07 -5.703890653738714e-08
2.447544201270803e-07 -8.921405575649997e-08
1.0230486650468721e-07 -8.079061229948714e-08
5.264428918033306e-08 -1.0864327269882967e-07
3.25536001333486e-08 -1.387305162513908e-07
6.777936159332529e-09 -1.3505733289999448e-07
-1.0594054217676629e-08 -1.159389705635318e-07
8.229814138064512e-07 2.1256394507980232e-07
7.444074003092085e-07 1.599742080395308e-07
6.697794336650161e-07 1.0734932879530849e-07
5.948601909805654e-07 6.028616193550524e-08
5.198738918796808e-07 1.1647114340885964e-08
4.4192030628522503e-07 -3.981117884496398e-08
3.4109265611152093e-07 -9.587040193068389e-08
4.0377852881118354e-07 -8.920567809560343e-08
3.1653730937066673e-07 -1.5354808733152149e-07
9.094597552172183e-07 1.6703927247323625e-07
1.6992043294369625e-07 -1.1201996442077003e-07
2.735599213878203e-07 -1.9856929723687253e-07
2.3829619178442547e-07 -1.487231885964411e-07
1.1592292200457765e-07 -1.3502256079724369e-07
6.929957068932991e-08 -1.5780045132453005e-07
3.292365480227007e-08 -1.8047258645667113e-07
7.080159115035118e-09 -1.8704661108743464e-07
8.284662091744702e-07 1.1184936717139733e-07
7.495432435817814e-07 6.044060271646646e-08
6.722010864614838e-07 1.389334184734845e-08
5.909404556285262e-07 -7.2915835376731995e-09
5.403786069670592e-07 -6.271599982104488e-08
4.679140336974179e-07 -1.0803432546888472e-07
4.0407734548871557e-07 -1.3869114632516518e-07
2.7986332487280557e-07 -2.6147634016726565e-07
3.406232857445114e-07 -2.3394196033698383e-07
4.037956146776691e-07 -2.030042628310248e-07
9.091225049905989e-07 6.627951806183278e-08
1.9593262348624974e-07 -1.9819802792838305e-07
1.1882634001733756e-07 -1.9570424721562466e-07
2.2862952519258117e-07 -2.911370726577252e-07
7.617002211218311e-08 -2.277942780610406e-07
1.7734990631639857e-08 -2.5309238076813866e-07
8.290908788966667e-07 1.5194292144880377e-08
2.924880208186939e-07 -3.46009000174998e-07
7.450750878843382e-07 -3.248258456621572e-08
6.446164834317648e-07 -7.42932252787358e-08
5.640747431143734e-07 -1.3412545925620636e-07
4.835248883947636e-07 -1.7436043314741832e-07
3.5558998594396996e-07 -3.1467921221375105e-07
4.179115874895542e-07 -2.8000106351897884e-07
4.847921814067913e-07 -2.417993341515624e-07
9.101053054387908e-07 -3.2069637501926686e-08
1.539686237722538e-07 -2.8216138700309213e-07
2.2263011165894362e-07 -3.7916928351711115e-07
7.63024246239106e-08 -3.3574864310606756e-07
-2.1451836699892703e-08 -4.08075800247201e-07
8.29864116755728e-07 -7.959699302679022e-08
3.043756808818854e-07 -4.4401435145906393e-07
3.7050550168221123e-07 -4.057379616063051e-07
7.442024841185276e-07 -1.2464197603470027e-07
6.58098115785211e-07 -1.7060937652006502e-07
5.737964508748776e-07 -2.2185667517540868e-07
4.313453170353542e-07 -3.656186250516196e-07
4.948776670842556e-07 -3.245377116737844e-07
5.481180082653247e-07 -2.8773532598419965e-07
9.139260572481266e-07 -1.2866341139685572e-07
1.445688535797685e-07 -4.075675439138648e-07
2.274563202169432e-07 -4.866561919444651e-07
3.1404207724818525e-07 -5.518374755094077e-07
4.0765763625858093e-07 -6.133569702625513e-07
5.795614214486408e-08 -4.722207150901197e-07
-4.2480797433439914e-08 -5.414748153785966e-07
8.344921345828321e-07 -1.7387719063945282e-07
3.8790144713652285e-07 -5.045650600572258e-07
4.4380169880383983e-07 -4.5873914470736463e-07
7.520010678742847e-07 -2.1709422453631094e-07
6.720435822108062e-07 -2.5372910529065e-07
6.093544509009698e-07 -2.9216519235546085e-07
5.09046181315204e-07 -4.111742790029881e-07
5.816062977716162e-07 -3.598744340490135e-07
9.216015909209649e-07 -2.253183639433965e-07
1.4103364106992938e-07 -5.411168913513003e-07
4.189871850130029e-07 -7.484513703894752e-07
2.28401779392598e-07 -6.101348019449478e-07
3.20872989440616e-07 -6.782533636133976e-07
4.223805875467606e-07 -8.800834019837433e-07
4.62407480610234e-08 -6.039375723775196e-07
-5.848315444169746e-08 -6.733732576925775e-07
4.2119420263957364e-07 -9.884993891649842e-07
4.180974250928675e-07 -1.0741086239279308e-06
4.141215686901312e-07 -1.1413735164878394e-06
8.422884662851967e-07 -2.7005950159589966e-07
4.545760190309527e-07 -5.531714017219865e-07
5.192561868222966e-07 -5.057280062988141e-07
7.603124396312067e-07 -3.135531824610623e-07
6.7236314599313e-07 -3.3999812639779807e-07
5.906541219598535e-07 -4.549469592664977e-07
6.518829261795384e-07 -4.143201911775044e-07
9.333021195042089e-07 -3.2457016247663365e-07
4.095371064964166e-07 -1.1943051983205858e-06
1.3511280071785565e-07 -6.728215368883107e-07
3.2832993241033637e-07 -8.099225046181188e-07
2.2926298393423943e-07 -7.442733971573972e-07
3.372806722036785e-07 -9.310371914708222e-07
3.4636748572359955e-08 -7.382006163540769e-07
-7.112466581798846e-08 -8.079303660917212e-07
3.5607297474075903e-07 -1.0301635804841479e-06
3.7015403873945484e-07 -1.1046619575196996e-06
3.7401812676288207e-07 -1.1564227261513588e-06
4.115735669853049e-07 -1.2372810408233375e-06
8.504118633846139e-07 -3.7096226081586285e-07
5.314734212364654e-07 -6.081983742840221e-07
6.055012610763727e-07 -5.553075401195226e-07
7.523829817397016e-07 -4.1751018189935555e-07
6.834122400948134e-07 -4.948363451276337e-07
9.48271707709003e-07 -4.2905837916721225e-07
5.288061988511442e-07 -1.423714644827429e-06
5.338311209136095e-07 -1.422755338559766e-06
5.318164334890637e-07 -1.4303977464459304e-06
3.6308436711785633e-07 -1.193397475401235e-06
3.759946528593111e-07 -1.2237116008916656e-06
3.847010588506878e-07 -1.2538550472691022e-06
1.276542593505646e-07 -8.097404762023813e-07
2.2860343244306706e-07 -8.893379289708648e-07
2.7319109163786326e-07 -9.943306836000483e-07
2.4341313387387593e-08 -8.755345631959236e-07
-7.973992365779402e-08 -9.452316035877555e-07
3.0301077903972487e-07 -1.0804050540282295e-06
3.267277071889525e-07 -1.1412648634701457e-06
3.393326111969834e-07 -1.1785060076320264e-06
4.1230213572014066e-07 -1.2725219091334895e-06
3.742442250953508e-07 -1.2803982922339774e-06
5.465567562541373e-07 -1.3679881503094257e-06
8.627625691588845e-07 -4.786249613780384e-07
5.235286182937277e-07 -7.28509783868925e-07
6.143415920608351e-07 -6.65501353524292e-07
6.95753910000923e-07 -6.042250819750944e-07
7.805817780006759e-07 -5.316280769809868e-07
5.452135838660735e-07 -1.3525726304644517e-06
5.44091002129121e-07 -1.3355915547393054e-06
5.407374931975056e-07 -1.3043446234651944e-06
9.651480938064575e-07 -5.409130051427183e-07
5.39469722362197e-07 -1.4147889728483099e-06
5.231880402886911e-07 -1.4242258638921162e-06
5.269645526129213e-07 -1.431152281910639e-06
5.218470460649108e-07 -1.4324039653962491e-06
5.135591524612075e-07 -1.4201568740568338e-06
5.378628924583991e-07 -1.4310500312342352e-06
5.422136390213847e-07 -1.4253550733026435e-06
5.440668182431344e-07 -1.4349535861678877e-06
5.294967663920896e-07 -1.4375375100472269e-06
5.345238024622178e-07 -1.4374930588224516e-06
5.013884649553528e-07 -1.4146006692661693e-06
4.874831628670546e-07 -1.407666416769539e-06
4.206318277960918e-07 -1.308258845724295e-06
4.3360571804645193e-07 -1.3408559305267134e-06
3.391407587869821e-07 -1.212471351990097e-06
3.494537124006822e-07 -1.2542108495435657e-06
3.467436351972806e-07 -1.286009559177752e-06
1.1277780489675216e-07 -9.438820524581712e-07
1.9425808506065342e-07 -9.96686932860425e-07
2.2433281014196558e-07 -1.0708474454362339e-06
1.885747333296771e-08 -1.0111700225198254e-06
-8.390167038829056e-08 -1.0829008316795953e-06
2.692677335203927e-07 -1.1401576356465674e-06
3.0604303915338503e-07 -1.1867085425419527e-06
3.8922682382324844e-07 -1.308040753714959e-06
3.614117237116374e-07 -1.3043392930400251e-06
5.45794475869085e-07 -1.3878836355908088e-06
5.61683009223902e-07 -1.3822712401185568e-06
5.618263095613639e-07 -1.3636100715853931e-06
5.21399760744552e-07 -8.535194657270079e-07
5.227054013180181e-07 -9.728558737927815e-07
8.803958407503182e-07 -5.94436977809717e-07
6.129340401550206e-07 -7.873953098831505e-07
7.061192075794477e-07 -7.243245446656036e-07
7.943078911967758e-07 -6.56992819692997e-07
5.25873554829585e-07 -1.0728419763298356e-06
5.296784796916428e-07 -1.1523798197715588e-06
5.372559263051601e-07 -1.2649724201313266e-06
5.335516721903841e-07 -1.2152567898904096e-06
5.644386908311643e-07 -1.3452285991777932e-06
5.65786567923339e-07 -1.3198316445652309e-06
5.704264383656969e-07 -1.285314606957911e-06
9.820410870792676e-07 -6.609248495040873e-07
5.456722847958438e-07 -1.4051132302830954e-06
5.491018016795134e-07 -1.4201667164167562e-06
5.155106577364739e-07 -1.4300165944321248e-06
5.240564614190641e-07 -1.4379110722990693e-06
5.177070419695176e-07 -1.4386089009151094e-06
5.036699905115677e-07 -1.4298290304579074e-06
5.270821941537223e-07 -1.444711889159239e-06
5.400372576229266e-07 -1.4392914016042256e-06
5.446252579724898e-07 -1.441856381780074e-06
5.504324015198078e-07 -1.4316432298948e-06
5.495922374528946e-07 -1.440751392644848e-06
5.327009565191089e-07 -1.4445411306096655e-06
5.373147616583922e-07 -1.4433253194182389e-06
5.308086949862317e-07 -1.4505508241442989e-06
4.90966002031959e-07 -1.42644525233322e-06
4.788436214727068e-07 -1.4248524212825854e-06
4.710708062087994e-07 -1.3936449233735135e-06
4.5071875633140295e-07 -1.3695467728018162e-06
4.706010452311908e-07 -1.4145006272309103e-06
4.5608894377098377e-07 -1.4108103988820388e-06
4.019813082825575e-07 -1.338947896332767e-06
4.1876158386616567e-07 -1.3637917988193255e-06
3.059156937143875e-07 -1.2364775619873615e-06
3.169320296469094e-07 -1.2776207503475928e-06
3.3213267403445546e-07 -1.314790711011691e-06
1.2791608858032702e-07 -1.0774554011147202e-06
1.9953556161368227e-07 -1.1494403822177333e-06
2.1131335558504984e-08 -1.148714236330463e-06
-8.428576452698922e-08 -1.218083664569212e-06
2.5681046197645155e-07 -1.2108530609722465e-06
2.020555401103684e-07 -1.2138495495281172e-06
3.6346014805405034e-07 -1.3380004700738684e-06
-8.236782172485833e-08 -1.3412044616536549e-06
-7.376006639932083e-08 -1.45713740594667e-06
-5.552136715198931e-08 -1.5680979698897052e-06
-4.083094953350722e-08 -1.6248180687073282e-06
5.602822830152422e-07 -1.3995588671163278e-06
5.790075636985068e-07 -1.3782073225009114e-06
5.764943764966321e-07 -1.3957922553423182e-06
5.823057795224921e-07 -1.3598987587646192e-06
6.0543238389401e-07 -9.099604028268034e-07
6.006186301214234e-07 -1.0143776364097689e-06
8.927270779122549e-07 -7.195462395354137e-07
7.008843438519165e-07 -8.446038357267219e-07
8.013337654270087e-07 -7.831891285823694e-07
5.944915009291026e-07 -1.1074533407419646e-06
5.859086158754448e-07 -1.1822719353701685e-06
5.777370763278294e-07 -1.2401624103675996e-06
5.885319413981853e-07 -1.337449065999491e-06
5.97821075409143e-07 -1.3091110970732205e-06
6.116042738051019e-07 -1.2714146250435826e-06
9.966314567768125e-07 -7.884083080804039e-07
5.593524607652887e-07 -1.4146991887113453e-06
5.59201144041121e-07 -1.4287643985164898e-06
5.094516285449357e-07 -1.4388655013002444e-06
5.211327630322739e-07 -1.4461789620859473e-06
5.138335296691747e-07 -1.4475978282547347e-06
5.012884055953823e-07 -1.441749031476458e-06
4.925863873248424e-07 -1.4378459231987892e-06
5.255656342332747e-07 -1.4534959792904987e-06
5.418051243578737e-07 -1.4466225315743819e-06
5.477657765712869e-07 -1.4477945546853997e-06
5.575832275881784e-07 -1.4404119350245438e-06
5.538994671305872e-07 -1.4488337142838214e-06
5.369492678971404e-07 -1.4516211756656902e-06
5.318737675356101e-07 -1.459158433884934e-06
4.800590605957299e-07 -1.436911253150359e-06
4.678731730581215e-07 -1.4333784059818762e-06
4.465094202506579e-07 -1.39516117173637e-06
4.2771672576006373e-07 -1.3878454094561903e-06
4.551667414925075e-07 -1.4269151726860129e-06
4.438160416124932e-07 -1.4180088739126851e-06
3.826429620631367e-07 -1.3698603518778699e-06
4.007277608304975e-07 -1.3942630708430225e-06
2.7109353551470967e-07 -1.2799825810335915e-06
2.9879838869995434e-07 -1.3079226004617287e-06
3.060718396916886e-07 -1.3377106860374523e-06
3.3028318217617747e-07 -1.3489314329978525e-06
1.2726432567699064e-07 -1.2176868776069848e-06
1.8875498491335578e-08 -1.2798099528650927e-06
2.0484550656176725e-07 -1.2852263432318892e-06
3.452062198018041e-07 -1.3785214710813061e-06
1.343563520008164e-08 -1.3957610018552406e-06
5.060048695722909e-09 -1.638838206904315e-06
6.826470476199394e-09 -1.5027797360260518e-06
9.096817182657053e-09 -1.585427216117812e-06
-2.8104987352974675e-08 -1.6743348194264942e-06
5.738429629515147e-07 -1.4118642174438396e-06
5.970750012150062e-07 -1.3749637021366177e-06
5.943447053046797e-07 -1.3925892561580085e-06
5.898514442931146e-07 -1.409146145559634e-06
6.039652364595929e-07 -1.3555979204379515e-06
6.138530170042325e-07 -1.3722759829586652e-06
6.944637641821916e-07 -9.65175950415243e-07
6.751913540467856e-07 -1.0663167961395093e-06
8.989012314772764e-07 -8.499258629284948e-07
7.971642216644635e-07 -9.114585042183914e-07
6.51690299617996e-07 -1.1560138122229553e-06
6.298602307326705e-07 -1.220731544806437e-06
6.168312354925195e-07 -1.3346763607129723e-06
6.347394040447415e-07 -1.3056601020542969e-06
6.588188327869675e-07 -1.266658487975193e-06
1.0073304743299628e-06 -9.210093450937358e-07
5.71666129448669e-07 -1.4267645697286855e-06
5.690726576903571e-07 -1.4403331524171715e-06
5.055058569226842e-07 -1.4494572830510382e-06
5.184958163320179e-07 -1.4565539935353113e-06
5.106111311246927e-07 -1.4563868738291155e-06
4.954563350923685e-07 -1.451803767074063e-06
4.832197713013932e-07 -1.4525836816990701e-06
5.24164224091526e-07 -1.4645433490811379e-06
5.445182871883053e-07 -1.45627793922683e-06
5.506293811474307e-07 -1.4550126991525532e-06
5.638364355856822e-07 -1.452208072286183e-06
5.565838996714887e-07 -1.457583902433403e-06
5.328187187941614e-07 -1.471480764559747e-06
5.398997488500697e-07 -1.4636447757922644e-06
2.6710686997944674e-08 -1.6814628079803845e-06
4.689472093567625e-07 -1.4522302199131846e-06
4.5307781349825923e-07 -1.4473045623831625e-06
4.2297341673360675e-07 -1.4133576104064675e-06
4.3666479090157187e-07 -1.4365176441992505e-06
3.641828553444507e-07 -1.4067818485615744e-06
3.874237344573141e-07 -1.4309116908754695e-06
2.637900274030221e-07 -1.3402282881814868e-06
3.042037001132185e-07 -1.3745913208791793e-06
1.198203689337554e-07 -1.3495556343624079e-06
2.0657602003410372e-07 -1.3669713855004487e-06
3.2039853249120653e-07 -1.4145820639067365e-06
8.953234322637351e-08 -1.4533875792206153e-06
7.612547386869225e-08 -1.6771077509558e-06
6.34610942431447e-08 -1.6272166565147154e-06
7.616979069942088e-08 -1.5485341006340945e-06
3.460462731673249e-08 -1.736657584339371e-06
-8.531195497904722e-09 -1.7296201761790167e-06
5.860172232133989e-07 -1.4249827132580223e-06
6.005558528109032e-07 -1.421976265688044e-06
6.124391948760673e-07 -1.3897556203594782e-06
6.084440922869723e-07 -1.4089258324694202e-06
6.273053091423599e-07 -1.3598192736306732e-06
6.286089830511893e-07 -1.3810182195662503e-06
7.307451595453261e-07 -1.139935299089426e-06
7.869502860358152e-07 -1.0468533226296912e-06
9.003039998902419e-07 -9.819882405259488e-07
6.972486685458088e-07 -1.2161508447539172e-06
7.583956213400459e-07 -1.2011532237603576e-06
6.495388729110213e-07 -1.341089602497384e-06
6.798745280692666e-07 -1.3123427781325728e-06
7.053549272116415e-07 -1.2759143376470618e-06
1.0138685823677712e-06 -1.0555731321551684e-06
5.832405556656862e-07 -1.4407722107818659e-06
5.764295840269363e-07 -1.4575753800720383e-06
5.021904607341757e-07 -1.4613578612647196e-06
5.130105398521492e-07 -1.4680332067481314e-06
4.899282124121731e-07 -1.467769656569734e-06
4.7438699039910704e-07 -1.4722281728104585e-06
5.234858886395443e-07 -1.477992483563384e-06
5.51220988772674e-07 -1.4659760772133383e-06
5.63484330471008e-07 -1.465822194143164e-06
5.341959361877482e-07 -1.4860293445058663e-06
5.436384169571481e-07 -1.4776721588190155e-06
6.796536393027602e-08 -1.7135765458471364e-06
7.029890905144142e-08 -1.7462795109145486e-06
4.544185354025686e-07 -1.4716360874684477e-06
4.3446600278369114e-07 -1.4635910469044696e-06
4.1116001767240265e-07 -1.4494126350514007e-06
3.77554721024888e-07 -1.4735437721029496e-06
3.462117092414923e-07 -1.4477021270431168e-06
2.5908305574576596e-07 -1.4147984176049893e-06
1.7355564322804935e-07 -1.4375473786298403e-06
3.017531916227775e-07 -1.4587685162220207e-06
1.0401934982801472e-07 -1.6970088859602444e-06
1.5602491622110467e-07 -1.5206955464093374e-06
1.192718684619659e-07 -1.6583285075220391e-06
1.3156131676717625e-07 -1.5987543600807278e-06
7.501648396940028e-08 -1.7726767438721828e-06
4.659946200436362e-08 -1.7719105489831552e-06
7.803634381053629e-09 -1.7761141933617792e-06
6.008106361108677e-07 -1.4383983721606985e-06
6.182214059835311e-07 -1.4284521967677464e-06
6.363317353558702e-07 -1.4060524507376353e-06
6.531948104574096e-07 -1.3767526327181054e-06
8.148191586707771e-07 -1.1589678164168986e-06
9.02254993371462e-07 -1.1084839264867346e-06
7.521429910444031e-07 -1.2595506264121466e-06
7.978506053638975e-07 -1.2315568677634184e-06
6.918720361088308e-07 -1.3594818556932065e-06
7.386835359338247e-07 -1.3239716944138683e-06
1.0168192763927897e-06 -1.189352692424831e-06
5.968662541495396e-07 -1.45726054888089e-06
5.880409569257147e-07 -1.4735087662739207e-06
5.729819869615121e-07 -1.4755963120585684e-06
4.996973975259501e-07 -1.480020656286623e-06
5.138888443059798e-07 -1.483096416205121e-06
4.638102349908569e-07 -1.4994911424029842e-06
4.854529418714902e-07 -1.4903646847339356e-06
5.230611863987404e-07 -1.4952406248490591e-06
5.602290901872504e-07 -1.4861742653632505e-06
5.365205529921159e-07 -1.501323662574494e-06
5.458096970663095e-07 -1.4928265796240137e-06
1.0772689204895222e-07 -1.7303889369218275e-06
9.888732978493889e-08 -1.7602932780363772e-06
4.348448482744567e-07 -1.4954243405344715e-06
4.0670263325196994e-07 -1.4895317017980622e-06
3.7704616341862905e-07 -1.5170283196243772e-06
4.6568873907130706e-07 -1.527519839442914e-06
4.4560253168850813e-07 -1.5215055032752477e-06
3.2685033854867126e-07 -1.50642997901135e-06
2.4997144853151086e-07 -1.5008248567470609e-06
1.4886819714502576e-07 -1.705334655154816e-06
2.1208599384012863e-07 -1.5810483432795043e-06
1.8053619617147157e-07 -1.6479472149261512e-06
1.0427578546263612e-07 -1.7897182987171335e-06
6.52322447581722e-08 -1.8005012061239113e-06
2.178063190883438e-08 -1.8052875196777083e-06
6.205105306869385e-07 -1.4566597000912344e-06
6.55353555885016e-07 -1.4450890688619656e-06
6.866103147676852e-07 -1.412974511025513e-06
8.94022357948501e-07 -1.2398784825633106e-06
8.178253664670608e-07 -1.296687759961245e-06
7.473255801201763e-07 -1.3894115109984427e-06
7.990980374602238e-07 -1.3638379990402828e-06
1.0171851923091357e-06 -1.3202083082525752e-06
6.129440659574542e-07 -1.4764733408220762e-06
5.981399012238017e-07 -1.48765543460302e-06
5.825568706497887e-07 -1.4989788089407059e-06
5.067411653970019e-07 -1.5036397669458446e-06
4.854216155195081e-07 -1.518553587207559e-06
5.293533634832059e-07 -1.517803476530956e-06
5.546506982353104e-07 -1.5130839846232586e-06
4.801966484106675e-07 -1.5499208267015276e-06
1.3701108941110597e-07 -1.762258513403523e-06
1.4042391016020305e-07 -1.8009257845358105e-06
1.831154621116967e-07 -1.7412199361207908e-06
4.163766126567257e-07 -1.5302430062201044e-06
3.8222159086317707e-07 -1.5537034814439258e-06
3.503736264267005e-07 -1.5482673962167629e-06
4.468216295441732e-07 -1.55519252997188e-06
2.999373149733656e-07 -1.5724391035439299e-06
2.1007853451389996e-07 -1.6991008425152826e-06
2.509919073992435e-07 -1.6436022063662134e-06
1.0200463804123812e-07 -1.8378152489071296e-06
3.715709200792151e-08 -1.837529785509078e-06
6.37942773471551e-07 -1.4834771291124555e-06
6.697832778912235e-07 -1.4879002921839611e-06
6.998141950211926e-07 -1.4689868631016703e-06
7.488103394833838e-07 -1.4492455039626202e-06
8.937524499581718e-07 -1.371119953138114e-06
8.192268832972564e-07 -1.4250628531176124e-06
1.0161363606616006e-06 -1.447164268462189e-06
6.121403871645701e-07 -1.507167818655994e-06
5.853587696936195e-07 -1.5282735949038585e-06
5.107738717830077e-07 -1.5413165060014316e-06
5.388724981541905e-07 -1.536300285802922e-06
5.604899763855429e-07 -1.5434693059980478e-06
4.6978222593512775e-07 -1.5893261582750223e-06
4.99998001119229e-07 -1.575487070305047e-06
1.8196290035222444e-07 -1.784204462235231e-06
1.635483857400165e-07 -1.837655979992876e-06
2.2450322613196642e-07 -1.7521316121687915e-06
4.059439653989626e-07 -1.5786821009856733e-06
3.5980383863502497e-07 -1.5947057375989126e-06
4.381327251621704e-07 -1.6000453267732801e-06
3.226826281440744e-07 -1.6486545417945607e-06
2.7192326536362225e-07 -1.7036324583227355e-06
1.465217383403412e-07 -1.8857110676882185e-06
7.383263378949349e-08 -1.8944735403063784e-06
6.577467093689912e-07 -1.5268482098522943e-06
6.963127021919658e-07 -1.510378199805987e-06
7.427500527951191e-07 -1.5073138949373262e-06
7.981010604924384e-07 -1.4902083006420783e-06
8.937336474584974e-07 -1.4999959516543241e-06
1.014984094627969e-06 -1.5703724807039976e-06
6.195894589449117e-07 -1.5533709299287828e-06
5.812794079229746e-07 -1.5618379092296804e-06
5.423052409553538e-07 -1.5782284274289443e-06
4.620231515758045e-07 -1.6290545280713378e-06
5.027169542067336e-07 -1.6258114661132846e-06
2.2043882571118798e-07 -1.8115630766677578e-06
2.068014928876355e-07 -1.8666895638022118e-06
2.785367453853705e-07 -1.771115934894002e-06
4.0278953505943675e-07 -1.6480345830554943e-06
3.433659081830423e-07 -1.7163310562828522e-06
1.8808450255783994e-07 -1.9267235442341644e-06
1.1727339732195134e-07 -1.946080558890234e-06
6.59965370104678e-07 -1.5855429069534555e-06
7.099793462510317e-07 -1.5597437334004312e-06
8.028824997058513e-07 -1.5697769075968725e-06
9.117618505977665e-07 -1.6204284581046063e-06
1.0141778377138105e-06 -1.6872575107509093e-06
5.952207580212846e-07 -1.604602118736743e-06
6.524508756692887e-07 -1.6397268151951008e-06
5.570010643230054e-07 -1.6416108609360575e-06
4.6694998758772825e-07 -1.6746107666390746e-06
5.169511917084065e-07 -1.6744344486410536e-06
2.50141741950203e-07 -1.8988565772251082e-06
2.713068958434899e-07 -1.838692515331475e-06
3.4007593536650394e-07 -1.7964280595770218e-06
4.1946855583606825e-07 -1.7407300452590804e-06
2.872506935338312e-07 -1.9394185703707237e-06
2.3250388639816585e-07 -1.9643298923576033e-06
1.6676913230994784e-07 -1.9915719279576195e-06
7.259972370772928e-07 -1.629079391580835e-06
9.200515720043779e-07 -1.7240324807235044e-06
8.24806631067146e-07 -1.6677899573038657e-06
1.013792558026835e-06 -1.786675304911111e-06
6.122446407149576e-07 -1.6731348694131936e-06
6.797118848618277e-07 -1.6930103030362066e-06
5.598582273012868e-07 -1.7089506168836763e-06
4.97211763393049e-07 -1.730238050217185e-06
3.2302800769802426e-07 -1.8784393754597605e-06
4.065535335056826e-07 -1.832283675134626e-06
4.726819859636045e-07 -1.7889607866001432e-06
3.437957694174467e-07 -1.9564370066616676e-06
2.8680305229086715e-07 -1.9985995558007854e-06
2.2148847210650602e-07 -2.030231643060568e-06
7.539710355516327e-07 -1.715909753203327e-06
6.999868969857237e-07 -1.7500231609644062e-06
9.193349007520191e-07 -1.8172560777362105e-06
8.363518632535426e-07 -1.7629192411342883e-06
1.0052159322385638e-06 -1.8748517824567776e-06
6.300403346237486e-07 -1.750724085088599e-06
6.819731492405543e-07 -1.8008114529605576e-06
5.469693267602704e-07 -1.7941873301633273e-06
4.094988504353855e-07 -1.9099636866709552e-06
4.862558737976618e-07 -1.8567967299810897e-06
4.077533712129e-07 -1.9837433899360344e-06
3.467562524695004e-07 -2.0283808697074397e-06
2.847000063865931e-07 -2.0657281328682545e-06
9.211177630798666e-07 -1.9046890262911398e-06
7.53890060139114e-07 -1.8000602133161694e-06
8.439828940246481e-07 -1.8501429845152812e-06
9.89215230929783e-07 -1.960897367577181e-06
7.006724296180793e-07 -1.8672556920549103e-06
6.25539957002359e-07 -1.8357724250050298e-06
5.576959689961533e-07 -1.883999089440543e-06
4.893770734515654e-07 -1.9518177708610683e-06
4.601274592490261e-07 -2.0275970546330737e-06
4.07673093902099e-07 -2.0613907077022036e-06
3.5061037122617586e-07 -2.102947698834857e-06
9.174792889602545e-07 -1.986655922333532e-06
8.514670863778987e-07 -1.937498154579337e-06
7.764951092734359e-07 -1.895235711461793e-06
9.627713890557106e-07 -2.044114805416599e-06
7.241066610213666e-07 -1.9497391253111344e-06
6.386514520781675e-07 -1.933503068636683e-06
5.664912850878402e-07 -1.9651309638912665e-06
5.343199924516494e-07 -2.038580604247345e-06
4.750583669986062e-07 -2.0919174822117946e-06
4.154049551618604e-07 -2.1330070824298004e-06
9.072324650382571e-07 -2.056401931345286e-06
8.558829318685732e-07 -2.0150000603461133e-06
7.935741251061154e-07 -1.9783592544721275e-06
8.672297117624186e-07 -2.1105799858938217e-06
8.941068201414085e-07 -2.100189495262134e-06
9.343953837206767e-07 -2.10070686132877e-06
7.486193258855242e-07 -2.022919632208478e-06
6.833462711989619e-07 -2.011151490494968e-06
6.131205784295798e-07 -2.0207136070537924e-06
5.95570125992045e-07 -2.094203532180796e-06
5.384901902226767e-07 -2.122884860321173e-06
4.848423029132341e-07 -2.165339635807461e-06
8.569649639298795e-07 -2.0772590950160326e-06
8.045694280867414e-07 -2.050946419851069e-06
8.466078450757156e-07 -2.109364407695473e-06
8.575612307575954e-07 -2.1267269285322668e-06
8.787765424140354e-07 -2.1346200870531043e-06
9.114569628454061e-07 -2.146506835570104e-06
7.647672702542451e-07 -2.0709116662376746e-06
7.206990467814065e-07 -2.076620669107103e-06
6.597037317438231e-07 -2.0834405449357515e-06
6.350404518552005e-07 -2.1297120041679167e-06
5.973465300873996e-07 -2.1553640093501824e-06
5.579095627524299e-07 -2.1923769505230848e-06
8.220217387311476e-07 -2.0979465418249347e-06
7.885685767963605e-07 -2.0932039791097597e-06
8.341558096576264e-07 -2.131201670671578e-06
8.588542697449531e-07 -2.149605704542331e-06
8.90378408940396e-07 -2.1659342439265085e-06
6.982543733144435e-07 -2.11348340754185e-06
7.612242721555724e-07 -2.1104628705353788e-06
7.276860284904768e-07 -2.1217415641176575e-06
6.719827599991623e-07 -2.1378621153352016e-06
6.525560472491695e-07 -2.1761167672132077e-06
6.239458290608172e-07 -2.216771526663406e-06
8.016590425796979e-07 -2.132366385751451e-06
8.317539921586401e-07 -2.1655625635035326e-06
8.709562831061682e-07 -2.1838384109346026e-06
7.743316195556643e-07 -2.150330331486556e-06
7.102422458399031e-07 -2.1474580350430412e-06
7.444289399936937e-07 -2.1499933369976466e-06
6.895110671547962e-07 -2.1837245689120424e-06
6.651247053994222e-07 -2.2235968741783327e-06
8.000673801605405e-07 -2.1753167556925033e-06
8.352109022402986e-07 -2.200181405694623e-06
7.642733175108987e-07 -2.1834396933199773e-06
7.288211621429458e-07 -2.1864344335140412e-06
7.083304760797487e-07 -2.2307330367116822e-06
7.931180098784127e-07 -2.219424826174059e-06
7.533832383194162e-07 -2.2247275464076666e-06
