/*--------------------------------*- C++ -*----------------------------------*\
| =========                 |                                                 |
| \\      /  F ield         | OpenFOAM: The Open Source CFD Toolbox           |
|  \\    /   O peration     | Version:  2.2.0                                 |
|   \\  /    A nd           | Web:      www.OpenFOAM.org                      |
|    \\/     M anipulation  |                                                 |
\*---------------------------------------------------------------------------*/
FoamFile
{
    version     2.0;
    format      ascii;
    class       labelList;
    note        "nPoints:1074  nCells:918  nFaces:3290  nInternalFaces:1300";
    location    "constant/polyMesh";
    object      neighbour;
}
// * * * * * * * * * * * * * * * * * * * * * * * * * * * * * * * * * * * * * //


1300
(
22
68
29
96
31
34
38
40
42
45
48
51
54
56
59
61
64
66
71
73
75
77
79
81
84
124
86
88
91
162
93
97
99
102
104
454
22
50
23
106
109
112
116
354
118
120
29
101
29
122
31
195
32
125
34
231
35
69
127
130
132
134
39
341
136
41
442
139
43
480
142
145
147
46
363
215
150
153
49
315
156
52
303
52
332
158
160
55
316
163
57
379
165
167
169
60
318
172
62
388
174
176
178
65
321
182
67
403
108
70
72
70
232
72
233
74
228
186
76
287
262
78
282
115
80
311
188
82
457
190
193
196
85
325
200
87
821
202
89
485
251
204
206
92
327
138
94
347
210
96
155
98
98
307
100
326
213
103
305
103
338
105
471
216
107
302
152
110
550
110
643
218
220
113
828
223
225
270
117
462
117
361
119
266
283
121
184
229
123
304
192
126
350
126
309
128
339
235
238
241
131
494
149
133
445
243
135
610
247
137
444
144
140
425
140
587
249
288
143
362
252
146
467
146
365
148
312
254
151
371
151
314
154
329
154
431
157
306
157
344
159
317
278
161
385
256
164
506
164
381
166
502
171
168
319
296
170
394
273
173
719
173
390
175
534
212
177
408
259
179
322
234
181
240
183
547
183
401
185
261
186
227
187
263
189
831
268
191
357
271
194
335
194
324
197
308
197
414
199
274
201
580
201
416
203
616
222
205
594
276
207
427
279
209
237
211
369
211
313
214
756
214
423
217
475
217
671
219
449
293
221
352
258
224
446
224
619
226
460
284
228
229
233
230
231
232
233
236
405
236
554
239
491
239
438
242
440
242
340
244
657
267
246
289
248
892
248
815
250
790
291
253
674
253
473
255
367
294
257
523
297
260
411
260
323
263
266
264
265
264
266
286
269
465
269
662
272
358
272
310
275
320
275
396
277
426
299
280
383
280
597
282
284
461
287
285
286
285
287
290
598
290
785
292
599
300
295
351
295
484
298
530
298
386
301
589
301
796
303
328
331
305
334
337
307
343
346
309
412
349
356
360
455
832
364
366
345
368
370
429
330
342
378
380
382
384
387
389
393
528
392
395
400
402
404
407
406
410
333
413
348
415
336
422
424
504
329
435
430
332
433
332
434
335
418
335
421
338
419
338
420
492
552
437
439
441
443
344
374
344
377
347
375
347
376
350
573
350
575
448
482
409
447
354
355
359
453
356
452
357
456
360
464
360
361
463
472
476
474
479
365
688
470
367
849
483
369
498
490
371
708
493
373
374
432
375
497
377
376
377
379
721
501
381
503
505
383
740
595
385
731
522
519
529
388
746
533
390
527
716
397
525
743
394
398
394
399
396
544
576
399
532
399
531
401
560
546
403
635
549
405
761
553
408
555
408
556
411
569
411
568
414
574
414
571
416
540
579
418
572
582
421
420
581
421
423
776
752
425
583
586
588
593
590
596
510
779
888
431
602
431
436
433
600
434
435
436
601
438
496
489
440
562
545
442
605
585
444
607
468
609
655
615
618
449
631
449
634
628
640
647
452
458
664
453
454
666
457
459
457
458
459
903
461
464
462
463
464
656
661
663
679
837
468
470
469
684
805
683
665
670
473
853
673
475
678
667
478
480
478
479
676
704
480
486
685
906
484
690
484
694
672
823
487
700
675
703
692
695
699
491
712
491
715
494
859
494
705
496
561
857
711
498
500
714
500
706
713
604
502
727
718
507
723
506
513
506
507
514
509
512
738
722
733
511
517
591
737
514
516
514
515
517
584
517
734
521
745
862
521
523
521
522
730
523
525
527
750
537
527
536
717
530
742
530
744
532
542
749
534
747
755
537
538
741
537
724
725
863
540
570
772
541
577
770
544
868
544
578
873
547
766
547
769
549
551
639
550
642
641
644
554
757
554
758
556
557
565
558
567
566
636
560
563
637
768
562
763
765
564
566
759
767
566
760
568
649
569
648
572
573
572
574
575
575
578
580
578
579
580
582
775
771
584
782
778
587
880
587
781
589
887
794
591
594
592
593
889
594
597
735
597
736
784
789
786
795
601
604
602
603
604
707
606
878
608
818
608
804
798
610
808
814
614
811
816
613
793
875
614
788
783
616
625
820
618
624
826
619
827
630
633
691
622
623
689
626
698
626
630
625
628
627
627
819
629
630
632
634
645
633
646
634
637
639
637
638
639
650
641
825
642
643
824
647
650
646
648
647
649
650
652
801
817
810
913
659
809
915
658
660
910
657
659
657
658
659
661
830
662
829
800
834
666
898
666
838
668
671
669
677
670
839
671
674
696
674
855
676
841
678
678
840
681
904
681
682
905
803
684
686
684
687
686
846
687
688
844
691
692
691
694
693
694
848
698
851
697
854
698
822
701
847
701
845
702
703
850
704
852
708
858
707
709
708
710
856
711
713
712
715
714
715
717
719
729
719
728
721
726
867
723
723
866
725
729
726
727
728
729
731
864
732
733
739
865
737
738
736
740
737
739
740
743
745
743
744
745
747
750
748
749
751
750
754
869
753
756
754
773
755
756
758
860
761
760
762
761
763
764
861
765
767
766
769
768
769
772
872
772
774
776
870
775
871
776
779
791
877
779
780
782
876
782
879
784
894
785
890
787
790
788
792
789
790
793
884
793
797
796
885
796
797
886
801
806
800
802
835
807
802
917
805
807
805
806
807
809
812
810
811
813
813
814
893
815
891
817
874
818
883
820
822
821
823
823
825
828
826
827
828
830
831
896
832
833
897
902
835
900
912
837
838
899
842
839
843
841
843
908
843
907
846
849
846
847
848
849
851
852
854
853
855
855
857
858
861
859
860
861
863
864
867
865
866
867
869
873
870
871
872
873
875
882
877
877
881
880
883
880
881
882
883
886
888
886
887
889
889
892
894
892
893
894
897
901
911
897
909
899
903
900
901
902
903
905
907
906
908
908
910
911
914
912
916
915
917
915
916
917
)


// ************************************************************************* //
