21
  -1.000000000         .000000000
   -.900000000         .000000000
   -.800000000         .000000000
   -.700000000         .000000000
   -.600000000         .000000000
   -.500000000         .000000000
   -.400000000         .000000000
   -.300000000        1.000000000
   -.200000000        1.000000000
   -.099999990        1.000000000
    .000000015        1.000000000
    .100000000        1.000000000
    .200000000        1.000000000
    .300000000        1.000000000
    .400000000         .000000000
    .500000000         .000000000
    .600000000         .000000000
    .700000000         .000000000
    .800000000         .000000000
    .900000000         .000000000
   1.000000000         .000000000

2001 
  -1.000000000         .000000000
   -.999000000         .000000000
   -.998000000         .000000000
   -.997000000         .000000000
   -.996000000         .000000000
   -.995000000         .000000000
   -.994000000         .000000000
   -.993000000         .000000000
   -.992000000         .000000000
   -.991000000         .000000000
   -.990000000         .000000000
   -.989000000         .000000000
   -.988000000         .000000000
   -.987000000         .000000000
   -.986000000         .000000000
   -.985000000         .000000000
   -.984000000         .000000000
   -.983000000         .000000000
   -.982000000         .000000000
   -.981000000         .000000000
   -.980000000         .000000000
   -.979000000         .000000000
   -.978000000         .000000000
   -.977000000         .000000000
   -.976000000         .000000000
   -.975000000         .000000000
   -.974000000         .000000000
   -.973000000         .000000000
   -.972000000         .000000000
   -.971000000         .000000000
   -.970000000         .000000000
   -.969000000         .000000000
   -.968000000         .000000000
   -.967000000         .000000000
   -.966000000         .000000000
   -.965000000         .000000000
   -.964000000         .000000000
   -.963000000         .000000000
   -.962000000         .000000000
   -.961000000         .000000000
   -.960000000         .000000000
   -.959000000         .000000000
   -.958000000         .000000000
   -.957000000         .000000000
   -.956000000         .000000000
   -.955000000         .000000000
   -.954000000         .000000000
   -.953000000         .000000000
   -.952000000         .000000000
   -.951000000         .000000000
   -.950000000         .000000000
   -.949000000         .000000000
   -.948000000         .000000000
   -.947000000         .000000000
   -.946000000         .000000000
   -.945000000         .000000000
   -.944000000         .000000000
   -.943000000         .000000000
   -.942000000         .000000000
   -.941000000         .000000000
   -.940000000         .000000000
   -.939000000         .000000000
   -.938000000         .000000000
   -.937000000         .000000000
   -.936000000         .000000000
   -.935000000         .000000000
   -.934000000         .000000000
   -.933000000         .000000000
   -.932000000         .000000000
   -.931000000         .000000000
   -.930000000         .000000000
   -.929000000         .000000000
   -.928000000         .000000000
   -.927000000         .000000000
   -.926000000         .000000000
   -.925000000         .000000000
   -.924000000         .000000000
   -.923000000         .000000000
   -.922000000         .000000000
   -.921000000         .000000000
   -.920000000         .000000000
   -.919000000         .000000000
   -.918000000         .000000000
   -.917000000         .000000000
   -.916000000         .000000000
   -.915000000         .000000000
   -.914000000         .000000000
   -.913000000         .000000000
   -.912000000         .000000000
   -.911000000         .000000000
   -.910000000         .000000000
   -.909000000         .000000000
   -.908000000         .000000000
   -.907000000         .000000000
   -.906000000         .000000000
   -.905000000         .000000000
   -.904000000         .000000000
   -.903000000         .000000000
   -.902000000         .000000000
   -.901000000         .000000000
   -.900000000         .000000000
   -.899000000         .000000000
   -.898000000         .000000000
   -.897000000         .000000000
   -.896000000         .000000000
   -.895000000         .000000000
   -.894000000         .000000000
   -.893000000         .000000000
   -.892000000         .000000000
   -.891000000         .000000000
   -.890000000         .000000000
   -.889000000         .000000000
   -.888000000         .000000000
   -.887000000         .000000000
   -.886000000         .000000000
   -.885000000         .000000000
   -.884000000         .000000000
   -.883000000         .000000000
   -.882000000         .000000000
   -.881000000         .000000000
   -.880000000         .000000000
   -.879000000         .000000000
   -.878000000         .000000000
   -.877000000         .000000000
   -.876000000         .000000000
   -.875000000         .000000000
   -.874000000         .000000000
   -.873000000         .000000000
   -.872000000         .000000000
   -.871000000         .000000000
   -.870000000         .000000000
   -.869000000         .000000000
   -.868000000         .000000000
   -.867000000         .000000000
   -.866000000         .000000000
   -.865000000         .000000000
   -.864000000         .000000000
   -.863000000         .000000000
   -.862000000         .000000000
   -.861000000         .000000000
   -.860000000         .000000000
   -.859000000         .000000000
   -.858000000         .000000000
   -.857000000         .000000000
   -.856000000         .000000000
   -.855000000         .000000000
   -.854000000         .000000000
   -.853000000         .000000000
   -.852000000         .000000000
   -.851000000         .000000000
   -.850000000         .000000000
   -.849000000         .000000000
   -.848000000         .000000000
   -.847000000         .000000000
   -.846000000         .000000000
   -.845000000         .000000000
   -.844000000         .000000000
   -.843000000         .000000000
   -.842000000         .000000000
   -.841000000         .000000000
   -.840000000         .000000000
   -.839000000         .000000000
   -.838000000         .000000000
   -.837000000         .000000000
   -.836000000         .000000000
   -.835000000         .000000000
   -.834000000         .000000000
   -.833000000         .000000000
   -.832000000         .000000000
   -.831000000         .000000000
   -.830000000         .000000000
   -.829000000         .000000000
   -.828000000         .000000000
   -.827000000         .000000000
   -.826000000         .000000000
   -.825000000         .000000000
   -.824000000         .000000000
   -.823000000         .000000000
   -.822000000         .000000000
   -.821000000         .000000000
   -.820000000         .000000000
   -.819000000         .000000000
   -.818000000         .000000000
   -.817000000         .000000000
   -.816000000         .000000000
   -.815000000         .000000000
   -.814000000         .000000000
   -.813000000         .000000000
   -.812000000         .000000000
   -.811000000         .000000000
   -.810000000         .000000000
   -.809000000         .000000000
   -.808000000         .000000000
   -.807000000         .000000000
   -.806000000         .000000000
   -.805000000         .000000000
   -.804000000         .000000000
   -.803000000         .000000000
   -.802000000         .000000000
   -.801000000         .000000000
   -.800000000         .000000000
   -.799000000         .000000000
   -.798000000         .000000000
   -.797000000         .000000000
   -.796000000         .000000000
   -.795000000         .000000000
   -.794000000         .000000000
   -.793000000         .000000000
   -.792000000         .000000000
   -.791000000         .000000000
   -.790000000         .000000000
   -.789000000         .000000000
   -.788000000         .000000000
   -.787000000         .000000000
   -.786000000         .000000000
   -.785000000         .000000000
   -.784000000         .000000000
   -.783000000         .000000000
   -.782000000         .000000000
   -.781000000         .000000000
   -.780000000         .000000000
   -.779000000         .000000000
   -.778000000         .000000000
   -.777000000         .000000000
   -.776000000         .000000000
   -.775000000         .000000000
   -.774000000         .000000000
   -.773000000         .000000000
   -.772000000         .000000000
   -.771000000         .000000000
   -.770000000         .000000000
   -.769000000         .000000000
   -.768000000         .000000000
   -.767000000         .000000000
   -.766000000         .000000000
   -.765000000         .000000000
   -.764000000         .000000000
   -.763000000         .000000000
   -.762000000         .000000000
   -.761000000         .000000000
   -.760000000         .000000000
   -.759000000         .000000000
   -.758000000         .000000000
   -.757000000         .000000000
   -.756000000         .000000000
   -.755000000         .000000000
   -.754000000         .000000000
   -.753000000         .000000000
   -.752000000         .000000000
   -.751000000         .000000000
   -.750000000         .000000000
   -.749000000         .000000000
   -.748000000         .000000000
   -.747000000         .000000000
   -.746000000         .000000000
   -.745000000         .000000000
   -.744000000         .000000000
   -.743000000         .000000000
   -.742000000         .000000000
   -.741000000         .000000000
   -.740000000         .000000000
   -.739000000         .000000000
   -.738000000         .000000000
   -.737000000         .000000000
   -.736000000         .000000000
   -.735000000         .000000000
   -.734000000         .000000000
   -.733000000         .000000000
   -.732000000         .000000000
   -.731000000         .000000000
   -.730000000         .000000000
   -.729000000         .000000000
   -.728000000         .000000000
   -.727000000         .000000000
   -.726000000         .000000000
   -.725000000         .000000000
   -.724000000         .000000000
   -.723000000         .000000000
   -.722000000         .000000000
   -.721000000         .000000000
   -.720000000         .000000000
   -.719000000         .000000000
   -.718000000         .000000000
   -.717000000         .000000000
   -.716000000         .000000000
   -.715000000         .000000000
   -.714000000         .000000000
   -.713000000         .000000000
   -.712000000         .000000000
   -.711000000         .000000000
   -.710000000         .000000000
   -.709000000         .000000000
   -.708000000         .000000000
   -.707000000         .000000000
   -.706000000         .000000000
   -.705000000         .000000000
   -.704000000         .000000000
   -.703000000         .000000000
   -.702000000         .000000000
   -.701000000         .000000000
   -.700000000         .000000000
   -.699000000         .000000000
   -.698000000         .000000000
   -.697000000         .000000000
   -.696000000         .000000000
   -.695000000         .000000000
   -.694000000         .000000000
   -.693000000         .000000000
   -.692000000         .000000000
   -.691000000         .000000000
   -.690000000         .000000000
   -.689000000         .000000000
   -.688000000         .000000000
   -.687000000         .000000000
   -.686000000         .000000000
   -.685000000         .000000000
   -.684000000         .000000000
   -.683000000         .000000000
   -.682000000         .000000000
   -.681000000         .000000000
   -.680000000         .000000000
   -.679000000         .000000000
   -.678000000         .000000000
   -.677000000         .000000000
   -.676000000         .000000000
   -.675000000         .000000000
   -.674000000         .000000000
   -.673000000         .000000000
   -.672000000         .000000000
   -.671000000         .000000000
   -.670000000         .000000000
   -.669000000         .000000000
   -.668000000         .000000000
   -.667000000         .000000000
   -.666000000         .000000000
   -.665000000         .000000000
   -.664000000         .000000000
   -.663000000         .000000000
   -.662000000         .000000000
   -.661000000         .000000000
   -.660000000         .000000000
   -.659000000         .000000000
   -.658000000         .000000000
   -.657000000         .000000000
   -.656000000         .000000000
   -.655000000         .000000000
   -.654000000         .000000000
   -.653000000         .000000000
   -.652000000         .000000000
   -.651000000         .000000000
   -.650000000         .000000000
   -.649000000         .000000000
   -.648000000         .000000000
   -.647000000         .000000000
   -.646000000         .000000000
   -.645000000         .000000000
   -.644000000         .000000000
   -.643000000         .000000000
   -.642000000         .000000000
   -.641000000         .000000000
   -.640000000         .000000000
   -.639000000         .000000000
   -.638000000         .000000000
   -.637000000         .000000000
   -.636000000         .000000000
   -.635000000         .000000000
   -.634000000         .000000000
   -.633000000         .000000000
   -.632000000         .000000000
   -.631000000         .000000000
   -.630000000         .000000000
   -.629000000         .000000000
   -.628000000         .000000000
   -.627000000         .000000000
   -.626000000         .000000000
   -.625000000         .000000000
   -.624000000         .000000000
   -.623000000         .000000000
   -.622000000         .000000000
   -.621000000         .000000000
   -.620000000         .000000000
   -.619000000         .000000000
   -.618000000         .000000000
   -.617000000         .000000000
   -.616000000         .000000000
   -.615000000         .000000000
   -.614000000         .000000000
   -.613000000         .000000000
   -.612000000         .000000000
   -.611000000         .000000000
   -.610000000         .000000000
   -.609000000         .000000000
   -.608000000         .000000000
   -.607000000         .000000000
   -.606000000         .000000000
   -.605000000         .000000000
   -.604000000         .000000000
   -.603000000         .000000000
   -.602000000         .000000000
   -.601000000         .000000000
   -.600000000         .000000000
   -.599000000         .000000000
   -.598000000         .000000000
   -.597000000         .000000000
   -.596000000         .000000000
   -.595000000         .000000000
   -.594000000         .000000000
   -.593000000         .000000000
   -.592000000         .000000000
   -.591000000         .000000000
   -.590000000         .000000000
   -.589000000         .000000000
   -.588000000         .000000000
   -.587000000         .000000000
   -.586000000         .000000000
   -.585000000         .000000000
   -.584000000         .000000000
   -.583000000         .000000000
   -.582000000         .000000000
   -.581000000         .000000000
   -.580000000         .000000000
   -.579000000         .000000000
   -.578000000         .000000000
   -.577000000         .000000000
   -.576000000         .000000000
   -.575000000         .000000000
   -.574000000         .000000000
   -.573000000         .000000000
   -.572000000         .000000000
   -.571000000         .000000000
   -.570000000         .000000000
   -.569000000         .000000000
   -.568000000         .000000000
   -.567000000         .000000000
   -.566000000         .000000000
   -.565000000         .000000000
   -.564000000         .000000000
   -.563000000         .000000000
   -.562000000         .000000000
   -.561000000         .000000000
   -.560000000         .000000000
   -.559000000         .000000000
   -.558000000         .000000000
   -.557000000         .000000000
   -.556000000         .000000000
   -.555000000         .000000000
   -.554000000         .000000000
   -.553000000         .000000000
   -.552000000         .000000000
   -.551000000         .000000000
   -.550000000         .000000000
   -.549000000         .000000000
   -.548000000         .000000000
   -.547000000         .000000000
   -.546000000         .000000000
   -.545000000         .000000000
   -.544000000         .000000000
   -.543000000         .000000000
   -.542000000         .000000000
   -.540999900         .000000000
   -.540000000         .000000000
   -.539000000         .000000000
   -.538000000         .000000000
   -.537000000         .000000000
   -.536000000         .000000000
   -.535000000         .000000000
   -.534000000         .000000000
   -.533000000         .000000000
   -.532000000         .000000000
   -.531000000         .000000000
   -.530000000         .000000000
   -.529000000         .000000000
   -.528000000         .000000000
   -.527000000         .000000000
   -.526000000         .000000000
   -.525000000         .000000000
   -.524000000         .000000000
   -.523000000         .000000000
   -.522000000         .000000000
   -.521000000         .000000000
   -.520000000         .000000000
   -.519000000         .000000000
   -.518000000         .000000000
   -.517000000         .000000000
   -.516000000         .000000000
   -.515000000         .000000000
   -.514000000         .000000000
   -.513000000         .000000000
   -.512000000         .000000000
   -.511000000         .000000000
   -.510000000         .000000000
   -.509000000         .000000000
   -.508000000         .000000000
   -.507000000         .000000000
   -.506000000         .000000000
   -.505000000         .000000000
   -.503999900         .000000000
   -.503000000         .000000000
   -.502000000         .000000000
   -.501000000         .000000000
   -.500000000         .000000000
   -.499000000         .000000000
   -.498000000         .000000000
   -.497000000         .000000000
   -.496000000         .000000000
   -.495000000         .000000000
   -.494000000         .000000000
   -.493000000         .000000000
   -.492000000         .000000000
   -.491000000         .000000000
   -.490000000         .000000000
   -.489000000         .000000000
   -.488000000         .000000000
   -.487000000         .000000000
   -.486000000         .000000000
   -.485000000         .000000000
   -.484000000         .000000000
   -.483000000         .000000000
   -.482000000         .000000000
   -.481000000         .000000000
   -.480000000         .000000000
   -.479000000         .000000000
   -.478000000         .000000000
   -.477000000         .000000000
   -.476000000         .000000000
   -.475000000         .000000000
   -.474000000         .000000000
   -.473000000         .000000000
   -.472000000         .000000000
   -.471000000         .000000000
   -.470000000         .000000000
   -.469000000         .000000000
   -.468000000         .000000000
   -.467000000         .000000000
   -.466000000         .000000000
   -.465000000         .000000000
   -.464000000         .000000000
   -.463000000         .000000000
   -.462000000         .000000000
   -.461000000         .000000000
   -.460000000         .000000000
   -.459000000         .000000000
   -.458000000         .000000000
   -.457000000         .000000000
   -.456000000         .000000000
   -.455000000         .000000000
   -.454000000         .000000000
   -.453000000         .000000000
   -.452000000         .000000000
   -.451000000         .000000000
   -.450000000         .000000000
   -.449000000         .000000000
   -.448000000         .000000000
   -.447000000         .000000000
   -.446000000         .000000000
   -.445000000         .000000000
   -.444000000         .000000000
   -.443000000         .000000000
   -.442000000         .000000000
   -.441000000         .000000000
   -.440000000         .000000000
   -.439000000         .000000000
   -.438000000         .000000000
   -.437000000         .000000000
   -.436000000         .000000000
   -.435000000         .000000000
   -.434000000         .000000000
   -.433000000         .000000000
   -.432000000         .000000000
   -.431000000         .000000000
   -.430000000         .000000000
   -.429000000         .000000000
   -.428000000         .000000000
   -.427000000         .000000000
   -.426000000         .000000000
   -.425000000         .000000000
   -.424000000         .000000000
   -.423000000         .000000000
   -.422000000         .000000000
   -.421000000         .000000000
   -.420000000         .000000000
   -.419000000         .000000000
   -.418000000         .000000000
   -.417000000         .000000000
   -.416000000         .000000000
   -.415000000         .000000000
   -.414000000         .000000000
   -.413000000         .000000000
   -.412000000         .000000000
   -.411000000         .000000000
   -.410000000         .000000000
   -.409000000         .000000000
   -.408000000         .000000000
   -.407000000         .000000000
   -.406000000         .000000000
   -.405000000         .000000000
   -.404000000         .000000000
   -.403000000         .000000000
   -.402000000         .000000000
   -.401000000         .000000000
   -.400000000         .000000000
   -.399000000         .000000000
   -.398000000         .000000000
   -.397000000         .000000000
   -.396000000         .000000000
   -.395000000         .000000000
   -.394000000         .000000000
   -.393000000         .000000000
   -.392000000         .000000000
   -.391000000         .000000000
   -.390000000         .000000000
   -.389000000         .000000000
   -.388000000         .000000000
   -.387000000         .000000000
   -.386000000         .000000000
   -.385000000         .000000000
   -.384000000         .000000000
   -.383000000         .000000000
   -.382000000         .000000000
   -.381000000         .000000000
   -.380000000         .000000000
   -.379000000         .000000000
   -.378000000         .000000000
   -.377000000         .000000000
   -.376000000         .000000000
   -.375000000         .000000000
   -.374000000         .000000000
   -.373000000         .000000000
   -.372000000         .000000000
   -.371000000         .000000000
   -.370000000         .000000000
   -.369000000         .000000000
   -.368000000         .000000000
   -.367000000         .000000000
   -.366000000         .000000000
   -.365000000         .000000000
   -.364000000         .000000000
   -.363000000         .000000000
   -.362000000         .000000000
   -.361000000         .000000000
   -.360000000         .000000000
   -.359000000         .000000000
   -.358000000         .000000000
   -.357000000         .000000000
   -.356000000         .000000000
   -.355000000         .000000000
   -.354000000         .000000000
   -.353000000         .000000000
   -.352000000         .000000000
   -.351000000         .000000000
   -.350000000         .000000000
   -.349000000         .000000000
   -.348000000         .000000000
   -.347000000         .000000000
   -.346000000         .000000000
   -.345000000         .000000000
   -.344000000         .000000000
   -.343000000         .000000000
   -.342000000         .000000000
   -.341000000         .000000000
   -.340000000         .000000000
   -.339000000         .000000000
   -.338000000         .000000000
   -.337000000         .000000000
   -.336000000         .000000000
   -.335000000         .000000000
   -.334000000         .000000000
   -.333000000        1.000000000
   -.332000000        1.000000000
   -.331000000        1.000000000
   -.330000000        1.000000000
   -.329000000        1.000000000
   -.328000000        1.000000000
   -.327000000        1.000000000
   -.326000000        1.000000000
   -.325000000        1.000000000
   -.324000000        1.000000000
   -.323000000        1.000000000
   -.322000000        1.000000000
   -.321000000        1.000000000
   -.320000000        1.000000000
   -.319000000        1.000000000
   -.318000000        1.000000000
   -.317000000        1.000000000
   -.316000000        1.000000000
   -.315000000        1.000000000
   -.314000000        1.000000000
   -.313000000        1.000000000
   -.312000000        1.000000000
   -.311000000        1.000000000
   -.310000000        1.000000000
   -.309000000        1.000000000
   -.308000000        1.000000000
   -.307000000        1.000000000
   -.306000000        1.000000000
   -.305000000        1.000000000
   -.304000000        1.000000000
   -.303000000        1.000000000
   -.302000000        1.000000000
   -.301000000        1.000000000
   -.300000000        1.000000000
   -.299000000        1.000000000
   -.298000000        1.000000000
   -.297000000        1.000000000
   -.296000000        1.000000000
   -.295000000        1.000000000
   -.294000000        1.000000000
   -.293000000        1.000000000
   -.292000000        1.000000000
   -.291000000        1.000000000
   -.290000000        1.000000000
   -.289000000        1.000000000
   -.288000000        1.000000000
   -.287000000        1.000000000
   -.286000000        1.000000000
   -.285000000        1.000000000
   -.284000000        1.000000000
   -.283000000        1.000000000
   -.282000000        1.000000000
   -.281000000        1.000000000
   -.280000000        1.000000000
   -.279000000        1.000000000
   -.278000000        1.000000000
   -.277000000        1.000000000
   -.276000000        1.000000000
   -.275000000        1.000000000
   -.274000000        1.000000000
   -.273000000        1.000000000
   -.272000000        1.000000000
   -.271000000        1.000000000
   -.270000000        1.000000000
   -.269000000        1.000000000
   -.268000000        1.000000000
   -.267000000        1.000000000
   -.266000000        1.000000000
   -.265000000        1.000000000
   -.264000000        1.000000000
   -.263000000        1.000000000
   -.262000000        1.000000000
   -.261000000        1.000000000
   -.260000000        1.000000000
   -.259000000        1.000000000
   -.258000000        1.000000000
   -.257000000        1.000000000
   -.256000000        1.000000000
   -.255000000        1.000000000
   -.254000000        1.000000000
   -.253000000        1.000000000
   -.252000000        1.000000000
   -.251000000        1.000000000
   -.250000000        1.000000000
   -.249000000        1.000000000
   -.248000000        1.000000000
   -.247000000        1.000000000
   -.246000000        1.000000000
   -.245000000        1.000000000
   -.244000000        1.000000000
   -.243000000        1.000000000
   -.242000000        1.000000000
   -.241000000        1.000000000
   -.240000000        1.000000000
   -.239000000        1.000000000
   -.238000000        1.000000000
   -.237000000        1.000000000
   -.236000000        1.000000000
   -.235000000        1.000000000
   -.234000000        1.000000000
   -.233000000        1.000000000
   -.232000000        1.000000000
   -.231000000        1.000000000
   -.230000000        1.000000000
   -.229000000        1.000000000
   -.228000000        1.000000000
   -.227000000        1.000000000
   -.226000000        1.000000000
   -.225000000        1.000000000
   -.224000000        1.000000000
   -.223000000        1.000000000
   -.222000000        1.000000000
   -.221000000        1.000000000
   -.220000000        1.000000000
   -.219000000        1.000000000
   -.218000000        1.000000000
   -.217000000        1.000000000
   -.216000000        1.000000000
   -.215000000        1.000000000
   -.214000000        1.000000000
   -.213000000        1.000000000
   -.212000000        1.000000000
   -.211000000        1.000000000
   -.210000000        1.000000000
   -.209000000        1.000000000
   -.208000000        1.000000000
   -.207000000        1.000000000
   -.206000000        1.000000000
   -.205000000        1.000000000
   -.204000000        1.000000000
   -.203000000        1.000000000
   -.202000000        1.000000000
   -.201000000        1.000000000
   -.200000000        1.000000000
   -.199000000        1.000000000
   -.198000000        1.000000000
   -.197000000        1.000000000
   -.196000000        1.000000000
   -.195000000        1.000000000
   -.194000000        1.000000000
   -.193000000        1.000000000
   -.192000000        1.000000000
   -.191000000        1.000000000
   -.190000000        1.000000000
   -.189000000        1.000000000
   -.188000000        1.000000000
   -.187000000        1.000000000
   -.186000000        1.000000000
   -.185000000        1.000000000
   -.184000000        1.000000000
   -.183000000        1.000000000
   -.182000000        1.000000000
   -.181000000        1.000000000
   -.180000000        1.000000000
   -.179000000        1.000000000
   -.178000000        1.000000000
   -.177000000        1.000000000
   -.176000000        1.000000000
   -.175000000        1.000000000
   -.174000000        1.000000000
   -.173000000        1.000000000
   -.172000000        1.000000000
   -.171000000        1.000000000
   -.170000000        1.000000000
   -.169000000        1.000000000
   -.168000000        1.000000000
   -.167000000        1.000000000
   -.166000000        1.000000000
   -.165000000        1.000000000
   -.164000000        1.000000000
   -.163000000        1.000000000
   -.162000000        1.000000000
   -.161000000        1.000000000
   -.160000000        1.000000000
   -.159000000        1.000000000
   -.158000000        1.000000000
   -.157000000        1.000000000
   -.156000000        1.000000000
   -.155000000        1.000000000
   -.154000000        1.000000000
   -.153000000        1.000000000
   -.152000000        1.000000000
   -.151000000        1.000000000
   -.150000000        1.000000000
   -.149000000        1.000000000
   -.148000000        1.000000000
   -.147000000        1.000000000
   -.146000000        1.000000000
   -.145000000        1.000000000
   -.144000000        1.000000000
   -.143000000        1.000000000
   -.142000000        1.000000000
   -.141000000        1.000000000
   -.140000000        1.000000000
   -.139000000        1.000000000
   -.138000000        1.000000000
   -.137000000        1.000000000
   -.136000000        1.000000000
   -.135000000        1.000000000
   -.134000000        1.000000000
   -.133000000        1.000000000
   -.132000000        1.000000000
   -.131000000        1.000000000
   -.130000000        1.000000000
   -.129000000        1.000000000
   -.128000000        1.000000000
   -.127000000        1.000000000
   -.126000000        1.000000000
   -.125000000        1.000000000
   -.124000000        1.000000000
   -.123000000        1.000000000
   -.122000000        1.000000000
   -.121000000        1.000000000
   -.120000000        1.000000000
   -.119000000        1.000000000
   -.118000000        1.000000000
   -.117000000        1.000000000
   -.116000000        1.000000000
   -.115000000        1.000000000
   -.114000000        1.000000000
   -.113000000        1.000000000
   -.112000000        1.000000000
   -.111000000        1.000000000
   -.110000000        1.000000000
   -.109000000        1.000000000
   -.108000000        1.000000000
   -.107000000        1.000000000
   -.106000000        1.000000000
   -.105000000        1.000000000
   -.104000000        1.000000000
   -.103000000        1.000000000
   -.102000000        1.000000000
   -.101000000        1.000000000
   -.099999960        1.000000000
   -.098999950        1.000000000
   -.097999960        1.000000000
   -.096999960        1.000000000
   -.095999960        1.000000000
   -.094999950        1.000000000
   -.093999960        1.000000000
   -.092999960        1.000000000
   -.091999960        1.000000000
   -.090999950        1.000000000
   -.089999960        1.000000000
   -.088999960        1.000000000
   -.087999950        1.000000000
   -.086999960        1.000000000
   -.085999960        1.000000000
   -.084999960        1.000000000
   -.083999950        1.000000000
   -.082999960        1.000000000
   -.081999960        1.000000000
   -.080999960        1.000000000
   -.079999950        1.000000000
   -.078999960        1.000000000
   -.077999960        1.000000000
   -.076999950        1.000000000
   -.075999950        1.000000000
   -.074999960        1.000000000
   -.073999960        1.000000000
   -.072999950        1.000000000
   -.071999950        1.000000000
   -.070999960        1.000000000
   -.069999960        1.000000000
   -.068999950        1.000000000
   -.067999960        1.000000000
   -.066999960        1.000000000
   -.065999950        1.000000000
   -.064999950        1.000000000
   -.063999960        1.000000000
   -.062999960        1.000000000
   -.061999950        1.000000000
   -.060999960        1.000000000
   -.059999950        1.000000000
   -.058999960        1.000000000
   -.057999950        1.000000000
   -.056999960        1.000000000
   -.055999960        1.000000000
   -.054999950        1.000000000
   -.053999960        1.000000000
   -.052999950        1.000000000
   -.051999960        1.000000000
   -.050999950        1.000000000
   -.049999960        1.000000000
   -.048999950        1.000000000
   -.047999960        1.000000000
   -.046999950        1.000000000
   -.045999960        1.000000000
   -.044999950        1.000000000
   -.043999960        1.000000000
   -.042999950        1.000000000
   -.041999950        1.000000000
   -.040999950        1.000000000
   -.039999950        1.000000000
   -.038999960        1.000000000
   -.037999950        1.000000000
   -.036999960        1.000000000
   -.035999950        1.000000000
   -.034999960        1.000000000
   -.033999950        1.000000000
   -.032999960        1.000000000
   -.031999950        1.000000000
   -.030999950        1.000000000
   -.029999950        1.000000000
   -.028999950        1.000000000
   -.027999950        1.000000000
   -.026999950        1.000000000
   -.025999950        1.000000000
   -.024999950        1.000000000
   -.023999950        1.000000000
   -.022999950        1.000000000
   -.021999950        1.000000000
   -.020999950        1.000000000
   -.019999950        1.000000000
   -.018999950        1.000000000
   -.017999950        1.000000000
   -.016999950        1.000000000
   -.015999950        1.000000000
   -.014999950        1.000000000
   -.013999950        1.000000000
   -.012999950        1.000000000
   -.011999950        1.000000000
   -.010999950        1.000000000
   -.009999953        1.000000000
   -.008999953        1.000000000
   -.007999953        1.000000000
   -.006999953        1.000000000
   -.005999953        1.000000000
   -.004999953        1.000000000
   -.003999953        1.000000000
   -.002999953        1.000000000
   -.001999953        1.000000000
   -.000999953        1.000000000
    .000000047        1.000000000
    .001000048        1.000000000
    .002000048        1.000000000
    .003000048        1.000000000
    .004000048        1.000000000
    .005000048        1.000000000
    .006000048        1.000000000
    .007000048        1.000000000
    .008000048        1.000000000
    .009000048        1.000000000
    .010000050        1.000000000
    .011000050        1.000000000
    .012000050        1.000000000
    .013000050        1.000000000
    .014000050        1.000000000
    .015000050        1.000000000
    .016000050        1.000000000
    .017000050        1.000000000
    .018000050        1.000000000
    .019000050        1.000000000
    .020000050        1.000000000
    .021000050        1.000000000
    .022000050        1.000000000
    .023000050        1.000000000
    .024000050        1.000000000
    .025000050        1.000000000
    .026000050        1.000000000
    .027000050        1.000000000
    .028000050        1.000000000
    .029000050        1.000000000
    .030000050        1.000000000
    .031000050        1.000000000
    .032000050        1.000000000
    .033000050        1.000000000
    .034000050        1.000000000
    .035000050        1.000000000
    .036000050        1.000000000
    .037000050        1.000000000
    .038000050        1.000000000
    .039000050        1.000000000
    .040000050        1.000000000
    .041000050        1.000000000
    .042000050        1.000000000
    .043000050        1.000000000
    .044000050        1.000000000
    .045000050        1.000000000
    .046000050        1.000000000
    .047000050        1.000000000
    .048000050        1.000000000
    .049000050        1.000000000
    .050000050        1.000000000
    .051000050        1.000000000
    .052000050        1.000000000
    .053000050        1.000000000
    .054000050        1.000000000
    .055000050        1.000000000
    .056000050        1.000000000
    .057000050        1.000000000
    .058000050        1.000000000
    .059000050        1.000000000
    .060000050        1.000000000
    .061000050        1.000000000
    .062000050        1.000000000
    .063000050        1.000000000
    .064000050        1.000000000
    .065000050        1.000000000
    .066000050        1.000000000
    .067000050        1.000000000
    .068000050        1.000000000
    .069000050        1.000000000
    .070000050        1.000000000
    .071000050        1.000000000
    .072000050        1.000000000
    .073000050        1.000000000
    .074000050        1.000000000
    .075000050        1.000000000
    .076000050        1.000000000
    .077000050        1.000000000
    .078000050        1.000000000
    .079000050        1.000000000
    .080000050        1.000000000
    .081000050        1.000000000
    .082000050        1.000000000
    .083000050        1.000000000
    .084000050        1.000000000
    .085000050        1.000000000
    .086000060        1.000000000
    .087000050        1.000000000
    .088000050        1.000000000
    .089000050        1.000000000
    .090000050        1.000000000
    .091000050        1.000000000
    .092000050        1.000000000
    .093000050        1.000000000
    .094000050        1.000000000
    .095000050        1.000000000
    .096000050        1.000000000
    .097000060        1.000000000
    .098000050        1.000000000
    .099000050        1.000000000
    .100000100        1.000000000
    .101000100        1.000000000
    .102000100        1.000000000
    .103000100        1.000000000
    .104000100        1.000000000
    .105000000        1.000000000
    .106000100        1.000000000
    .107000100        1.000000000
    .108000100        1.000000000
    .109000000        1.000000000
    .110000100        1.000000000
    .111000100        1.000000000
    .112000100        1.000000000
    .113000100        1.000000000
    .114000100        1.000000000
    .115000100        1.000000000
    .116000100        1.000000000
    .117000100        1.000000000
    .118000100        1.000000000
    .119000100        1.000000000
    .120000000        1.000000000
    .121000100        1.000000000
    .122000100        1.000000000
    .123000100        1.000000000
    .124000100        1.000000000
    .125000100        1.000000000
    .126000000        1.000000000
    .127000000        1.000000000
    .128000100        1.000000000
    .129000100        1.000000000
    .130000100        1.000000000
    .131000100        1.000000000
    .132000100        1.000000000
    .133000100        1.000000000
    .134000000        1.000000000
    .135000100        1.000000000
    .136000100        1.000000000
    .137000100        1.000000000
    .138000100        1.000000000
    .139000100        1.000000000
    .140000100        1.000000000
    .141000000        1.000000000
    .142000000        1.000000000
    .143000100        1.000000000
    .144000100        1.000000000
    .145000100        1.000000000
    .146000100        1.000000000
    .147000100        1.000000000
    .148000100        1.000000000
    .149000000        1.000000000
    .150000100        1.000000000
    .151000100        1.000000000
    .152000100        1.000000000
    .153000100        1.000000000
    .154000100        1.000000000
    .155000100        1.000000000
    .156000000        1.000000000
    .157000000        1.000000000
    .158000100        1.000000000
    .159000100        1.000000000
    .160000100        1.000000000
    .161000100        1.000000000
    .162000100        1.000000000
    .163000100        1.000000000
    .164000000        1.000000000
    .165000100        1.000000000
    .166000100        1.000000000
    .167000100        1.000000000
    .168000100        1.000000000
    .169000100        1.000000000
    .170000100        1.000000000
    .171000000        1.000000000
    .172000100        1.000000000
    .173000100        1.000000000
    .174000100        1.000000000
    .175000100        1.000000000
    .176000100        1.000000000
    .177000100        1.000000000
    .178000100        1.000000000
    .179000000        1.000000000
    .180000100        1.000000000
    .181000100        1.000000000
    .182000100        1.000000000
    .183000100        1.000000000
    .184000100        1.000000000
    .185000100        1.000000000
    .186000000        1.000000000
    .187000100        1.000000000
    .188000100        1.000000000
    .189000100        1.000000000
    .190000100        1.000000000
    .191000100        1.000000000
    .192000100        1.000000000
    .193000100        1.000000000
    .194000100        1.000000000
    .195000100        1.000000000
    .196000100        1.000000000
    .197000100        1.000000000
    .198000100        1.000000000
    .199000100        1.000000000
    .200000100        1.000000000
    .201000000        1.000000000
    .202000100        1.000000000
    .203000100        1.000000000
    .204000100        1.000000000
    .205000100        1.000000000
    .206000100        1.000000000
    .207000100        1.000000000
    .208000100        1.000000000
    .209000100        1.000000000
    .210000100        1.000000000
    .211000100        1.000000000
    .212000100        1.000000000
    .213000100        1.000000000
    .214000100        1.000000000
    .215000100        1.000000000
    .216000100        1.000000000
    .217000100        1.000000000
    .218000100        1.000000000
    .219000100        1.000000000
    .220000100        1.000000000
    .221000100        1.000000000
    .222000100        1.000000000
    .223000100        1.000000000
    .224000100        1.000000000
    .225000100        1.000000000
    .226000100        1.000000000
    .227000100        1.000000000
    .228000100        1.000000000
    .229000100        1.000000000
    .230000100        1.000000000
    .231000100        1.000000000
    .232000100        1.000000000
    .233000100        1.000000000
    .234000100        1.000000000
    .235000100        1.000000000
    .236000100        1.000000000
    .237000100        1.000000000
    .238000100        1.000000000
    .239000100        1.000000000
    .240000100        1.000000000
    .241000100        1.000000000
    .242000100        1.000000000
    .243000100        1.000000000
    .244000100        1.000000000
    .245000100        1.000000000
    .246000100        1.000000000
    .247000100        1.000000000
    .248000100        1.000000000
    .249000100        1.000000000
    .250000100        1.000000000
    .251000000        1.000000000
    .252000100        1.000000000
    .253000100        1.000000000
    .254000100        1.000000000
    .255000100        1.000000000
    .256000100        1.000000000
    .257000100        1.000000000
    .258000000        1.000000000
    .259000100        1.000000000
    .260000100        1.000000000
    .261000100        1.000000000
    .262000100        1.000000000
    .263000100        1.000000000
    .264000100        1.000000000
    .265000000        1.000000000
    .266000100        1.000000000
    .267000000        1.000000000
    .268000100        1.000000000
    .269000100        1.000000000
    .270000100        1.000000000
    .271000100        1.000000000
    .272000100        1.000000000
    .273000100        1.000000000
    .274000000        1.000000000
    .275000100        1.000000000
    .276000100        1.000000000
    .277000100        1.000000000
    .278000100        1.000000000
    .279000100        1.000000000
    .280000100        1.000000000
    .281000000        1.000000000
    .282000100        1.000000000
    .283000100        1.000000000
    .284000100        1.000000000
    .285000100        1.000000000
    .286000100        1.000000000
    .287000100        1.000000000
    .288000000        1.000000000
    .289000100        1.000000000
    .290000100        1.000000000
    .291000100        1.000000000
    .292000100        1.000000000
    .293000100        1.000000000
    .294000100        1.000000000
    .295000100        1.000000000
    .296000100        1.000000000
    .297000100        1.000000000
    .298000100        1.000000000
    .299000100        1.000000000
    .300000100        1.000000000
    .301000100        1.000000000
    .302000100        1.000000000
    .303000100        1.000000000
    .304000000        1.000000000
    .305000100        1.000000000
    .306000100        1.000000000
    .307000100        1.000000000
    .308000100        1.000000000
    .309000100        1.000000000
    .310000100        1.000000000
    .311000000        1.000000000
    .312000100        1.000000000
    .313000100        1.000000000
    .314000100        1.000000000
    .315000100        1.000000000
    .316000100        1.000000000
    .317000100        1.000000000
    .318000000        1.000000000
    .319000100        1.000000000
    .320000100        1.000000000
    .321000100        1.000000000
    .322000100        1.000000000
    .323000100        1.000000000
    .324000100        1.000000000
    .325000100        1.000000000
    .326000100        1.000000000
    .327000100        1.000000000
    .328000100        1.000000000
    .329000100        1.000000000
    .330000100        1.000000000
    .331000100        1.000000000
    .332000100        1.000000000
    .333000100        1.000000000
    .334000100         .000000000
    .335000100         .000000000
    .336000100         .000000000
    .337000100         .000000000
    .338000100         .000000000
    .339000100         .000000000
    .340000100         .000000000
    .341000100         .000000000
    .342000100         .000000000
    .343000100         .000000000
    .344000100         .000000000
    .345000100         .000000000
    .346000100         .000000000
    .347000100         .000000000
    .348000000         .000000000
    .349000100         .000000000
    .350000100         .000000000
    .351000100         .000000000
    .352000100         .000000000
    .353000100         .000000000
    .354000100         .000000000
    .355000100         .000000000
    .356000100         .000000000
    .357000100         .000000000
    .358000100         .000000000
    .359000100         .000000000
    .360000100         .000000000
    .361000100         .000000000
    .362000100         .000000000
    .363000100         .000000000
    .364000100         .000000000
    .365000100         .000000000
    .366000100         .000000000
    .367000100         .000000000
    .368000100         .000000000
    .369000100         .000000000
    .370000100         .000000000
    .371000100         .000000000
    .372000100         .000000000
    .373000100         .000000000
    .374000100         .000000000
    .375000100         .000000000
    .376000100         .000000000
    .377000100         .000000000
    .378000100         .000000000
    .379000100         .000000000
    .380000100         .000000000
    .381000100         .000000000
    .382000100         .000000000
    .383000100         .000000000
    .384000100         .000000000
    .385000100         .000000000
    .386000100         .000000000
    .387000100         .000000000
    .388000100         .000000000
    .389000100         .000000000
    .390000100         .000000000
    .391000100         .000000000
    .392000100         .000000000
    .393000100         .000000000
    .394000100         .000000000
    .395000100         .000000000
    .396000100         .000000000
    .397000100         .000000000
    .398000100         .000000000
    .399000100         .000000000
    .400000100         .000000000
    .401000100         .000000000
    .402000100         .000000000
    .403000100         .000000000
    .404000100         .000000000
    .405000100         .000000000
    .406000100         .000000000
    .407000100         .000000000
    .408000100         .000000000
    .409000100         .000000000
    .410000100         .000000000
    .411000100         .000000000
    .412000100         .000000000
    .413000100         .000000000
    .414000100         .000000000
    .415000100         .000000000
    .416000100         .000000000
    .417000100         .000000000
    .418000100         .000000000
    .419000100         .000000000
    .420000100         .000000000
    .421000100         .000000000
    .422000100         .000000000
    .423000100         .000000000
    .424000100         .000000000
    .425000100         .000000000
    .426000100         .000000000
    .427000100         .000000000
    .428000100         .000000000
    .429000100         .000000000
    .430000100         .000000000
    .431000100         .000000000
    .432000100         .000000000
    .433000100         .000000000
    .434000100         .000000000
    .435000100         .000000000
    .436000100         .000000000
    .437000100         .000000000
    .438000100         .000000000
    .439000100         .000000000
    .440000100         .000000000
    .441000100         .000000000
    .442000100         .000000000
    .443000100         .000000000
    .444000100         .000000000
    .445000100         .000000000
    .446000100         .000000000
    .447000100         .000000000
    .448000100         .000000000
    .449000100         .000000000
    .450000100         .000000000
    .451000100         .000000000
    .452000100         .000000000
    .453000100         .000000000
    .454000100         .000000000
    .455000100         .000000000
    .456000100         .000000000
    .457000100         .000000000
    .458000100         .000000000
    .459000100         .000000000
    .460000100         .000000000
    .461000100         .000000000
    .462000100         .000000000
    .463000100         .000000000
    .464000100         .000000000
    .465000100         .000000000
    .466000100         .000000000
    .467000100         .000000000
    .468000100         .000000000
    .469000100         .000000000
    .470000100         .000000000
    .471000100         .000000000
    .472000100         .000000000
    .473000100         .000000000
    .474000100         .000000000
    .475000100         .000000000
    .476000100         .000000000
    .477000100         .000000000
    .478000100         .000000000
    .479000100         .000000000
    .480000100         .000000000
    .481000100         .000000000
    .482000100         .000000000
    .483000100         .000000000
    .484000100         .000000000
    .485000100         .000000000
    .486000100         .000000000
    .487000100         .000000000
    .488000100         .000000000
    .489000100         .000000000
    .490000100         .000000000
    .491000100         .000000000
    .492000100         .000000000
    .493000100         .000000000
    .494000100         .000000000
    .495000100         .000000000
    .496000100         .000000000
    .497000100         .000000000
    .498000100         .000000000
    .499000100         .000000000
    .500000100         .000000000
    .501000000         .000000000
    .502000100         .000000000
    .503000100         .000000000
    .504000100         .000000000
    .505000100         .000000000
    .506000000         .000000000
    .507000100         .000000000
    .508000100         .000000000
    .509000100         .000000000
    .510000100         .000000000
    .511000100         .000000000
    .512000100         .000000000
    .513000100         .000000000
    .514000100         .000000000
    .515000000         .000000000
    .516000100         .000000000
    .517000100         .000000000
    .518000100         .000000000
    .519000100         .000000000
    .520000100         .000000000
    .521000100         .000000000
    .522000100         .000000000
    .523000100         .000000000
    .524000000         .000000000
    .525000100         .000000000
    .526000100         .000000000
    .527000100         .000000000
    .528000100         .000000000
    .529000000         .000000000
    .530000100         .000000000
    .531000100         .000000000
    .532000100         .000000000
    .533000100         .000000000
    .534000100         .000000000
    .535000100         .000000000
    .536000100         .000000000
    .537000100         .000000000
    .538000000         .000000000
    .539000100         .000000000
    .540000100         .000000000
    .541000100         .000000000
    .542000100         .000000000
    .543000100         .000000000
    .544000100         .000000000
    .545000100         .000000000
    .546000100         .000000000
    .547000100         .000000000
    .548000100         .000000000
    .549000100         .000000000
    .550000100         .000000000
    .551000100         .000000000
    .552000000         .000000000
    .553000100         .000000000
    .554000100         .000000000
    .555000100         .000000000
    .556000100         .000000000
    .557000100         .000000000
    .558000100         .000000000
    .559000100         .000000000
    .560000100         .000000000
    .561000000         .000000000
    .562000100         .000000000
    .563000100         .000000000
    .564000100         .000000000
    .565000100         .000000000
    .566000100         .000000000
    .567000100         .000000000
    .568000100         .000000000
    .569000100         .000000000
    .570000100         .000000000
    .571000100         .000000000
    .572000100         .000000000
    .573000100         .000000000
    .574000100         .000000000
    .575000000         .000000000
    .576000100         .000000000
    .577000100         .000000000
    .578000100         .000000000
    .579000100         .000000000
    .580000100         .000000000
    .581000100         .000000000
    .582000100         .000000000
    .583000100         .000000000
    .584000100         .000000000
    .585000100         .000000000
    .586000100         .000000000
    .587000100         .000000000
    .588000100         .000000000
    .589000000         .000000000
    .590000100         .000000000
    .591000100         .000000000
    .592000100         .000000000
    .593000100         .000000000
    .594000100         .000000000
    .595000100         .000000000
    .596000100         .000000000
    .597000100         .000000000
    .598000000         .000000000
    .599000100         .000000000
    .600000100         .000000000
    .601000100         .000000000
    .602000100         .000000000
    .603000100         .000000000
    .604000100         .000000000
    .605000100         .000000000
    .606000100         .000000000
    .607000100         .000000000
    .608000100         .000000000
    .609000100         .000000000
    .610000100         .000000000
    .611000100         .000000000
    .612000000         .000000000
    .613000100         .000000000
    .614000100         .000000000
    .615000100         .000000000
    .616000100         .000000000
    .617000100         .000000000
    .618000100         .000000000
    .619000100         .000000000
    .620000100         .000000000
    .621000100         .000000000
    .622000100         .000000000
    .623000100         .000000000
    .624000100         .000000000
    .625000100         .000000000
    .626000100         .000000000
    .627000100         .000000000
    .628000100         .000000000
    .629000100         .000000000
    .630000100         .000000000
    .631000100         .000000000
    .632000100         .000000000
    .633000100         .000000000
    .634000100         .000000000
    .635000100         .000000000
    .636000100         .000000000
    .637000100         .000000000
    .638000100         .000000000
    .639000100         .000000000
    .640000100         .000000000
    .641000100         .000000000
    .642000100         .000000000
    .643000100         .000000000
    .644000100         .000000000
    .645000100         .000000000
    .646000100         .000000000
    .647000100         .000000000
    .648000100         .000000000
    .649000000         .000000000
    .650000100         .000000000
    .651000100         .000000000
    .652000100         .000000000
    .653000100         .000000000
    .654000100         .000000000
    .655000100         .000000000
    .656000100         .000000000
    .657000100         .000000000
    .658000100         .000000000
    .659000100         .000000000
    .660000100         .000000000
    .661000100         .000000000
    .662000100         .000000000
    .663000100         .000000000
    .664000100         .000000000
    .665000100         .000000000
    .666000100         .000000000
    .667000100         .000000000
    .668000100         .000000000
    .669000100         .000000000
    .670000100         .000000000
    .671000100         .000000000
    .672000100         .000000000
    .673000100         .000000000
    .674000100         .000000000
    .675000100         .000000000
    .676000100         .000000000
    .677000100         .000000000
    .678000100         .000000000
    .679000100         .000000000
    .680000100         .000000000
    .681000100         .000000000
    .682000100         .000000000
    .683000100         .000000000
    .684000100         .000000000
    .685000100         .000000000
    .686000100         .000000000
    .687000100         .000000000
    .688000100         .000000000
    .689000100         .000000000
    .690000100         .000000000
    .691000100         .000000000
    .692000100         .000000000
    .693000100         .000000000
    .694000100         .000000000
    .695000100         .000000000
    .696000100         .000000000
    .697000100         .000000000
    .698000100         .000000000
    .699000100         .000000000
    .700000100         .000000000
    .701000100         .000000000
    .702000100         .000000000
    .703000100         .000000000
    .704000100         .000000000
    .705000100         .000000000
    .706000100         .000000000
    .707000100         .000000000
    .708000100         .000000000
    .709000100         .000000000
    .710000100         .000000000
    .711000100         .000000000
    .712000100         .000000000
    .713000100         .000000000
    .714000100         .000000000
    .715000100         .000000000
    .716000100         .000000000
    .717000100         .000000000
    .718000100         .000000000
    .719000100         .000000000
    .720000100         .000000000
    .721000100         .000000000
    .722000100         .000000000
    .723000100         .000000000
    .724000100         .000000000
    .725000100         .000000000
    .726000100         .000000000
    .727000100         .000000000
    .728000100         .000000000
    .729000100         .000000000
    .730000100         .000000000
    .731000100         .000000000
    .732000100         .000000000
    .733000100         .000000000
    .734000100         .000000000
    .735000100         .000000000
    .736000100         .000000000
    .737000100         .000000000
    .738000100         .000000000
    .739000100         .000000000
    .740000100         .000000000
    .741000100         .000000000
    .742000100         .000000000
    .743000100         .000000000
    .744000100         .000000000
    .745000100         .000000000
    .746000100         .000000000
    .747000100         .000000000
    .748000100         .000000000
    .749000100         .000000000
    .750000100         .000000000
    .751000100         .000000000
    .752000100         .000000000
    .753000100         .000000000
    .754000100         .000000000
    .755000100         .000000000
    .756000100         .000000000
    .757000100         .000000000
    .758000100         .000000000
    .759000100         .000000000
    .760000100         .000000000
    .761000100         .000000000
    .762000100         .000000000
    .763000100         .000000000
    .764000100         .000000000
    .765000100         .000000000
    .766000100         .000000000
    .767000100         .000000000
    .768000100         .000000000
    .769000100         .000000000
    .770000100         .000000000
    .771000100         .000000000
    .772000100         .000000000
    .773000100         .000000000
    .774000100         .000000000
    .775000100         .000000000
    .776000100         .000000000
    .777000100         .000000000
    .778000100         .000000000
    .779000100         .000000000
    .780000100         .000000000
    .781000100         .000000000
    .782000100         .000000000
    .783000100         .000000000
    .784000100         .000000000
    .785000100         .000000000
    .786000100         .000000000
    .787000100         .000000000
    .788000100         .000000000
    .789000100         .000000000
    .790000100         .000000000
    .791000100         .000000000
    .792000100         .000000000
    .793000100         .000000000
    .794000100         .000000000
    .795000100         .000000000
    .796000100         .000000000
    .797000100         .000000000
    .798000100         .000000000
    .799000100         .000000000
    .800000100         .000000000
    .801000100         .000000000
    .802000100         .000000000
    .803000100         .000000000
    .804000100         .000000000
    .805000100         .000000000
    .806000100         .000000000
    .807000100         .000000000
    .808000100         .000000000
    .809000100         .000000000
    .810000100         .000000000
    .811000100         .000000000
    .812000100         .000000000
    .813000100         .000000000
    .814000100         .000000000
    .815000100         .000000000
    .816000100         .000000000
    .817000100         .000000000
    .818000100         .000000000
    .819000100         .000000000
    .820000100         .000000000
    .821000100         .000000000
    .822000100         .000000000
    .823000100         .000000000
    .824000100         .000000000
    .825000100         .000000000
    .826000100         .000000000
    .827000100         .000000000
    .828000100         .000000000
    .829000100         .000000000
    .830000100         .000000000
    .831000100         .000000000
    .832000100         .000000000
    .833000100         .000000000
    .834000100         .000000000
    .835000100         .000000000
    .836000100         .000000000
    .837000100         .000000000
    .838000100         .000000000
    .839000100         .000000000
    .840000100         .000000000
    .841000100         .000000000
    .842000100         .000000000
    .843000100         .000000000
    .844000100         .000000000
    .845000100         .000000000
    .846000100         .000000000
    .847000100         .000000000
    .848000100         .000000000
    .849000100         .000000000
    .850000100         .000000000
    .851000100         .000000000
    .852000100         .000000000
    .853000100         .000000000
    .854000100         .000000000
    .855000100         .000000000
    .856000100         .000000000
    .857000100         .000000000
    .858000100         .000000000
    .859000100         .000000000
    .860000100         .000000000
    .861000100         .000000000
    .862000100         .000000000
    .863000100         .000000000
    .864000100         .000000000
    .865000100         .000000000
    .866000100         .000000000
    .867000100         .000000000
    .868000100         .000000000
    .869000100         .000000000
    .870000100         .000000000
    .871000100         .000000000
    .872000100         .000000000
    .873000100         .000000000
    .874000100         .000000000
    .875000100         .000000000
    .876000100         .000000000
    .877000100         .000000000
    .878000100         .000000000
    .879000100         .000000000
    .880000100         .000000000
    .881000100         .000000000
    .882000100         .000000000
    .883000100         .000000000
    .884000100         .000000000
    .885000100         .000000000
    .886000100         .000000000
    .887000100         .000000000
    .888000100         .000000000
    .889000100         .000000000
    .890000100         .000000000
    .891000100         .000000000
    .892000100         .000000000
    .893000100         .000000000
    .894000100         .000000000
    .895000100         .000000000
    .896000100         .000000000
    .897000100         .000000000
    .898000100         .000000000
    .899000100         .000000000
    .900000100         .000000000
    .901000100         .000000000
    .902000100         .000000000
    .903000100         .000000000
    .904000100         .000000000
    .905000100         .000000000
    .906000100         .000000000
    .907000100         .000000000
    .908000100         .000000000
    .909000100         .000000000
    .910000100         .000000000
    .911000100         .000000000
    .912000100         .000000000
    .913000100         .000000000
    .914000100         .000000000
    .915000100         .000000000
    .916000100         .000000000
    .917000100         .000000000
    .918000100         .000000000
    .919000100         .000000000
    .920000100         .000000000
    .921000100         .000000000
    .922000100         .000000000
    .923000100         .000000000
    .924000100         .000000000
    .925000100         .000000000
    .926000100         .000000000
    .927000100         .000000000
    .928000100         .000000000
    .929000100         .000000000
    .930000100         .000000000
    .931000100         .000000000
    .932000100         .000000000
    .933000100         .000000000
    .934000100         .000000000
    .935000100         .000000000
    .936000100         .000000000
    .937000100         .000000000
    .938000100         .000000000
    .939000100         .000000000
    .940000100         .000000000
    .941000100         .000000000
    .942000100         .000000000
    .943000100         .000000000
    .944000100         .000000000
    .945000100         .000000000
    .946000100         .000000000
    .947000100         .000000000
    .948000100         .000000000
    .949000100         .000000000
    .950000100         .000000000
    .951000100         .000000000
    .952000100         .000000000
    .953000100         .000000000
    .954000100         .000000000
    .955000100         .000000000
    .956000100         .000000000
    .957000100         .000000000
    .958000100         .000000000
    .959000100         .000000000
    .960000100         .000000000
    .961000100         .000000000
    .962000100         .000000000
    .963000100         .000000000
    .964000100         .000000000
    .965000100         .000000000
    .966000100         .000000000
    .967000100         .000000000
    .968000100         .000000000
    .969000100         .000000000
    .970000100         .000000000
    .971000100         .000000000
    .972000100         .000000000
    .973000100         .000000000
    .974000100         .000000000
    .975000100         .000000000
    .976000100         .000000000
    .977000100         .000000000
    .978000100         .000000000
    .979000100         .000000000
    .980000100         .000000000
    .981000100         .000000000
    .982000100         .000000000
    .983000100         .000000000
    .984000100         .000000000
    .985000100         .000000000
    .986000100         .000000000
    .987000100         .000000000
    .988000100         .000000000
    .989000100         .000000000
    .990000100         .000000000
    .991000100         .000000000
    .992000100         .000000000
    .993000100         .000000000
    .994000100         .000000000
    .995000100         .000000000
    .996000100         .000000000
    .997000100         .000000000
    .998000100         .000000000
    .999000100         .000000000
   1.000000000         .000000000
