"pow"
1052
1112
1593
1859
1897
1257
1288
1158
975
1067
1044
1356
1913
2393
2484
2865
4046
5494
5342
5669
5547
5182
5258
5715
6058
7231
6988
6797
6210
6126
6058
6027
5654
5136
4892
4732
4747
4831
5304
5456
5753
6264
5684
6485
6782
6637
6690
6332
6538
5456
5037
6530
8115
6942
6698
7376
7460
9228
9540
11019
8794
6050
5768
8687
8892
7696
6027
6111
6614
7963
8268
8443
7917
6934
6408
5784
4153
3254
4686
10630
9761
7475
6759
6104
6035
6027
7071
7239
6660
3330
2713
3482
7422
8123
5654
5258
4884
7422
6119
4359
4442
4663
5441
6782
8626
9952
9502
9418
9304
8702
9334
6629
7125
7140
7361
8862
6637
5403
4984
4503
4115
3909
3444
3307
3010
3246
3650
3330
3520
4115
3871
2858
2027
1501
1029
785
914
1897
2827
3757
4351
4694
5593
6233
5616
4747
5075
5235
5410
5921
6454
5723
5639
6264
7102
7544
8146
8862
9563
9594
8801
8877
8634
8321
8153
8618
7963
7841
8138
8306
8199
8915
8961
8915
7993
7955
7795
7643
7689
7323
7544
7056
7346
7689
7826
7826
7795
7277
7064
7368
8047
8816
9296
10135
10378
10866
11041
11011
11194
10767
10340
10622
10996
10813
10203
9868
10478
10401
10782
10287
9731
10447
10759
10462
11118
12238
12504
11948
12222
11956
12154
11796
11529
10752
9380
7955
8367
9418
10874
9373
8153
7384
6142
6088
6576
6096
7110
7414
8717
9228
9472
8992
9746
9373
9487
10508
10828
10028
9106
8763
9784
9586
9556
9228
9060
9083
9144
8832
8298
8946
10356
10775
9693
8870
7574
7010
7148
7483
7719
7483
7368
7498
7597
8275
8108
8618
8595
9289
9205
9045
8778
7620
6248
6043
7308
6599
5730
5395
5692
5639
5296
4945
4542
4595
3856
4442
5471
4968
3620
4328
4633
4153
4115
4496
4320
5753
7110
9121
8900
6789
5197
4229
3757
4427
5357
4900
5509
5837
7026
6949
6248
6286
6652
6325
6348
8275
9959
10173
8923
7376
6988
8352
8390
9365
9571
7902
7117
7079
8702
8428
7559
7087
7986
8595
7734
7689
8047
8915
8862
8481
9434
10927
12154
12108
10546
9136
7368
6378
5898
5281
4656
3955
3033
2949
3528
4442
5624
6050
5357
4046
3078
2195
1844
1699
2073
1615
1219
1265
2004
2774
3307
3246
2659
2362
2088
1814
1486
1227
1547
1676
808
617
945
823
777
945
617
640
1021
1478
1836
1516
1219
853
937
1174
2438
3353
2957
2324
2789
2438
2316
2652
2659
1516
770
1265
1890
3109
3117
3376
3444
2240
465
0
46
747
1318
1844
3414
4389
3040
2568
1974
2096
2416
2629
2873
1829
1242
1646
1174
678
183
168
518
1189
1364
1836
2042
1981
1554
526
221
968
1753
1219
1562
1722
2126
3543
4336
3261
2073
1836
1654
2438
3421
4488
5586
4930
4442
3460
2012
1615
1890
3040
3475
3734
5220
7300
9144
8847
8047
6469
5631
5624
5730
5997
5441
4869
4503
6149
7559
7087
5890
5555
5182
4442
4351
3787
2888
3124
4534
5029
4938
6622
9396
10744
10157
8694
7765
8291
8755
7551
6271
6515
7102
7422
7087
5837
4062
3193
3330
4176
5768
7483
8550
8176
6888
5532
4237
3589
3322
3277
2941
2271
1913
2248
2355
2515
3162
3307
3932
5753
6949
6180
4831
4862
4496
4298
4816
5037
4755
4884
5037
4252
4016
4602
5067
5814
4953
4481
3970
4191
4793
5311
5662
5906
6683
7666
7696
7178
8032
8214
8649
8237
6843
6523
6881
7529
7376
8306
8138
8024
7666
7940
7559
7048
6911
7635
9357
9975
11994
13343
13670
13122
11110
10965
11156
11552
12230
11179
10714
10325
10455
11003
12405
13030
13076
13632
14371
14973
14691
13693
13510
13609
13533
12718
12459
12817
13091
13091
12543
12474
12764
12398
12169
11468
11499
10859
10980
11323
11476
11560
10211
10196
9754
10150
9883
9830
10630
11118
11971
12299
12398
13091
13373
13381
13663
14577
15331
15545
15499
14836
14150
13846
13358
13526
13289
14288
15362
15621
15583
14036
12802
13183
14265
14600
14470
14554
14028
13106
12992
13183
14227
14417
13503
12078
10569
11537
11316
11918
12383
13343
12908
12992
14432
13579
12428
12314
11720
12009
11933
12101
12040
12657
12482
12512
11582
12215
12764
13663
13838
14455
13929
14188
14851
13792
13175
13320
13495
13548
13983
14432
14265
15674
14074
13647
14417
13594
12451
11179
13053
13419
12002
11742
11361
10409
10706
10279
11681
10622
9685
11163
13236
10973
10424
9274
10401
10401
10500
9533
9243
9578
8245
9815
10478
11064
10188
10180
10051
8656
8283
11659
9784
10089
9792
11262
8915
10721
9030
9030
13693
15217
10973
10523
9540
8192
8931
8230
8542
8976
8717
8915
9548
9373
10081
10645
9578
10089
10074
10089
10622
11247
11270
9426
12070
10493
8679
8854
8405
7407
7673
9891
8313
8275
8801
8397
9030
10371
9609
8230
8092
7186
6614
5890
6066
7658
8321
7910
7902
7856
8077
8976
8550
10561
11087
10165
8961
7231
6919
7551
9205
9586
9418
9083
9418
9266
8634
8138
8115
8169
7803
7734
8473
8702
8885
8458
8176
7833
7399
8077
7955
8679
9936
9556
8374
9167
9494
9472
8885
8649
8435
7155
7003
6523
6797
6119
6165
7498
7041
7041
7551
8237
8123
8047
8961
9769
9296
8923
8892
9540
10485
11224
11422
12306
12939
12101
11285
11621
10493
9837
10028
9342
9837
9967
10333
10668
10607
10653
10828
11781
11422
10721
9030
8672
8230
8481
8641
8146
7224
6927
7452
7788
8100
7727
7254
6614
6325
6431
6309
6195
6096
6683
6789
6508
6439
5791
5182
5044
4793
4778
4648
5204
5951
6477
6066
5746
6073
6492
6896
6348
6629
7003
6782
6835
7033
6462
7102
7391
6828
6873
6850
7300
7262
6553
6614
6759
7033
7506
8100
8009
8496
7399
6538
6454
6660
7010
7833
8024
7681
7658
7498
7399
7094
6126
6248
6599
6942
7849
8382
7803
8123
8100
8047
7864
7460
7498
7300
7155
7132
7391
7300
7422
7468
7826
7292
7689
7437
6584
7140
7498
8024
7993
7856
8565
8702
8336
9479
9944
9921
9662
9296
9327
8938
9220
9967
9837
8938
9106
8664
8428
8710
8382
7475
7940
7948
8603
8169
8550
9510
13594
14265
12436
10516
9327
7650
7986
7330
6789
7368
8130
8070
8664
8451
8214
8634
10051
10493
9258
8832
8641
8153
7879
7978
8077
7315
8138
8344
7803
7178
6698
7178
8130
8489
8390
8572
9098
9525
8527
7772
7110
7102
6614
6469
6645
7498
8458
8732
8489
8420
8123
7970
7727
7521
7026
7003
6995
7224
7323
7178
6241
6485
7048
8016
8047
8976
7612
6919
6218
6302
3155
2461
2324
2088
1280
617
556
495
709
952
831
1059
1250
2034
2034
2217
1981
2225
2339
2454
2408
2538
2538
2210
2324
1547
846
625
617
792
1318
1646
2225
2309
2690
3109
3292
3460
3193
2195
1570
1440
1280
1067
1128
1433
1189
831
907
1341
1181
1219
1463
1936
2568
3315
3886
4145
3901
3414
3018
2911
2751
2393
2271
2903
3071
3193
4122
4191
3627
4915
6157
6355
7658
8778
14265
16391
14585
9936
7605
8359
6187
6035
5075
4831
5364
6972
8679
8047
6759
5563
5494
5304
4656
5029
8481
9434
9472
12893
12040
9662
5578
4618
4968
5662
5966
5928
6264
6995
6180
9494
15568
16916
9068
8527
8222
7628
11666
16490
17823
18768
17084
16970
18928
16558
13586
10386
8527
5982
5486
6736
7094
8359
10622
15545
13975
14722
15872
17549
14402
8892
7872
5837
6271
6698
5829
5654
6073
5898
7346
10836
15293
14318
14006
14478
14341
16650
18250
13800
11087
10904
8252
10356
9563
8984
11621
15499
12603
10531
11445
10668
7483
6386
6706
6157
6713
7064
8527
8885
9830
12573
17656
17717
17183
16916
18905
18913
16413
12398
10043
9761
8329
8877
7155
8230
9868
7330
6873
7292
7567
9891
12893
11521
11171
10287
10980
11605
11773
13960
14905
14288
15370
16375
15232
15278
13762
17640
18616
17374
16749
14600
13068
12779
12398
11750
9586
8832
8816
7803
6828
7308
9197
10066
7056
5586
5639
7071
8656
9517
8794
9098
8252
8268
8153
7628
7910
8512
9136
8352
6843
5410
4100
3627
3840
4366
4343
4153
4191
4130
4976
4724
4176
2499
2858
2850
2896
2416
1920
2675
2476
1943
2408
1936
1288
1440
1364
1029
