0.00498	-0.31232
0.00995	-0.24445
0.01493	-0.20398
0.01990	-0.13291
0.02488	-0.07582
0.02985	-0.01094
0.03483	-0.00865
0.03980	-0.00047
0.04478	0.06948
0.04975	0.07899
0.05473	0.08632
0.05970	0.09368
0.06468	0.10777
0.06965	0.14865
0.07463	0.15978
0.07960	0.17564
0.08458	0.19966
0.08955	0.27658
0.09453	0.31762
0.09950	0.33518
0.10448	0.33783
0.10945	0.37953
0.11443	0.38963
0.11940	0.39009
0.12438	0.39211
0.12935	0.42098
0.13433	0.42615
0.13930	0.43438
0.14428	0.45380
0.14925	0.45479
0.15423	0.47143
0.15920	0.48250
0.16418	0.48324
0.16915	0.49544
0.17413	0.50368
0.17910	0.53416
0.18408	0.54620
0.18905	0.55380
0.19403	0.55816
0.19900	0.57019
0.20398	0.57120
0.20896	0.57473
0.21393	0.57758
0.21891	0.58766
0.22388	0.59275
0.22886	0.59358
0.23383	0.60049
0.23881	0.60571
0.24378	0.61292
0.24876	0.61421
0.25373	0.61801
0.25871	0.62361
0.26368	0.62697
0.26866	0.65231
0.27363	0.65683
0.27861	0.65834
0.28358	0.66157
0.28856	0.67360
0.29353	0.69243
0.29851	0.71562
0.30348	0.73450
0.30846	0.74144
0.31343	0.77495
0.31841	0.79411
0.32338	0.79581
0.32836	0.79706
0.33333	0.79795
0.33831	0.80044
0.34328	0.82820
0.34826	0.84640
0.35323	0.84719
0.35821	0.85730
0.36318	0.86440
0.36816	0.86966
0.37313	0.87376
0.37811	0.87845
0.38308	0.88049
0.38806	0.88113
0.39303	0.88974
0.39801	0.89170
0.40299	0.89283
0.40796	0.90060
0.41294	0.92277
0.41791	0.93635
0.42289	0.94315
0.42786	0.95456
0.43284	0.95911
0.43781	0.97146
0.44279	0.97826
0.44776	0.97979
0.45274	0.97985
0.45771	0.98285
0.46269	0.98738
0.46766	0.98969
0.47264	0.99214
0.47761	1.00383
0.48259	1.02352
0.48756	1.03789
0.49254	1.04479
0.49751	1.04837
0.50249	1.04896
0.50746	1.04914
0.51244	1.05031
0.51741	1.05220
0.52239	1.06393
0.52736	1.08228
0.53234	1.10508
0.53731	1.10910
0.54229	1.11102
0.54726	1.12230
0.55224	1.12551
0.55721	1.13400
0.56219	1.13519
0.56716	1.13980
0.57214	1.14183
0.57711	1.14278
0.58209	1.15109
0.58706	1.15199
0.59204	1.15540
0.59701	1.16970
0.60199	1.17393
0.60697	1.17973
0.61194	1.18532
0.61692	1.20877
0.62189	1.22040
0.62687	1.22702
0.63184	1.22706
0.63682	1.22901
0.64179	1.25149
0.64677	1.26511
0.65174	1.27223
0.65672	1.27545
0.66169	1.30221
0.66667	1.32439
0.67164	1.33194
0.67662	1.33385
0.68159	1.34937
0.68657	1.35641
0.69154	1.35856
0.69652	1.36401
0.70149	1.36590
0.70647	1.36795
0.71144	1.36883
0.71642	1.38497
0.72139	1.39249
0.72637	1.39681
0.73134	1.40407
0.73632	1.40979
0.74129	1.41503
0.74627	1.44658
0.75124	1.44716
0.75622	1.46818
0.76119	1.47686
0.76617	1.48286
0.77114	1.48527
0.77612	1.50035
0.78109	1.50233
0.78607	1.50831
0.79104	1.51153
0.79602	1.51492
0.80100	1.52091
0.80597	1.53637
0.81095	1.53860
0.81592	1.55110
0.82090	1.56222
0.82587	1.56327
0.83085	1.56555
0.83582	1.56810
0.84080	1.57843
0.84577	1.59086
0.85075	1.62011
0.85572	1.62090
0.86070	1.62624
0.86567	1.63331
0.87065	1.64294
0.87562	1.64471
0.88060	1.64546
0.88557	1.67419
0.89055	1.68192
0.89552	1.68292
0.90050	1.69478
0.90547	1.70439
0.91045	1.78858
0.91542	1.79999
0.92040	1.84485
0.92537	1.85295
0.93035	1.86572
0.93532	1.88879
0.94030	1.90336
0.94527	1.95051
0.95025	1.96180
0.95522	1.97431
0.96020	2.04516
0.96517	2.04853
0.97015	2.06082
0.97512	2.07985
0.98010	2.09538
0.98507	2.12929
0.99005	2.39907
0.99502	2.42371
