1	United States	0.34047	0.340
2	Brazil	0.11759	0.458
3	Japan	0.06413	0.522
4	India	0.06250	0.584
5	Germany	0.02267	0.607
6	United Kingdom	0.01639	0.623
7	Russia	0.01419	0.637
8	France	0.00986	0.647
9	Portugal	0.00880	0.656
10	Italy	0.00817	0.664
11	Mexico	0.00737	0.672
12	Spain	0.00598	0.678
13	Canada	0.00570	0.683
14	South Korea	0.00544	0.689
15	Indonesia	0.00516	0.694
16	Turkey	0.00492	0.699
17	Sweden	0.00481	0.704
18	Australia	0.00450	0.708
19	Taiwan	0.00443	0.713
20	Netherlands	0.00429	0.717
21	Poland	0.00395	0.721
22	Switzerland	0.00370	0.725
23	Argentina	0.00357	0.728
24	Thailand	0.00354	0.732
25	Philippines	0.00308	0.735
