0 0.25
1 0.35
2 0.3
3 0.35
4 0.45
5 0.685
6 0.695
7 0.645
8 0.63
9 0.625
10 0.63
11 0.645
12 0.67
13 0.695
14 0.815
15 0.875
16 1.285
17 1.305
18 1.315
19 1.36
20 1.3
21 1.15
22 1.25
23 1.68
24 1.785
25 1.975
26 2.3
27 2.555
28 2.525
29 2.605
30 2.78
31 3.63
32 3.89
33 4.64
34 4.825
35 5.53
36 5.68
37 5.755
38 5.825
39 5.89
40 5.945
41 6.49
42 6.77
43 6.955
44 7.2
45 7.31
46 7.28
47 7.32
48 7.375
49 7.535
50 8.13
51 8.21
52 8.13
53 8.76
54 10.02
55 14.135
56 17.795
57 18.105
58 19.22
59 21.265
60 26.98
61 36.635
62 36.115
63 35.44
64 48.02
65 51.34
66 52.62
67 54.385
68 51.59
69 46.275
70 42.2
71 41.13
72 41.13
73 50.085
74 67.24
75 73.685
76 75.555
77 75.705
78 77.06
79 72.175
80 64.475
81 74.68
82 96.175
83 117.175
84 148.415
85 159.645
86 162.5
87 170
88 188.095
89 219.05
90 243.335
91 240.475
92 248.095
93 264.76
94 345.715
95 370.475
96 441.905
97 526.665
98 548.095
99 554.76
100 759.525
