# Columns: x		a			y
1.75225101075	4.59148694303423	7.74450994087464
-0.683705143117251	0.0915632760641083	-0.430756704759593
-1.29116488976766	1.94822246727974	-3.23773835732978
0.378208755580246	-2.40332601662745	5.36153187899343
-1.53718502507485	-2.59921993496644	-4.49323279859937
-1.34957802400162	2.66152339139825	-1.69359657799042
0.950776649002393	-2.83941752749293	1.7559097470588
-1.24541495539724	-3.06524792448485	-2.26989421736607
-1.36407231703083	-1.58858429602019	-4.05996566534511
-1.42708169142206	-1.90007831107414	0.202267483942897
0.272169337554004	-3.32111428943704	5.89235060320192
-0.596164438790723	-4.29124996920564	7.61621324687337
-0.266072938462059	2.80335743519417	-3.16292778288539
0.552500529673253	-2.1695938588886	6.41609667375687
-0.373533719824621	1.94449204668381	-2.95693321879007
0.751443246012499	-2.86000503944671	2.9716643705723
1.40741466242673	-2.77739668866041	2.12323010983351
-0.863090954489891	-2.97272106976305	0.291314927462133
0.486519715829758	-3.25062042610711	6.36118204858352
0.3540477554224	-4.20330866149154	6.50678208397034
1.92865058265107	-1.4963874962927	4.27137678930642
-0.446777273870779	-2.34154901573989	1.98320392653825
-1.65574378618041	-2.92134914781394	-1.3523155163119
-0.882996009125819	-2.80969835491555	-0.208689346945458
1.63162464118432	-2.14787790240519	2.08042811463051
-1.14400740321348	1.68026175442723	-3.75697340594617
-0.637529388083323	-3.11011747980058	2.49375063774053
0.294517487053596	0.819156342837404	1.46039181198974
-0.854671415004134	2.74430183165753	-8.16951630353837
-0.473829475815464	3.32713833209466	-9.37382840311563
-0.282012836550024	2.31494354608689	-6.33474252560076
1.08238378161717	2.16239989038566	-3.48563018698005
-0.668963066051788	1.7783574083364	-1.90092945042099
1.93462741505193	2.46764549743257	15.3509862668804
-0.538293498555646	0.703291956464549	-4.0762392497913
-1.68112048121232	0.549432387661859	3.10358360745851
0.736763082899927	-1.94635496145239	4.15350500190574
0.176661035408657	-3.96556436156573	10.4831013917959
-1.93920603361991	-4.1438410303031	-4.10313563231033
-1.05763609653685	-3.02925602218055	-1.36511901411799
-0.589851289974149	-2.86006466829722	6.53538356169081
-0.615932490950669	-4.46017194232566	7.97812096344608
0.747874829494521	-2.91766491575234	3.61614767367991
-0.0658185288898068	-1.33162647635617	-0.289129297586381
0.100024642904771	-3.88829773744545	8.08184957750568
1.09237411334801	-2.54906773819592	4.41850806357317
-1.86450877422621	-1.17096642970987	3.76324033813017
1.95954222172075	-3.84534618707846	4.93958585094428
-0.0505936416610666	-3.66335189715797	5.31923574423014
-0.616514590567405	-3.55741816746712	3.65189470439894
-0.797349560115805	-1.43087328168302	2.41400692974332
0.201724233493607	1.42769269674762	-0.767628445004843
1.14891348815883	0.521871077393271	1.20160300307559
1.57656127209749	-3.36119641890104	-0.0462437621137939
1.85296081426921	1.8304067294013	12.0448391820665
0.298228173660263	-3.68313866372977	7.44583970870489
-1.22281367856931	-4.10535467154532	-2.18312972881974
-0.121794727481344	-0.827706308928777	2.93295886829375
0.097016221489838	1.30155946857668	-3.62760366348907
-1.89905608999261	1.00244805440638	8.26854699280842
-0.0110304164766717	-5.067460561594	10.6873753407434
1.7402763639051	-3.48363896580659	2.61188486617076
0.0292590126124708	-0.631406315814123	0.884432068618678
1.40299794715587	-2.32972545421984	3.33958063612595
0.294800984404787	-4.07852308575035	8.53672522978547
1.26062717666657	-4.33447734632658	0.59842668325256
-0.157069129949974	0.963980279805215	-2.13306160413393
-0.05273208346064	-0.923560092928727	-0.918625633251774
-1.93116458767139	-1.31916104648585	5.16656950325411
0.787099695497332	-1.86371421807281	1.10245141393741
-0.965182693261312	-4.09283503040359	1.00948114037483
-1.96239191171698	2.65694194550014	7.92134993609668
-0.529088545266632	-3.17120175125788	3.71894720782982
1.37395491597108	-3.57873595008922	2.31477641869804
1.76071091388414	-2.23619195881872	1.51385899066592
-1.06684090318409	-1.50215861660809	-1.52148553744885
-0.789318594281724	4.04021761259844	-5.28325598730838
-0.244141487187207	-4.01956714034293	5.07138363489393
-0.733232883262275	1.25165391883779	-3.71453960950249
-0.124252969941622	2.87603326935192	-3.58240244351834
-1.76186468112826	1.14548826726872	0.823132797693165
-1.65162915404191	1.53811408441529	-1.07075482396125
-1.11738959803543	-2.41571216716701	-0.718282555078433
-1.02515702559147	-2.76417459557646	0.411200848829431
0.42631023551877	2.07685600205604	-4.52127311423307
0.193878033831439	-1.49934474595624	1.07735006655127
-0.151925018857781	-4.9003520328852	7.85898575588619
-0.914114715490214	-3.34890312611601	1.71003749086702
-0.783956288382797	2.87752647569669	-3.6722151905167
0.923832585969606	0.866291409116709	-3.122035085984
1.07323790277994	-5.06657539454865	2.41160233140566
0.0354945079141515	-2.86378307796413	3.71172534053946
1.30446243157184	2.32641791925994	-0.767398613445729
-0.684671540812914	-3.19964065771715	3.04393205614822
-0.19516903002463	-2.50626640735458	5.17947317945862
0.778266290263886	1.44998102822465	-3.82208757368261
-1.24885171585049	2.35031050364831	-5.59677995767118
-1.06680236707432	-2.18858580542013	-0.471917917930751
0.282606712426826	-1.32002545959095	2.8763911706399
-1.04105803350315	1.43511398535463	-1.55316084277215
1.00875203446736	2.04058688683815	-0.236386473374395
0.156264640250598	-4.44042035121648	11.1955195682989
0.195689349996002	-0.858777106564647	4.39928732338037
-0.517138842161231	0.679242911175838	-3.42340629663189
1.70588490669047	-4.89219841373418	-0.606844695248538
-1.48608680884927	-1.70714852782337	-3.5646364199533
0.657770420367541	1.68255405153862	-1.13912025033551
0.586226792978366	-1.40808587967278	0.130079385579827
1.55456724461413	-3.44988514054778	3.31528364099259
-1.93001366562872	-3.62689575102038	-3.74861003720531
0.265116775578377	-4.46124065125889	7.22885615520216
-0.997108195170782	2.11404657495632	-4.25014430374171
0.245007191720219	2.77919713891643	-7.96401243964021
1.38603977295186	-3.09156666021964	1.66088697902298
1.52415223129137	4.12510254473353	1.94664294596299
-1.45936042833507	2.00847110855032	-2.0337931086162
-0.962822721414057	-3.45798863411027	-0.587013134463302
0.613378226963974	0.181419855845729	2.22250767132861
-0.335240471335709	-1.7097335086722	-0.049604004216238
-0.960691776827971	1.72445161555891	-1.66607049717836
-1.94079082631242	1.91427975134346	7.4014038715053
1.17890837463661	-2.4588007930526	3.94416188841941
-1.09216730848314	-2.32973903699665	-1.21084168024636
1.55513346809794	2.65258240125692	3.9776830687574
0.862192893680628	-4.96324858989433	6.28084744644241
-1.54307984987064	-2.96849678810133	0.11273323303556
0.134897581224919	2.72230494992781	-3.46317028593956
-0.0926131293210943	0.0316059276787386	-2.09876832117945
0.0322027311520969	-3.37315573723563	6.57060346036037
-1.69175771734233	3.30293491437913	1.17770325164799
1.30521671837263	-2.04665780665717	2.3489265167023
1.57929775791597	-2.26003856475939	-1.02804866049605
0.783434291629476	2.7865600188467	-2.84991966294876
-1.59191082250503	-3.85151588322517	-5.14068961327923
-0.23939049633006	2.89547102736196	-5.38383433932936
-1.53260157097556	-3.74960788281611	-0.809202626481632
1.29888158729523	-3.41886795068971	0.655171408908262
-1.69989418542791	-2.82708086180093	0.408232654773968
1.81665708099419	-1.80063413521173	2.87580233378811
0.141355312015591	1.95523505102533	-5.8235845106372
-1.31783363760547	-3.84179692553656	1.01751839809253
-0.0300934750356276	-3.55323611046399	4.74336651022745
-0.985071507358583	2.69710884365125	-6.89277850449662
0.0670744203766702	-1.46293573492343	4.60669622168217
-1.04139002526188	-3.68930835581356	2.69272828703294
0.727573549502338	2.50780818838333	-4.86084635455336
-0.454232269025766	-3.56137866612917	6.33524488294433
1.55392915519853	1.31580790363112	0.33488177217658
0.525567478991263	-3.05036384457891	6.3045029432383
0.0634134370620956	-5.19840425704302	8.28249119695285
-1.72607395837005	0.147222713354976	-1.5691933983386
0.844383424857696	-4.32613365704675	3.83586810855038
-1.6009196993964	-2.97038352554957	-0.499396015150454
-0.929455147213091	-3.79006991447835	2.18626789278737
-1.67368336869598	-3.79657329399259	-4.19604354195527
1.54060446549265	-3.86052492227913	0.232671069957703
-0.178795695725796	-1.48040148983827	1.92309290415337
-1.37510851143826	1.62478000136156	-0.805377269815935
1.33631602785059	-3.58569174946417	3.22140176281973
-1.83509110897809	-3.62063840139946	-1.91649512472674
-1.74740960224028	-1.72718955106146	-0.548125999616986
-0.17134025049215	-1.76651960606838	1.34055872253322
-1.62625601795676	-1.53228500036953	-2.74327126428988
-0.276406368665747	3.89856509214923	-7.85316547966378
1.13819132062287	2.69059307002556	-0.666718879637574
-1.25432601891519	1.4204419422667	-1.84126906918141
0.702828238816011	-3.24425271789163	4.69490848673277
0.26890178153927	-1.70226799235498	4.34519744220426
1.44799719818252	-2.59900599854042	1.78560483222638
0.11180345158273	-1.98455474457555	5.90252579468906
0.368507991155838	-3.10374524963642	8.3630546946797
0.151093233799244	-3.48376803982006	8.12910464116519
-1.10537995653436	-2.23761705129618	-0.00241780254254031
0.854426364357678	2.67510127625278	-1.32421674599333
-0.0317433879555153	-2.50086025392599	3.0178811229976
1.37886254627118	1.31478848528267	-0.472058388761721
-1.3619900856246	-5.44710994281069	-2.23744735870248
0.702218093108584	-1.95660423398126	0.675407279137531
1.76361658894947	2.82639273155381	9.5378701055302
-0.343796928929422	-2.72789393724658	1.69457675398405
-1.38525087042098	-1.87566713110558	0.702974536823478
1.14880486181438	1.80343235984124	-3.9275175113502
-1.34825628865994	-3.49518359100001	1.88028065555916
1.56928816492642	-3.2845507487412	2.24640309576302
0.472892064782627	-3.49389077703615	7.19062470529886
0.22677147864529	-2.1146926268698	5.98270533513815
1.76885973455589	-2.32628194185479	4.89016449349363
-0.672441407670433	3.02137804067777	-6.38219933665251
-0.761647158900189	-0.809807108728609	2.07805901957016
0.065433730232499	-2.96907201566896	7.09736072044575
1.13851921308256	-3.29410773852086	4.84737989658583
1.62600125148468	1.32403550432979	5.84282786681845
0.758047929134477	-2.78704769799782	6.32154157873409
-0.402536100874087	0.757660458775135	-0.0888013193114743
0.499413212889834	-3.42094631215696	8.89761260362207
1.7351093582585	-2.30533171607787	5.41119713096105
-0.181468423812419	-3.08053667663271	8.21402560149082
-0.965827166910216	1.3019319763713	-0.45484619041455
-1.87103357403518	-3.51461789098629	-0.0591092877449002
-0.0767405374248398	-2.56518146372998	2.46735602419722
1.47437526966155	1.54591416614168	-0.703777000694228
0.272785320081496	-0.194516510825484	0.23858537607428
-0.813358929475982	-0.299362633586274	-2.45441183743624
-0.207242604657907	2.59314435010553	-5.30311562027852
0.0731944272751548	-1.2612903907569	1.08264017990001
1.09467845732901	1.50461264679298	1.26896030681694
-1.9114528823853	-4.24530917579468	-1.71709787784231
1.02262470199774	-2.10103621466535	2.06534776685775
-1.04332759588431	-3.46686269545357	0.85833839916211
1.16206649686781	2.54915814575291	-1.84123219146167
-1.86591991108244	0.185078019721785	5.42544304831487
-1.74714943884472	-2.55631929459091	-2.88982492156967
-0.240670022155598	-2.54632618680151	4.0585089714688
1.1602915532185	-3.89462501576698	-0.0070607659442663
1.66477117153934	-2.27833141871954	-0.720718063028989
-1.75164713642575	-3.13868549139864	-4.02191922154905
-1.78320603346492	1.9654951714429	7.23834593624399
-0.86050117841846	1.66253347270647	-1.31726968853021
-0.738254056564557	-3.08924897672488	5.04737006224731
-0.184192712175175	-2.19478646919609	4.50119726150808
-1.28191220133505	-3.63227685498378	1.38782067319676
-1.20368117300414	2.96530346184837	-3.63849502282055
1.88505384782925	-3.69222505381551	0.74814430206077
-1.0801538954827	-4.02577282636123	4.04806020975619
1.46465594169092	-2.38186914197793	3.2298919578737
1.15402895635346	-2.77014940908041	1.9474831787294
-1.38294305340347	-3.27802102504615	1.3600137355167
-1.29856967914777	-2.06217395475128	-3.04164371279585
1.6925993544333	-4.21867530770456	0.539487041618074
-1.66319663401758	1.9531467310908	-0.793776243301187
1.17195967105957	0.0235702067518	0.845590244516975
1.22249089150419	0.937636217068795	1.02188709800009
-0.678403190846666	-4.57027110159447	8.37276820123682
1.815865557706	-1.51366156591532	3.74977390982787
1.14082752398755	-2.73779143950814	0.966869169102137
-0.733251679514481	-2.65006534108786	-0.548971740241568
-0.350626718250226	-1.96601831555407	3.99024110025015
1.99591272585589	2.88618356354057	17.384079116654
-1.19001178117387	-3.08868449760611	2.1909824546494
1.87398631164341	-3.20124484139331	5.13610099732629
-0.962992117086173	2.90777110613653	-6.81114220072786
1.10986664666287	3.06939750348889	-1.76357754256789
1.26193982128061	-3.87715432859696	0.132910172291506
-0.131494557172644	-2.40381384049031	3.52526325285217
0.338006249370949	-2.94766866141415	7.53215769817153
-0.662896340231313	1.84581983105985	-7.02444620345664
-0.52928666564614	-3.17712546936059	6.22801878192893
1.79404839052118	2.37429618782032	10.7698196925765
1.21055218250194	2.44523726347324	-0.428265426931715
0.530607429297973	-1.96170415998651	2.51002780447285
0.554458090791712	-2.9891757661553	7.06795861994881
0.656700267866924	-2.76472624896361	5.11629887228456
-0.797143138325112	-1.52790141037138	-1.02461064653999
-0.954746081000494	-1.66584975877542	-2.47332516834967
0.750743536614806	-4.20212517694401	3.05369249791904
-1.08884259048433	-4.11746918765066	1.5991980110629
1.08869742153354	-3.52339452096806	0.974394411879513
-1.54654037758853	-2.50254001189898	-2.57337502667845
1.72610675601786	0.108825156970961	3.96309702619815
0.348856691623197	-3.95895410290202	7.6784985313866
1.51423631627682	-4.11509659658513	-1.19136870709573
0.40398280482556	3.47727022010584	-6.58783864389016
-0.600372348606442	-3.72360638624919	4.11112451220492
1.04079646456613	-2.27660510502242	0.917110794383705
-1.5543050503718	-3.43228633513201	-0.22598289090391
-1.04945541097986	1.90092687740252	-5.29681064834793
-1.38281069740995	-2.21178717066528	0.755985399447344
1.27299064958702	-1.30044350287592	2.01554075644621
-0.284424223267308	-2.19630313811959	1.74645910725612
-1.78758659869696	-1.8205006223511	-2.33494353550004
0.0124859367373631	-2.18839295132156	3.10814507733381
1.44541075858477	-3.96911913314088	-1.25267976053726
-0.624457266366676	2.7771811738596	-5.2860131970457
0.529953838349755	-1.13551937031349	-0.349116623239303
-1.32581860592009	-1.90050073975776	-0.760224869944752
0.0805177886494874	-3.82127178515932	8.29457201372488
0.486936671268097	-2.30380724028019	3.66363284469395
0.0826606686432712	-3.04077732007039	8.46240468404072
0.434803226228524	-3.8795906058954	7.34895245633759
-0.762901630301386	2.83986264515317	-2.87320473627735
0.0128767140922719	-3.99515442485689	8.90716407721755
-1.57883830498308	-1.88613536994608	-2.22120217770368
-0.477612138902742	-2.25972894414896	3.08392134531016
-0.481371545295772	-1.49653036888661	3.23910357410366
-0.0958636215298725	1.15625115615716	0.566883567132832
1.14136082687209	-3.95833437458685	3.30416931747479
0.974476863516571	-2.93206577679527	1.42164373570216
0.209824487508953	-2.6545189974285	5.2739209360277
0.267141122894259	-3.21998988609142	3.42703091882661
0.0490861920878416	-3.59744856802487	8.94999953117344
-1.20279053788377	3.64935400645587	-5.54648632919398
-1.48506238688908	-2.9280708519578	-1.87188734018735
-1.67333198912041	-2.81297116331275	-0.0542418155700668
0.115588709459885	-1.23840573194484	0.930866672782027
-0.261131548452312	-2.04157960056108	3.66737567237104
0.988732359555897	-3.24560222104704	6.05351628803549
1.09579459804331	-1.9912040495693	-0.627823992744815
-1.76621450729844	2.03648650543969	6.49339573117739
-1.69627843553261	-2.63402815553386	-2.13336059021753
-0.434501430792309	2.18913311019333	-6.58207900469226
1.27649925742111	1.9865353606653	2.92922112186321
0.615541016609896	0.777699975123116	-3.07287511889403
-1.98773531007109	-5.41787277353282	-4.65557881749068
0.559905440175484	-2.99045572945899	6.02025405465156
-0.341284818516101	-2.61143329586997	5.5366246886448
-1.57769160505488	-2.40195930536902	-1.70955351459257
1.85942314393341	1.7691898444293	8.46759968124632
-1.96944939394014	2.15210443836877	6.969163762942
0.573741495608658	2.21386319947492	-2.22293677835247
-1.86660535210784	1.66547825681824	5.2409559904151
-0.438191176135405	0.736619181377127	-1.41432422759801
-1.70528351606312	-5.15177481717079	-4.90582807801966
0.887373535920688	1.66941246669936	-3.99868978286401
-1.09625127533177	-4.20728991165421	0.734038376459194
0.835170751385675	-3.6631336108267	2.41560734310169
-0.569348093367537	-3.37058951563028	2.15159088202851
-0.625913365536064	-3.4259122537191	3.71675783374078
-1.1402194560893	-3.62348631345485	-1.89255623968234
-1.89237952189737	-0.114292742376596	4.87819240079744
-1.49131942415285	1.80002299132091	-2.94456841995167
-0.431250033430047	-4.31636613251592	5.34887725197113
0.478084670924844	-2.86284727729154	7.48528840089519
0.444468344899491	-1.97976002334171	1.83982270374594
0.199130377574122	-3.52941894411691	9.27139284482872
-0.493184600914844	-1.25022856776563	-0.841810225892613
-1.12365528330859	-2.14558708416865	-1.15595106436611
-0.0845221006720465	-3.16167553651686	7.23902603778831
0.395510340511109	-2.79272142135164	2.50705027268388
1.98537708378012	-1.83491966360508	3.87035983218842
-1.55608463127082	-1.63802224951271	-1.54714824328901
-0.758559864214732	-3.29676381608794	3.91769885470295
0.585066241799765	-4.0815762830029	6.87571185731389
1.64108701780373	2.03554516278188	6.95444367797457
-0.385100601521899	2.13235215355326	-7.23854553172317
-0.431907119559213	-2.60742795940702	2.82757908150758
0.852852822433746	-2.00166855291458	3.98835981606301
-1.53070380754104	-5.278673414626	-3.33803056454405
1.03973828381375	1.83196320474476	0.1480133370666
-1.92703015302678	-1.89968769511641	-1.41724943029637
-0.48569848294035	-2.82129617324849	4.1147979836156
-1.68787347713368	-4.83441710439404	-6.34098213809941
-0.319301511375656	-0.910565214036471	-1.61958692616559
0.44366489015718	-2.94134628115141	6.38193554409335
0.266968779652743	-5.08972422495291	9.62017286682397
-0.080878255755124	-3.16079102101219	6.44698342945979
0.617942204076783	-0.62410872776573	-1.90710893025603
-1.1093539678109	-4.2796519289309	0.794354868264363
-1.79574725231778	1.4703147275573	6.33986859290863
-1.28216787442017	-3.00167366015987	0.748267406293946
0.219402728268406	2.4796494072627	-4.09120948277924
-0.721942818630708	0.867089507658948	-4.78715079848586
1.74939638288855	-2.49382610385176	1.27330657628978
0.395814438359935	-2.49858657996142	5.02335159438485
0.850221892406651	-3.0221523462523	5.53210880818564
-1.63669064564161	-2.61904855771839	-1.15490513581149
0.19158460667829	-2.21245961177971	6.51723025346033
0.450231376856721	-3.98030047701793	7.03090548402229
-1.03566871752103	-0.57997151614136	1.30423502300442
0.409593901702948	-3.76723772715066	7.6481252914447
0.619422562399549	-3.36852374882783	3.83372393458352
0.354169807081917	-2.40250345856883	4.43210680673385
-0.8423482944293	-3.00387734845823	1.09292811561516
-1.85884602832337	-4.85645113618449	-4.90419702798316
0.170083235394074	3.12528622072033	-8.51599561351182
0.955121074098258	1.00550117517403	-0.39677670950078
-1.067372340441	-4.04398427114595	1.60802400751928
1.90313347970996	-3.00251170147815	3.07669732866101
1.10196649472981	-1.05752855917446	1.52687439556842
0.883435371773089	0.399040367646486	-0.348586290700293
-1.67181326614393	0.557497769328983	-0.484402351260818
-1.09250857021689	-3.52405453274241	3.00984689786779
-1.35065056209949	-1.38224290085235	-2.59930318446067
0.517132125353157	-3.8119870478531	8.41914119678202
1.44599914719539	-0.966666758634316	2.44191291338658
-1.27727018986727	-3.05734277678499	-3.07890898188155
-0.738739028463115	-2.52773533762056	4.49054532863232
-1.47812429459691	-4.03418471732381	-4.2866985503595
-1.07110873385004	-2.2824635718311	-1.13549612532962
-0.985558291524313	2.42151330855877	-6.55803851652906
-0.0667869026935506	-2.96856051571539	8.35033198163831
0.94636683168909	3.39413136286965	-4.87699579895098
1.73372019514171	-2.23328054382912	1.70191817038678
1.46984901167858	-4.55035695090603	4.04544283820785
-0.883501357312767	-2.70523389917944	2.69272667147264
0.776510987503457	-3.16633620662335	4.94929024067037
0.639725635146831	-3.74915958798403	5.15642211401834
0.533972321404093	-2.31685426444321	1.83060027057137
-0.719948568816861	2.93883715591968	-5.69054696927336
1.8966622987146	-1.76315974505896	6.45401052000678
-1.16737857587826	2.4532426867781	-5.90097709544532
0.926765780741363	-2.77826946066674	1.55239963823253
-1.31360862419332	0.250822652182588	-1.22173375642605
0.420660887491294	-2.40832804532743	4.08795854963162
0.0302537473700824	2.24727624553643	-2.86534468959279
-0.0341373828207736	1.04780302599113	-1.83633122778937
1.34547495328756	-0.568285351473034	3.92384583484119
-0.125560061811086	0.190993428684095	1.89550488013174
1.83081719064116	-3.7756802670769	0.670826901789499
-1.2575803854921	2.61343677037728	-3.14399545829854
-1.61462777552653	-2.56793877338674	-4.02220480773405
-0.0416681377004124	-3.18246069909397	5.53992064266485
