-5	-5	0.249903285445546	-0.0499806570891091
-5	-4.75	0.247659022404477	-0.0514410303990682
-5	-4.5	0.245323072128547	-0.0528800073619516
-5	-4.25	0.242898644010729	-0.054249485499675
-5	-4	0.240395312486123	-0.0554758413429514
-5	-3.75	0.237832822402673	-0.0564465743473783
-5	-3.5	0.235246639423272	-0.0569893267335251
-5	-3.25	0.23269542998797	-0.0568385545748007
-5	-3	0.23026932301096	-0.0555822503819558
-5	-2.75	0.228093226191967	-0.0525774216306907
-5	-2.5	0.226305910077782	-0.046821912429886
-5	-2.25	0.22496063863984	-0.0367891431145816
-5	-2	0.223726667087587	-0.0203387879170534
-5	-1.75	0.221267447925266	0.00481889178784608
-5	-1.5	0.214784179538473	0.0390516690069951
-5	-1.25	0.201867011928256	0.0774284429313858
-5	-1	0.184742866930294	0.110845720158176
-5	-0.75	0.169379822340082	0.133691097231637
-5	-0.5	0.159528946214247	0.146594166791471
-5	-0.25	0.155153877871331	0.152610371676719
-5	0	0.154491349339184	0.154491349339184
-5	0.25	0.155620721794277	0.154227103390149
-5	0.5	0.156940299730603	0.153290525318264
-5	0.75	0.157078343423612	0.152932580693957
-5	1	0.154491349339184	0.154491349339184
-5	1.25	0.146530924387772	0.159851917513933
-5	1.5	0.126609772668738	0.172189290829483
-5	1.75	0.073373929357709	0.194564576723813
-5	2	-0.0640277838600438	0.192083351580131
-5	2.25	-0.18702711928291	0.0988067799985186
-5	2.5	-0.218104789212378	0.0335545829557504
-5	2.75	-0.226753823772739	0.00325873758715313
-5	3	-0.231114902307253	-0.0121639422266975
-5	3.25	-0.234383624655513	-0.0207841680341617
-5	3.5	-0.237262526432181	-0.0258831847016924
-5	3.75	-0.239939744864057	-0.0289802889000993
-5	4	-0.242474600858984	-0.0308604037456888
-5	4.25	-0.244889851395206	-0.0319643314480204
-5	4.5	-0.24719707790602	-0.0325558173046213
-5	4.75	-0.24940427687447	-0.0328005624758726
-5	5	-0.251518198647593	-0.0328067215627296
-4.75	-5	0.249767883016304	-0.0505542208109152
-4.75	-4.75	0.247497387608847	-0.05210471318081
-4.75	-4.5	0.245128806827087	-0.0536533640114007
-4.75	-4.25	0.242663579022027	-0.0551575051204769
-4.75	-4	0.24010904635863	-0.0565507792582102
-4.75	-3.75	0.237482241384434	-0.0577304896183153
-4.75	-3.5	0.234815587657195	-0.0585375969230402
-4.75	-3.25	0.232164981592744	-0.0587246791643225
-4.75	-3	0.229619768606776	-0.0579041155617087
-4.75	-2.75	0.227310364190214	-0.0554643520573791
-4.75	-2.5	0.225397222441561	-0.050438539287622
-4.75	-2.25	0.223991287893123	-0.0413212274628484
-4.75	-2	0.222882563765185	-0.0259165771819983
-4.75	-1.75	0.220900218830689	-0.00165159042116403
-4.75	-1.5	0.215227118502989	0.0324871122268662
-4.75	-1.25	0.202893586561262	0.0720882657123108
-4.75	-1	0.185565253498454	0.107432515183315
-4.75	-0.75	0.169559682950456	0.131813181092227
-4.75	-0.5	0.159206250789644	0.14556000072196
-4.75	-0.25	0.154618687333871	0.151943623539167
-4.75	0	0.15394083048808	0.15394083048808
-4.75	0.25	0.15513591609804	0.153676957639438
-4.75	0.5	0.156520488634139	0.152702915740623
-4.75	0.75	0.156662891781284	0.15232453477811
-4.75	1	0.15394083048808	0.15394083048808
-4.75	1.25	0.14550296014724	0.159547647420139
-4.75	1.5	0.124012674252324	0.172539372872799
-4.75	1.75	0.0648692575626324	0.195496392654509
-4.75	2	-0.0832486823985417	0.183147101276792
-4.75	2.25	-0.193948075309659	0.0855856275387817
-4.75	2.5	-0.21947211992571	0.0262056262597862
-4.75	2.75	-0.227012346423308	-0.00106703805604375
-4.75	3	-0.23111594761306	-0.0150075290657831
-4.75	3.25	-0.234321103695741	-0.0228063270065884
-4.75	3.5	-0.237189186479481	-0.0274009168496151
-4.75	3.75	-0.239870944884943	-0.0301639195969762
-4.75	4	-0.242414328723148	-0.0318100250360691
-4.75	4.25	-0.24483840928166	-0.0327429738029427
-4.75	4.5	-0.247153612517049	-0.0332053708419852
-4.75	4.75	-0.249367662321929	-0.0333500824989814
-4.75	5	-0.251487344396387	-0.0332770672628625
-4.5	-5	0.249630839797882	-0.0511292081513734
-4.5	-4.75	0.247333525136269	-0.052770268405517
-4.5	-4.5	0.244931473095397	-0.0544292162434216
-4.5	-4.25	0.242424221345383	-0.0560689008589444
-4.5	-4	0.239816673652644	-0.0576303634359067
-4.5	-3.75	0.23712281676675	-0.0590209289761236
-4.5	-3.5	0.234371483754054	-0.0600952522446291
-4.5	-3.25	0.231614887847311	-0.0606247137272716
-4.5	-3	0.228940065197543	-0.0602473855783007
-4.5	-2.75	0.226480438885761	-0.0583858096088032
-4.5	-2.5	0.224414371739312	-0.0541141038236639
-4.5	-2.25	0.222906310014537	-0.0459600639205232
-4.5	-2	0.221868813311362	-0.031695544758766
-4.5	-1.75	0.220325379990747	-0.00849038073182069
-4.5	-1.5	0.215512018682443	0.025354355139111
-4.5	-1.25	0.203905712126293	0.0661315823112302
-4.5	-1	0.186448751624481	0.103582639791378
-4.5	-0.75	0.169762675363557	0.12970631376092
-4.5	-0.5	0.158856388619726	0.144414898745205
-4.5	-0.25	0.154036529032101	0.151215347181696
-4.5	0	0.153345015412678	0.153345015412678
-4.5	0.25	0.154614552210413	0.153083715059815
-4.5	0.5	0.156071264297178	0.152069437007507
-4.5	0.75	0.156218079477096	0.151668038327278
-4.5	1	0.153345015412678	0.153345015412678
-4.5	1.25	0.144366393163218	0.159218902747911
-4.5	1.5	0.121045468876284	0.172922098394691
-4.5	1.75	0.0548172153231739	0.196187928525044
-4.5	2	-0.102968062807517	0.171613438012529
-4.5	2.25	-0.199732210971707	0.0726298948988027
-4.5	2.5	-0.22056160684041	0.0191792701600357
-4.5	2.75	-0.227191336701799	-0.00524086128493191
-4.5	3	-0.23108728868345	-0.0177759452833423
-4.5	3.25	-0.234245061108976	-0.024787837154389
-4.5	3.5	-0.23710876341419	-0.0288949747529838
-4.5	3.75	-0.239798040804589	-0.0313329368385343
-4.5	4	-0.242351496000879	-0.0327502021622809
-4.5	4.25	-0.244785278367958	-0.0335152827721808
-4.5	4.5	-0.24710898473536	-0.0338505458541589
-4.5	4.75	-0.249330220385749	-0.033896497170681
-4.5	5	-0.251455885104693	-0.0337451620703268
-4.25	-5	0.249492144531066	-0.0517056154661969
-4.25	-4.75	0.247167417616185	-0.0534376898200512
-4.25	-4.5	0.244731043571818	-0.0552075531578791
-4.25	-4.25	0.242180526879948	-0.0569836533835172
-4.25	-4	0.239518121440688	-0.0587145589523866
-4.25	-3.75	0.23675442440379	-0.06031782811344
-4.25	-3.5	0.233914109223368	-0.0616621720588822
-4.25	-3.25	0.231044748999769	-0.0625384283006893
-4.25	-3	0.228229447168238	-0.0626116182496936
-4.25	-2.75	0.225601903424932	-0.0613409520174308
-4.25	-2.5	0.22335404271717	-0.0578470902001303
-4.25	-2.25	0.221698211489382	-0.0507034416008387
-4.25	-2	0.220668244028016	-0.0376750660535637
-4.25	-1.75	0.219507438445411	-0.0157102739245225
-4.25	-1.5	0.215587642439473	0.0175989912195488
-4.25	-1.25	0.204870093093989	0.0594575664499906
-4.25	-1	0.187390231513909	0.0992065931544222
-4.25	-0.75	0.169988545951587	0.127322098162941
-4.25	-0.5	0.158472486006802	0.143136438973886
-4.25	-0.25	0.153398250432381	0.150413848672996
-4.25	0	0.152695892978986	0.152695892978986
-4.25	0.25	0.154050515702804	0.152440231566538
-4.25	0.5	0.155587800353357	0.151382724668131
-4.25	0.75	0.155738995915816	0.150955204232395
-4.25	1	0.152695892978986	0.152695892978986
-4.25	1.25	0.143099640745003	0.158859513073747
-4.25	1.5	0.117618762121487	0.173332912600086
-4.25	1.75	0.0428375487450921	0.196425833270178
-4.25	2	-0.122449616589779	0.157435221329716
-4.25	2.25	-0.20446271347653	0.0600976665809609
-4.25	2.5	-0.221406479539859	0.0124736044811188
-4.25	2.75	-0.227298897245817	-0.00926699920820999
-4.25	3	-0.231031369940323	-0.0204711340453451
-4.25	3.25	-0.234156391587144	-0.0267295589697614
-4.25	3.5	-0.237021635476835	-0.0303657611287049
-4.25	3.75	-0.23972121058008	-0.0324875409378522
-4.25	4	-0.242286193506415	-0.0336810403529097
-4.25	4.25	-0.244730508034465	-0.0342813163005477
-4.25	4.5	-0.247063222812869	-0.0344913755671988
-4.25	4.75	-0.249291967918497	-0.0344398262220683
-4.25	5	-0.2514238311826	-0.034211018065883
-4	-5	0.249351785937301	-0.0522834389868535
-4	-4.75	0.246999047650706	-0.0541069709433055
-4	-4.5	0.244527490858757	-0.0559883634242119
-4	-4.25	0.241932451485549	-0.0579017425242113
-4	-4	0.239213316776732	-0.0598033291941829
-4	-3.75	0.236376940230611	-0.0616211191872191
-4	-3.5	0.233443245978002	-0.0632382280170957
-4	-3.25	0.230454166589492	-0.0644655753310473
-4	-3	0.227487152262606	-0.0649963292178875
-4	-2.75	0.224673217382582	-0.0643288304908313
-4	-2.5	0.222212919560561	-0.061635700316068
-4	-2.25	0.220359392874882	-0.0555483844107906
-4	-2	0.219262862013071	-0.0438525724026141
-4	-1.75	0.218406722292896	-0.0233206356452374
-4	-1.5	0.215390187691911	0.00916553990178343
-4	-1.25	0.205737776463122	0.0519470797714196
-4	-1	0.188380446527934	0.0941902232639672
-4	-0.75	0.17023502574468	0.124597550757808
-4	-0.5	0.158045034639228	0.141695548297239
-4	-0.25	0.152691980960861	0.149524097538436
-4	0	0.151983298416654	0.151983298416654
-4	0.25	0.153436121430629	0.151737566580844
-4	0.5	0.155064034908434	0.15063363391105
-4	0.75	0.155219447529165	0.150176216382008
-4	1	0.151983298416654	0.151983298416654
-4	1.25	0.141674828403548	0.158460945512973
-4	1.5	0.113612761144789	0.17376069351556
-4	1.75	0.0284686078018997	0.19586402167707
-4	2	-0.140862307806605	0.140862307806605
-4	2.25	-0.20824543369812	0.0481053281491098
-4	2.5	-0.222037310345102	0.00608321398205759
-4	2.75	-0.227342468576939	-0.0131499536885438
-4	3	-0.230950472604972	-0.0230950472604972
-4	3.25	-0.234055942387788	-0.0286323484051997
-4	3.5	-0.236928164949409	-0.0318136758589312
-4	3.75	-0.239640626136577	-0.0336279308645978
-4	4	-0.242218509553373	-0.0346026442219104
-4	4.25	-0.244674146544629	-0.0350411320478967
-4	4.5	-0.247016354471045	-0.0351278930715254
-4	4.75	-0.24925292150752	-0.0349800893177723
-4	5	-0.251391192901643	-0.0346746472967784
-3.75	-5	0.249209752719781	-0.0528626748193476
-3.75	-4.75	0.246828397817018	-0.0547781050637326
-3.75	-4.5	0.244320787528186	-0.056771635276259
-3.75	-4.25	0.241679950995723	-0.0588231472614052
-3.75	-4	0.238902186728401	-0.0608966358327297
-3.75	-3.75	0.235990240346436	-0.0629307307590497
-3.75	-3.5	0.232958676560182	-0.0648232839123985
-3.75	-3.25	0.229842744093479	-0.0664058892759985
-3.75	-3	0.226712423535317	-0.06740099078077
-3.75	-2.75	0.223692852979725	-0.0673483858433581
-3.75	-2.5	0.220987706488671	-0.0654778389596062
-3.75	-2.25	0.218882216157382	-0.0604910851925857
-3.75	-2	0.217634031660723	-0.0502232380755514
-3.75	-1.75	0.21697946134121	-0.0313261218072236
-3.75	-1.5	0.21484104250455	0
-3.75	-1.25	0.206437597605795	0.0434605468643778
-3.75	-1	0.189399664843081	0.0883865102601044
-3.75	-0.75	0.170496185993606	0.121449337968048
-3.75	-0.5	0.15756059878486	0.140053865586542
-3.75	-0.25	0.151902050034198	0.148526448922327
-3.75	0	0.151194135011191	0.151194135011191
-3.75	0.25	0.152761570246583	0.150964375302506
-3.75	0.5	0.154492244372892	0.149810661210077
-3.75	0.75	0.154651506569795	0.149318695998422
-3.75	1	0.151194135011191	0.151194135011191
-3.75	1.25	0.140055339427851	0.158011152175011
-3.75	1.5	0.108863954059425	0.17418232649508
-3.75	1.75	0.0111896917326595	0.193954656699432
-3.75	2	-0.157435221329716	0.122449616589779
-3.75	2.25	-0.211196643176803	0.0367298509872701
-3.75	2.5	-0.222481903284069	0
-3.75	2.75	-0.227328863269492	-0.0168943854670223
-3.75	3	-0.230846723245409	-0.0256496359161566
-3.75	3.25	-0.233944515428311	-0.0304970551844796
-3.75	3.5	-0.236828698729455	-0.0332391156111516
-3.75	3.75	-0.239556453543464	-0.0347543041410207
-3.75	4	-0.242148530014334	-0.0355151177354357
-3.75	4.25	-0.244616241066869	-0.0357947873772014
-3.75	4.5	-0.246968406909532	-0.0357601313172173
-3.75	4.75	-0.249213097478551	-0.0355173060539503
-3.75	5	-0.251357980396391	-0.0351360617758396
-3.5	-5	0.249066033564569	-0.0534433189430047
-3.5	-4.75	0.246655450669844	-0.0554510852368848
-3.5	-4.5	0.244110906127277	-0.0575573565071249
-3.5	-4.25	0.241422981231118	-0.0597478457147516
-3.5	-4	0.238584658410204	-0.0619944387995019
-3.5	-3.75	0.235594201100897	-0.0642465877369519
-3.5	-3.5	0.232460184376795	-0.066417195536227
-3.5	-3.25	0.229210087604002	-0.0683590862262273
-3.5	-3	0.225904511419879	-0.0698250308025081
-3.5	-2.75	0.222659301778647	-0.0703984449423425
-3.5	-2.5	0.219675150582667	-0.069371100184
-3.5	-2.25	0.21725908386716	-0.0655268435891063
-3.5	-2	0.215762720054111	-0.0567796631721344
-3.5	-1.75	0.215178132927281	-0.0397251937711903
-3.5	-1.5	0.213844678951704	-0.00994626413728855
-3.5	-1.25	0.206867166919003	0.0338370087153759
-3.5	-1	0.190410320211328	0.0816044229477119
-3.5	-0.75	0.170759514598606	0.117765182481797
-3.5	-0.5	0.156999745797351	0.138159776301669
-3.5	-0.25	0.151007359893397	0.147394743628004
-3.5	0	0.150311238878191	0.150311238878191
-3.5	0.25	0.152014167582045	0.150106039955492
-3.5	0.5	0.153862431580421	0.148899127335891
-3.5	0.75	0.154024859619258	0.148366803551612
-3.5	1	0.150311238878191	0.150311238878191
-3.5	1.25	0.138192151844414	0.157492731710953
-3.5	1.5	0.103144779001326	0.17455270292532
-3.5	1.75	-0.00949341036817897	0.189868207363579
-3.5	2	-0.171613438012529	0.102968062807517
-3.5	2.25	-0.213433441649952	0.0260140482897448
-3.5	2.5	-0.222765303219385	-0.00578611177193209
-3.5	2.75	-0.227264302800744	-0.0205050498767589
-3.5	3	-0.230722102241812	-0.0281368417368063
-3.5	3.25	-0.233822869335578	-0.0323245213132471
-3.5	3.5	-0.236723568892016	-0.0346424734963926
-3.5	3.75	-0.239468853187241	-0.0358668567466977
-3.5	4	-0.242076338379499	-0.0364185641809866
-3.5	4.25	-0.244556837696178	-0.0365423393433275
-3.5	4.5	-0.246919406814677	-0.0363881231095314
-3.5	4.75	-0.249172511899282	-0.0360514959563643
-3.5	5	-0.251324203666025	-0.0355952734805958
-3.25	-5	0.248920617141732	-0.0540253672092602
-3.25	-4.75	0.246480188743965	-0.0561259042829671
-3.25	-4.5	0.243897819184172	-0.0583455144640856
-3.25	-4.25	0.241161498013254	-0.0606758151322272
-3.25	-4	0.238260659017764	-0.0630966962616213
-3.25	-3.75	0.235188699183232	-0.065568611318807
-3.25	-3.5	0.23194755394392	-0.0680198105407391
-3.25	-3.25	0.228555806537288	-0.0703248635499347
-3.25	-3	0.225062675910562	-0.0722678317144006
-3.25	-2.75	0.221571081846592	-0.0734777175309315
-3.25	-2.5	0.218272066820443	-0.073312755267935
-3.25	-2.25	0.215482530181743	-0.0706500098956536
-3.25	-2	0.213629812113181	-0.0635115657633782
-3.25	-1.75	0.212952163164387	-0.0485084654133001
-3.25	-1.5	0.212287126714363	-0.0207109391916452
-3.25	-1.25	0.206880865712937	0.0228959060868073
-3.25	-1	0.191344588122774	0.073594072354913
-3.25	-0.75	0.171000629391708	0.113390791682202
-3.25	-0.5	0.156333639777228	0.135942295458459
-3.25	-0.25	0.149978876332859	0.146093413215427
-3.25	0	0.14931168582042	0.14931168582042
-3.25	0.25	0.151177175982546	0.14914340231462
-3.25	0.5	0.153161429350578	0.147880000752282
-3.25	0.75	0.153325847293942	0.147299940631735
-3.25	1	0.14931168582042	0.14931168582042
-3.25	1.25	0.136018225106854	0.156879916074163
-3.25	1.5	0.0961322583845428	0.174785924335532
-3.25	1.75	-0.0338414739911757	0.182449685865469
-3.25	2	-0.183147101276792	0.0832486823985417
-3.25	2.25	-0.215067102234373	0.015973153481598
-3.25	2.5	-0.22290988981648	-0.0112865766995686
-3.25	2.75	-0.227154455751841	-0.0239867429516199
-3.25	3	-0.230578452096659	-0.0305585900369066
-3.25	3.25	-0.233691721444834	-0.0341155797729685
-3.25	3.5	-0.236613093238753	-0.0360241387629935
-3.25	3.75	-0.23937797994106	-0.0369657830315542
-3.25	4	-0.242002015814404	-0.0373130861387848
-3.25	4.25	-0.244495981475445	-0.0372838446824726
-3.25	4.5	-0.246869380367973	-0.0370119011046437
-3.25	4.75	-0.249131180582908	-0.0365826784785364
-3.25	5	-0.251289872575903	-0.0360522943524315
-3	-5	0.248773492106502	-0.0546088153404516
-3	-4.75	0.246302594556791	-0.0568025547844029
-3	-4.5	0.243681499213897	-0.0591360960435398
-3	-4.25	0.240895457178648	-0.0616070318793316
-3	-4	0.237930115863065	-0.0642033645979698
-3	-3.75	0.234773611714447	-0.0668967189375701
-3	-3.5	0.231420571140546	-0.0696309683077748
-3	-3.25	0.227879514372779	-0.0723028995625691
-3	-3	0.22418618885558	-0.0747287296185268
-3	-2.75	0.220426745372419	-0.0765847934924216
-3	-2.5	0.21677536524114	-0.0772997426441274
-3	-2.25	0.213545323867634	-0.0758539374356074
-3	-2	0.211216500952216	-0.0704055003174052
-3	-1.75	0.210249077248127	-0.0576569573540963
-3	-1.5	0.210035725519368	-0.0323131885414413
-3	-1.25	0.206274745928843	0.010444290933106
-3	-1	0.192083351580131	0.0640277838600438
-3	-0.75	0.171173519048218	0.108109590977822
-3	-0.5	0.155518260174222	0.133301365863619
-3	-0.25	0.148775650449901	0.144572948459791
-3	0	0.1481642032424	0.1481642032424
-3	0.25	0.150228091264767	0.148050872550784
-3	0.5	0.152371557732872	0.146728166705729
-3	0.75	0.152536016332966	0.146090832544249
-3	1	0.1481642032424	0.1481642032424
-3	1.25	0.133439661797902	0.156133481831559
-3	1.5	0.0873596540368868	0.174719308073774
-3	1.75	-0.0615092442029036	0.17033329163881
-3	2	-0.192083351580131	0.0640277838600438
-3	2.25	-0.216199062417527	0.00660149808908479
-3	2.5	-0.222935527540461	-0.0165137427807749
-3	2.75	-0.227004476319634	-0.0273442567529362
-3	3	-0.230417485531916	-0.0329167836474166
-3	3.25	-0.233551749743146	-0.0358710533829206
-3	3.5	-0.236497575833675	-0.0373844965235362
-3	3.75	-0.239283983330815	-0.0380512756367046
-3	4	-0.241925641216671	-0.0381987854552639
-3	4.25	-0.244433716416482	-0.038019359802249
-3	4.5	-0.246818353254399	-0.0376314978056035
-3	4.75	-0.249089119091639	-0.0371108729999801
-3	5	-0.251254996859117	-0.0365071362957691
-2.75	-5	0.248624647100461	-0.0551936589286156
-2.75	-4.75	0.246122650610986	-0.0574810290834156
-2.75	-4.5	0.243461918724413	-0.0599290876860094
-2.75	-4.25	0.240624814593316	-0.0625414714284476
-2.75	-4	0.237592956410714	-0.0653143983758537
-2.75	-3.75	0.234348816342421	-0.0682308242084247
-2.75	-3.5	0.230879023471347	-0.0712504998249855
-2.75	-3.25	0.227180829422331	-0.0742928532244852
-2.75	-3	0.223274336357696	-0.0772070135068669
-2.75	-2.75	0.219224886713198	-0.0797181406229811
-2.75	-2.5	0.215182080106368	-0.0813286601976822
-2.75	-2.25	0.21144058244137	-0.0811309462192904
-2.75	-2	0.208504754196308	-0.0774446229872001
-2.75	-1.75	0.207016181785562	-0.067140383281804
-2.75	-1.5	0.206941153348567	-0.044744033156447
-2.75	-1.25	0.204769490671984	-0.00370623512528479
-2.75	-1	0.192420826069653	0.0524784071099053
-2.75	-0.75	0.17119210887461	0.10161080010622
-2.75	-0.5	0.154484253679143	0.130092003098226
-2.75	-0.25	0.147338315754483	0.142762591662729
-2.75	0	0.146825105280032	0.146825105280032
-2.75	0.25	0.149135986839255	0.146793536784188
-2.75	0.5	0.151468563047512	0.145409820525612
-2.75	0.75	0.151629881295043	0.144702627834863
-2.75	1	0.146825105280032	0.146825105280032
-2.75	1.25	0.130321377579296	0.155191869483742
-2.75	1.5	0.076144056972588	0.174043558794487
-2.75	1.75	-0.0911062043081003	0.152395832660822
-2.75	2	-0.198684746553557	0.0458503261277439
-2.75	2.25	-0.216918999018112	-0.00212145720311111
-2.75	2.5	-0.222859749148234	-0.0214804577492274
-2.75	2.75	-0.226819042346102	-0.0305823427882385
-2.75	3	-0.230240793329086	-0.035213297803272
-2.75	3.25	-0.233403594753688	-0.0375917538158174
-2.75	3.5	-0.236377307525043	-0.038723927512635
-2.75	3.75	-0.239187007697717	-0.0391235254226749
-2.75	4	-0.241847291271783	-0.0390757632185851
-2.75	4.25	-0.244370085520757	-0.0387489407723843
-2.75	4.5	-0.246766350670668	-0.038246945558494
-2.75	4.75	-0.249046342740173	-0.0376360988245065
-2.75	5	-0.25121958611803	-0.0369598111772794
-2.5	-5	0.248474070752749	-0.0557798934342906
-2.5	-4.75	0.245940339397159	-0.058161319279626
-2.5	-4.5	0.243239050222807	-0.0607244753711917
-2.5	-4.25	0.240349526167633	-0.063479108348377
-2.5	-4	0.237249108315217	-0.0664297503282607
-2.5	-3.75	0.233914191339937	-0.069570836878039
-2.5	-3.5	0.230322700338425	-0.0728782275697704
-2.5	-3.25	0.226459375628537	-0.0762943638692698
-2.5	-3	0.222326421277231	-0.0797019246088186
-2.5	-2.75	0.217964150839731	-0.0828761029808863
-2.5	-2.5	0.213489400862652	-0.0853957603450608
-2.5	-2.25	0.209161896378935	-0.0864723007848484
-2.5	-2	0.2054778518971	-0.0846085272517469
-2.5	-1.75	0.203202830292201	-0.0769156493177642
-2.5	-1.5	0.202842976134599	-0.0579551360384568
-2.5	-1.25	0.201995438975209	-0.0197068720951423
-2.5	-1	0.192006488103893	0.0384012976207787
-2.5	-0.75	0.170894624336419	0.0934387874069631
-2.5	-0.5	0.153118460554355	0.126097555750645
-2.5	-0.25	0.145578095587991	0.14055816125737
-2.5	0	0.145231714481697	0.145231714481697
-2.5	0.25	0.147857307348575	0.145322610651171
-2.5	0.5	0.150418368304683	0.143878439247958
-2.5	0.75	0.150571367827254	0.143084393736396
-2.5	1	0.145231714481697	0.145231714481697
-2.5	1.25	0.12646313568269	0.153955121700666
-2.5	1.5	0.0614885415547504	0.172167916353301
-2.5	1.75	-0.120098051732358	0.128555661009285
-2.5	2	-0.203324400274376	0.0290463428963394
-2.5	2.25	-0.21730437765967	-0.0102260883604551
-2.5	2.5	-0.222697955727257	-0.0261997594973244
-2.5	2.75	-0.226602392277353	-0.0337056824693952
-2.5	3	-0.230049851879385	-0.0374499758873418
-2.5	3.25	-0.233247861358125	-0.0392784807535825
-2.5	3.5	-0.236252566453114	-0.0400428078734092
-2.5	3.75	-0.239087192357291	-0.0401827214045867
-2.5	4	-0.241767040507868	-0.0399441197360825
-2.5	4.25	-0.24430513079983	-0.039472643316018
-2.5	4.5	-0.246713397333381	-0.038858276548794
-2.5	4.75	-0.249002866599146	-0.0381583751786025
-2.5	5	-0.25118364982581	-0.0374103308251206
-2.25	-5	0.24832175168129	-0.0563675141853235
-2.25	-4.75	0.245755643396597	-0.058843417227667
-2.25	-4.5	0.243012866221623	-0.0615222446130692
-2.25	-4.25	0.240069547871565	-0.0644199162940626
-2.25	-4	0.236898499459256	-0.0675493713317557
-2.25	-3.75	0.233469615705616	-0.0709166627760884
-2.25	-3.5	0.229751393321812	-0.0745139654016688
-2.25	-3.25	0.225714783391155	-0.0783070509655203
-2.25	-3	0.221341765831251	-0.082212655880179
-2.25	-2.75	0.216643242141438	-0.0860568998806637
-2.25	-2.5	0.211694704642096	-0.0894969483039755
-2.25	-2.25	0.206703461580514	-0.091868205146895
-2.25	-2	0.202120985227713	-0.0918731751035058
-2.25	-1.75	0.198763263759503	-0.086925800684156
-2.25	-1.5	0.197579984739689	-0.0718472671780688
-2.25	-1.25	0.197488902454121	-0.0376169338007849
-2.25	-1	0.190255455823816	0.0211394950915351
-2.25	-0.75	0.169973409083079	0.082913858089307
-2.25	-0.5	0.15122897360584	0.120983178884672
-2.25	-0.25	0.143357530949561	0.137801037501904
-2.25	0	0.143291359930434	0.143291359930434
-2.25	0.25	0.14632899903122	0.143568074521197
-2.25	0.5	0.149171795087401	0.142068376273715
-2.25	0.75	0.149307986663422	0.141163914663599
-2.25	1	0.143291359930434	0.143291359930434
-2.25	1.25	0.121558198731181	0.152254713562287
-2.25	1.5	0.0419931426703751	0.1679725706815
-2.25	1.75	-0.145540635015755	0.100372851735003
-2.25	2	-0.206398224154923	0.0137598816103282
-2.25	2.25	-0.217420942567904	-0.0177486483728901
-2.25	2.5	-0.222463621027496	-0.0306846373831029
-2.25	2.75	-0.226358360632477	-0.0367188636436461
-2.25	3	-0.22984603042097	-0.0396286259346501
-2.25	3.25	-0.233085120555188	-0.0409320211706671
-2.25	3.5	-0.236123618543499	-0.041341508970579
-2.25	3.75	-0.238984671754769	-0.0412290506939021
-2.25	4	-0.241684961349485	-0.0408039545135494
-2.25	4.25	-0.244238893295493	-0.0401905228015709
-2.25	4.5	-0.24665951748708	-0.0394655227979328
-2.25	4.75	-0.24895870549854	-0.0386777212098808
-2.25	5	-0.251147197327946	-0.0378587070282042
-2	-5	0.248167678494048	-0.0569565163756831
-2	-4.75	0.245568545084063	-0.059527314534817
-2	-4.5	0.242783339245337	-0.0623223804550795
-2	-4.25	0.239784835750276	-0.0653638679965106
-2	-4	0.236541057992985	-0.0686732103850603
-2	-3.75	0.233014969267722	-0.0722682037692107
-2	-3.5	0.229164896468555	-0.0761575184638701
-2	-3.25	0.224946690420405	-0.0803305139148918
-2	-3	0.220319714281397	-0.0847383516466912
-2	-2.75	0.215260933542146	-0.0892586255997053
-2	-2.5	0.209795589967153	-0.093627783952283
-2	-2.25	0.204060217628001	-0.0973078176627212
-2	-2	0.198421897606027	-0.0992109488030137
-2	-1.75	0.193659929125576	-0.0970996859125453
-2	-1.5	0.191006105546279	-0.0862608218596099
-2	-1.25	0.190716283751803	-0.0573251257519869
-2	-1	0.186229826761182	0
-2	-0.75	0.1678362606812	0.0690167800932039
-2	-0.5	0.148476539735744	0.114212722873649
-2	-0.25	0.140455364025092	0.134240524908937
-2	0	0.140862307806605	0.140862307806605
-2	0.25	0.144456907012015	0.141426342529245
-2	0.5	0.147655705789041	0.139884352852776
-2	0.75	0.147760966512798	0.138835807461689
-2	1	0.140862307806605	0.140862307806605
-2	1.25	0.115120004855775	0.149794705113538
-2	1.5	0.0159430211712984	0.159430211712984
-2	1.75	-0.165385715660025	0.070650208631467
-2	2	-0.208270015493268	0
-2	2.25	-0.217323734296652	-0.024728302370735
-2	2.5	-0.222168491612596	-0.0349478526132174
-2	2.75	-0.226090411698169	-0.0396263623229508
-2	3	-0.229630597948174	-0.0417510178087589
-2	3.25	-0.232915911154252	-0.0425531487331788
-2	3.5	-0.235990717985987	-0.0426203972282385
-2	3.75	-0.238879575616844	-0.0422626984463455
-2	4	-0.24160112417041	-0.0416553662362776
-2	4.25	-0.244171413099599	-0.0409026342351644
-2	4.5	-0.246604734912209	-0.040068716160034
-2	4.75	-0.248913874031061	-0.0391941559855973
-2	5	-0.251110237843755	-0.0383049515354881
-1.75	-5	0.248011839790301	-0.0575468950642793
-1.75	-4.75	0.245379026930649	-0.0602130025586534
-1.75	-4.5	0.24255044183697	-0.06312486746535
-1.75	-4.25	0.239495345940093	-0.0663109352529269
-1.75	-4	0.236176712374316	-0.0698012145883607
-1.75	-3.75	0.232550132790791	-0.073625357717565
-1.75	-3.5	0.228563006590121	-0.0778086830945092
-1.75	-3.25	0.224154742615679	-0.0823643318892453
-1.75	-3	0.219259635701474	-0.0872781074151499
-1.75	-2.75	0.213816075869049	-0.0924792498628561
-1.75	-2.5	0.207789911252673	-0.0977834876483168
-1.75	-2.25	0.201227988688126	-0.10277928833999
-1.75	-2	0.194371541858338	-0.106590845535218
-1.75	-1.75	0.18786706494514	-0.10735260854008
-1.75	-1.5	0.183011419611666	-0.100971817716781
-1.75	-1.25	0.181147620313966	-0.078458841919425
-1.75	-1	0.17854252266904	-0.0255060746670058
-1.75	-0.75	0.163342864321946	0.0502593428682911
-1.75	-0.5	0.144235940789642	0.104898866028831
-1.75	-0.25	0.136500060549647	0.129463974954305
-1.75	0	0.137719434810626	0.137719434810626
-1.75	0.25	0.142095450844668	0.138738865391644
-1.75	0.5	0.14575759830988	0.13718362193871
-1.75	0.75	0.145807924007433	0.13594122238287
-1.75	1	0.137719434810626	0.137719434810626
-1.75	1.25	0.106350323931032	0.146033280621715
-1.75	1.5	-0.0179203044606171	0.143362435684937
-1.75	1.75	-0.179231907010203	0.0421722134141654
-1.75	2	-0.209246518056928	-0.0123086187092311
-1.75	2.25	-0.217058345667738	-0.0312050052968419
-1.75	2.5	-0.221822777290817	-0.0390018069961875
-1.75	2.75	-0.225801671272743	-0.0424325288297773
-1.75	3	-0.229404729784349	-0.0438188809700441
-1.75	3.25	-0.232740741403337	-0.0441426233029238
-1.75	3.5	-0.235854107698772	-0.0438798339904691
-1.75	3.75	-0.23877202909976	-0.0432838478156363
-1.75	4	-0.241515597345402	-0.0424984527517661
-1.75	4.25	-0.244102729373597	-0.0416090322535696
-1.75	4.5	-0.246549072932969	-0.0406678883188403
-1.75	4.75	-0.248868386555481	-0.0397076984912361
-1.75	5	-0.251072780467874	-0.0387490760552956
-1.5	-5	0.247854224161945	-0.0581386451737895
-1.5	-4.75	0.245187071406685	-0.0609004724047277
-1.5	-4.5	0.242314146564842	-0.0639296897320009
-1.5	-4.25	0.239201034684843	-0.0672610889170807
-1.5	-4	0.235805391410201	-0.0709333291233938
-1.5	-3.75	0.232074988085048	-0.0749880184341659
-1.5	-3.5	0.227945523567851	-0.0794672467484253
-1.5	-3.25	0.223338594968007	-0.0844080637097311
-1.5	-3	0.218160926814556	-0.0898309698648171
-1.5	-2.75	0.212307607407795	-0.0957166191670633
-1.5	-2.5	0.205675813626481	-0.101958950344751
-1.5	-2.25	0.198203623257223	-0.108269820633901
-1.5	-2	0.189964719356233	-0.11397883161374
-1.5	-1.75	0.181374222178316	-0.117588180739458
-1.5	-1.5	0.173545758247337	-0.115697172164892
-1.5	-1.25	0.168392918101164	-0.100319185251758
-1.5	-1	0.165458443170832	-0.0551528143902773
-1.5	-0.75	0.154378260398488	0.0247005216637581
-1.5	-0.5	0.137315854146513	0.0915439027643418
-1.5	-0.25	0.130839992211252	0.122763449482162
-1.5	0	0.133490075044803	0.133490075044803
-1.5	0.25	0.13901062796989	0.135253583970704
-1.5	0.5	0.143297769199891	0.133744584586565
-1.5	0.75	0.143251225663158	0.132231900612145
-1.5	1	0.133490075044803	0.133490075044803
-1.5	1.25	0.0939085175862998	0.139942104638407
-1.5	1.5	-0.0582397047347159	0.116479409469432
-1.5	1.75	-0.187970291349112	0.0167084703421433
-1.5	2	-0.209572474345562	-0.0232858304828403
-1.5	2.25	-0.216662228758351	-0.0372180515658517
-1.5	2.5	-0.221435328492258	-0.042858450675921
-1.5	2.75	-0.225494956367202	-0.0451415776674663
-1.5	3	-0.22916951381537	-0.0458339027630741
-1.5	3.25	-0.232560090551476	-0.0457011905362647
-1.5	3.5	-0.235714019778074	-0.0451201754030637
-1.5	3.75	-0.238662152933761	-0.0442926799126823
-1.5	4	-0.241428447300967	-0.0433333110540197
-1.5	4.25	-0.244032880367754	-0.0423097711176655
-1.5	4.5	-0.246492554425081	-0.0412630707848153
-1.5	4.75	-0.24882225719995	-0.0402183676291605
-1.5	5	-0.25103483417174	-0.0391910922546599
-1.25	-5	0.247694820194812	-0.0587317614894915
-1.25	-4.75	0.244992660984703	-0.0615897149242628
-1.25	-4.5	0.242074426029475	-0.0647368308585225
-1.25	-4.25	0.238901858352564	-0.0682142988899081
-1.25	-4	0.235427024298898	-0.0720694972343564
-1.25	-3.75	0.231589418118536	-0.076356075647169
-1.25	-3.5	0.227312250666122	-0.0811329879300619
-1.25	-3.25	0.222497912484333	-0.0864612477706158
-1.25	-3	0.217023014887935	-0.0923959370314971
-1.25	-2.75	0.210734563567365	-0.0989684590032969
-1.25	-2.5	0.203451767521481	-0.106148748272077
-1.25	-2.25	0.19498512836579	-0.113765759106656
-1.25	-2	0.185200660857425	-0.121338364010037
-1.25	-1.75	0.174189287473244	-0.12770147120225
-1.25	-1.5	0.162639961229719	-0.130111968983775
-1.25	-1.25	0.152379269257054	-0.121903415405644
-1.25	-1	0.145507791258717	-0.0873046747552303
-1.25	-0.75	0.137523413541099	-0.00932362125702369
-1.25	-0.5	0.12544213122432	0.0716812178424685
-1.25	-0.25	0.12228855881575	0.112881746599154
-1.25	0	0.127530373335029	0.127530373335029
-1.25	0.25	0.134810083310256	0.130552922784669
-1.25	0.5	0.139977008327111	0.129209546148102
-1.25	0.75	0.139757938134892	0.127304260479307
-1.25	1	0.127530373335029	0.127530373335029
-1.25	1.25	0.0755688146600507	0.12954653941723
-1.25	1.5	-0.0988053779113273	0.0790443023290618
-1.25	1.75	-0.192959400579981	-0.00511150730013195
-1.25	2	-0.20943614110378	-0.0330688643848074
-1.25	2.25	-0.216165942524509	-0.0428051371335662
-1.25	2.5	-0.221013798866176	-0.0465292208139317
-1.25	2.75	-0.225172802835398	-0.0477575805083448
-1.25	3	-0.228925956385217	-0.047797727157353
-1.25	3.25	-0.232374410345846	-0.047229581568459
-1.25	3.5	-0.235570675933229	-0.0463417723147335
-1.25	3.75	-0.238550063563876	-0.0452893737699012
-1.25	4	-0.2413397385651	-0.0441600372693587
-1.25	4.25	-0.243961903440074	-0.0430049047063844
-1.25	4.5	-0.246435201823444	-0.0418542948924151
-1.25	4.75	-0.248775499865269	-0.0407261822173259
-1.25	5	-0.250996407805059	-0.0396310117586935
-1	-5	0.247533616470021	-0.0593262386581042
-1	-4.75	0.244795778142458	-0.0622807207118749
-1	-4.5	0.241831252870626	-0.0655462739592282
-1	-4.25	0.238597773452565	-0.0691705341103717
-1	-4	0.235041540673207	-0.0732096602096875
-1	-3.75	0.231093307131914	-0.0777294149652827
-1	-3.5	0.226662994852845	-0.0828056761381912
-1	-3.25	0.221632371131493	-0.0885234020106303
-1	-3	0.215845360672846	-0.0949719586960521
-1	-2.75	0.209096086569393	-0.102232377026545
-1	-2.5	0.201116602430946	-0.11034716239574
-1	-2.25	0.191571793418843	-0.119252703453332
-1	-2	0.180083505304844	-0.128631075217746
-1	-1.75	0.166340532804718	-0.137583355946953
-1	-1.5	0.150418368304683	-0.143878439247958
-1	-1.25	0.133490725366152	-0.142063524242878
-1	-1	0.118685427836194	-0.118685427836194
-1	-0.75	0.109152686706519	-0.0507686914914043
-1	-0.5	0.104668524036081	0.0418674096144325
-1	-0.25	0.10866147083925	0.0975735656515715
-1	0	0.118685427836194	0.118685427836194
-1	0.25	0.128806949443917	0.123915546300477
-1	0.5	0.135274791420451	0.122977083109501
-1	0.75	0.13474199232064	0.120475193133749
-1	1	0.118685427836194	0.118685427836194
-1	1.25	0.048057908179908	0.111291997890313
-1	1.5	-0.131396940181631	0.0375419829090375
-1	1.75	-0.195444797686633	-0.0234065625972015
-1	2	-0.208978790850258	-0.0417957581700516
-1	2.25	-0.215594283669953	-0.0480017982835211
-1	2.5	-0.220564792504925	-0.0500250044856531
-1	2.75	-0.224837490953568	-0.0502844617714671
-1	3	-0.228674987858547	-0.0497119538822929
-1	3.25	-0.232184126464407	-0.0487285127748677
-1	3.5	-0.235424287907335	-0.0475449701962697
-1	3.75	-0.238435873287072	-0.0462741063103532
-1	4	-0.241249533816023	-0.0449787266436653
-1	4.25	-0.243889835074913	-0.0436944865111271
-1	4.5	-0.2463770371297	-0.0424415917975249
-1	4.75	-0.248728128228131	-0.0412311609880557
-1	5	-0.250957510097262	-0.040068846149983
-0.75	-5	0.247370601565347	-0.0599220711866368
-0.75	-4.75	0.244596405366013	-0.06297348010332
-0.75	-4.5	0.241584599774471	-0.0663580016547904
-0.75	-4.25	0.238288736652866	-0.0701297625465889
-0.75	-4	0.234648870644672	-0.0743537573647725
-0.75	-3.75	0.230586540755828	-0.0791079178464859
-0.75	-3.5	0.225997567126903	-0.0844850718231411
-0.75	-3.25	0.220741658797456	-0.0905940239345475
-0.75	-3	0.214627461374484	-0.0975579369884017
-0.75	-2.75	0.207391435068111	-0.105505867216695
-0.75	-2.5	0.198669539167623	-0.114548202763314
-0.75	-2.25	0.187964298599377	-0.124715648359776
-0.75	-2	0.174622633258689	-0.135817603645647
-0.75	-1.75	0.157877261644439	-0.14712576353962
-0.75	-1.5	0.137096884745077	-0.156682153994373
-0.75	-1.25	0.11256736778074	-0.159773038140405
-0.75	-1	0.0873046747552303	-0.145507791258717
-0.75	-0.75	0.0697178733164453	-0.0929571644219271
-0.75	-0.5	0.0704560663754671	0
-0.75	-0.25	0.0862346265362594	0.0731687740307655
-0.75	0	0.104856598483081	0.104856598483081
-0.75	0.25	0.119754348783948	0.114051760746617
-0.75	0.5	0.128247385402379	0.113997675913226
-0.75	0.75	0.127130188838329	0.110547990294199
-0.75	1	0.104856598483081	0.104856598483081
-0.75	1.25	0.00861911616471749	0.0804450842040299
-0.75	1.5	-0.152569669232471	0
-0.75	1.75	-0.196357190361357	-0.0386276440055128
-0.75	2	-0.208304641761947	-0.049596343276654
-0.75	2.25	-0.21496727756495	-0.0528411185075854
-0.75	2.5	-0.220093995969242	-0.0533561202349677
-0.75	2.75	-0.224491069004687	-0.0527259963335309
-0.75	3	-0.228417467857922	-0.0515781379034017
-0.75	3.25	-0.231989639885129	-0.0501986856011098
-0.75	3.5	-0.235275057883639	-0.0487301090762229
-0.75	3.75	-0.238319690385793	-0.0472470523213817
-0.75	4	-0.24115789392991	-0.0457894735309956
-0.75	4.25	-0.243816710901287	-0.0443785696306284
-0.75	4.5	-0.246318081919692	-0.0430249924750553
-0.75	4.75	-0.248680155744327	-0.0417333225868765
-0.75	5	-0.250918149658947	-0.0405046069680061
-0.5	-5	0.247205764056615	-0.060519253441246
-0.5	-4.75	0.244394525152869	-0.063667983173269
-0.5	-4.5	0.241334439480927	-0.067171996067862
-0.5	-4.25	0.237974704797989	-0.0710919511872442
-0.5	-4	0.234248944848714	-0.0755017260256186
-0.5	-3.75	0.23006900613079	-0.0804914615702291
-0.5	-3.5	0.225315782852029	-0.0861709263572024
-0.5	-3.25	0.219825476267233	-0.0926725906876213
-0.5	-3	0.213368853636478	-0.100152727217122
-0.5	-2.75	0.205619993599401	-0.108786315063541
-0.5	-2.5	0.196110219930125	-0.118745637755856
-0.5	-2.25	0.184164802759885	-0.130139147493209
-0.5	-2	0.168832816784332	-0.14285853727905
-0.5	-1.75	0.148868772386052	-0.156227304861408
-0.5	-1.5	0.122964605486264	-0.168267354875941
-0.5	-1.25	0.0907243147519229	-0.174379202380319
-0.5	-1	0.0551528143902773	-0.165458443170832
-0.5	-0.75	0.026793748635244	-0.12666135718479
-0.5	-0.5	0.0241224923982282	-0.0482449847964564
-0.5	-0.25	0.0506487598525853	0.0357520657782955
-0.5	0	0.0824815192896547	0.0824815192896547
-0.5	0.25	0.105372769735961	0.0986468482634532
-0.5	0.5	0.117141305243661	0.100406833065995
-0.5	0.75	0.114923463500042	0.0954081583773931
-0.5	1	0.0824815192896547	0.0824815192896547
-0.5	1.25	-0.0392285993796451	0.0362110148119801
-0.5	1.5	-0.164417796850079	-0.0298941448818325
-0.5	1.75	-0.196324087136643	-0.0513007664879671
-0.5	2	-0.207489632660728	-0.056588081634744
-0.5	2.25	-0.214301026580718	-0.0573536201337184
-0.5	2.5	-0.219606295784739	-0.0565323137663684
-0.5	2.75	-0.224135374947824	-0.0550858089809433
-0.5	3	-0.22815419018539	-0.0533977891923252
-0.5	3.25	-0.231791328193108	-0.0516407864548774
-0.5	3.5	-0.235123178877828	-0.0498975234917577
-0.5	3.75	-0.238201619257919	-0.0482083844324759
-0.5	4	-0.241064878027606	-0.0465923713834869
-0.5	4.25	-0.24374256571087	-0.0450572067662533
-0.5	4.5	-0.246258357350828	-0.0436045277166924
-0.5	4.75	-0.248631595651917	-0.0422326855714126
-0.5	5	-0.250878334983309	-0.0409383057085735
-0.25	-5	0.247039092519121	-0.0611177796461027
-0.25	-4.75	0.244190120015161	-0.0643642197331089
-0.25	-4.5	0.241080744791112	-0.0679882388187885
-0.25	-4.25	0.237655634927107	-0.0720570660332994
-0.25	-4	0.233841694490709	-0.0766535015135518
-0.25	-3.75	0.229540592029456	-0.0818799192133002
-0.25	-3.5	0.224617462096657	-0.0878629820188818
-0.25	-3.25	0.218883538210535	-0.0947585591854087
-0.25	-3	0.212069116522646	-0.102755138933653
-0.25	-2.75	0.203781281750724	-0.112071003798007
-0.25	-2.5	0.193438735460222	-0.122933028142945
-0.25	-2.25	0.18017700601187	-0.135507498697779
-0.25	-2	0.16273415772107	-0.149715425103385
-0.25	-1.75	0.139401598003162	-0.164798650270945
-0.25	-1.5	0.108352315573285	-0.178462637414823
-0.25	-1.25	0.0690743905097747	-0.185708197436116
-0.25	-1	0.0255060746670058	-0.17854252266904
-0.25	-0.75	-0.0108982079316084	-0.148215627869874
-0.25	-0.5	-0.0223534783761939	-0.0894139135047755
-0.25	-0.25	0.0031188580570563	-0.0124754322282252
-0.25	0	0.0472794652848294	0.0472794652848294
-0.25	0.25	0.0818467177481259	0.0739260676434686
-0.25	0.5	0.0988053779113273	0.0790443023290618
-0.25	0.75	0.0946047019497102	0.0715927474214023
-0.25	1	0.0472794652848294	0.0472794652848294
-0.25	1.25	-0.0828049957227625	-0.011421378720381
-0.25	1.5	-0.17046065729685	-0.0524494330144154
-0.25	1.75	-0.195746304821669	-0.0619104591994117
-0.25	2	-0.206588561089216	-0.0628747794619353
-0.25	2.25	-0.213608424526297	-0.0615672787738361
-0.25	2.5	-0.219105882375588	-0.0595627641409366
-0.25	2.75	-0.223772056269174	-0.0573673752683044
-0.25	3	-0.227885887439726	-0.0551723727485652
-0.25	3.25	-0.2315895468271	-0.0530554866527365
-0.25	3.5	-0.234968835116484	-0.0510475424534213
-0.25	3.75	-0.238081760543166	-0.0491582730970821
-0.25	4	-0.24097054352035	-0.0473875127424956
-0.25	4.25	-0.243667433475692	-0.0457304502177083
-0.25	4.5	-0.246197884169343	-0.0441802281287968
-0.25	4.75	-0.248582460974367	-0.0427292684103363
-0.25	5	-0.25083807444756	-0.0413699538232928
0	-5	0.24687057552907	-0.0617176438822674
0	-4.75	0.243983172482909	-0.0650621793287759
0	-4.5	0.240823488574953	-0.0688067110214152
0	-4.25	0.237331484292555	-0.0730250720900169
0	-4	0.233427051392956	-0.0778090171309853
0	-3.75	0.229001188981213	-0.0832731596295319
0	-3.5	0.223902429979151	-0.0895609719916604
0	-3.25	0.217915574178075	-0.0968513663013666
0	-3	0.210727874477625	-0.105363937238812
0	-2.75	0.201874962938407	-0.11535712167909
0	-2.5	0.190655648575115	-0.127103765716744
0	-2.25	0.176006182818264	-0.140804946254611
0	-2	0.156351800744408	-0.156351800744408
0	-1.75	0.129575257419065	-0.172767009892087
0	-1.5	0.0935955874400827	-0.187191174880165
0	-1.25	0.0484983734246867	-0.193993493698747
0	-1	0	-0.186229826761182
0	-0.75	-0.0400356855616241	-0.160142742246496
0	-0.5	-0.0582397047347159	-0.116479409469432
0	-0.25	-0.0438173497175194	-0.0584231329566925
0	0	0	0
0	0.25	0.0449932185335557	0.0359945748268446
0	0.5	0.068693185540045	0.0457954570266967
0	0.75	0.0615927276220177	0.0351958443554387
0	1	0	0
0	1.25	-0.112754599223332	-0.0501131552103699
0	1.5	-0.173309416032652	-0.0693237664130609
0	1.75	-0.194872491958135	-0.0708627243484127
0	2	-0.205640624509937	-0.0685468748366455
0	2.25	-0.212899751276349	-0.0655076157773381
0	2.5	-0.218596341555877	-0.0624560975873936
0	2.75	-0.22340258812153	-0.0595740234990746
0	3	-0.227613235341681	-0.0569033088354202
0	3.25	-0.231384630267142	-0.054443442415798
0	3.5	-0.234812202401925	-0.0521804894226501
0	3.75	-0.237960211245996	-0.0500968865781044
0	4	-0.240874946154503	-0.0481749892309005
0	4.25	-0.243591347365531	-0.0463983518791488
0	4.5	-0.24613668271746	-0.0447521241304472
0	4.75	-0.24853276452365	-0.0432230894823739
0	5	-0.25079737631433	-0.041799562719055
0.25	-5	0.246700201665045	-0.0623188400865772
0.25	-4.75	0.243773665107327	-0.0657618512386183
0.25	-4.5	0.240562643778926	-0.0696273932789945
0.25	-4.25	0.237002210378683	-0.0739959333593119
0.25	-4	0.233004948042549	-0.0789682041483116
0.25	-3.75	0.228450689398952	-0.0846710474335327
0.25	-3.5	0.22317051701783	-0.0912646203778984
0.25	-3.25	0.216921329603138	-0.0989504291144573
0.25	-3	0.209344800246841	-0.107977844337845
0.25	-2.75	0.199900852674919	-0.118641770332085
0.25	-2.5	0.187762013382091	-0.131251116150588
0.25	-2.25	0.171659182296664	-0.14601589495885
0.25	-2	0.149715425103385	-0.16273415772107
0.25	-1.75	0.119496999473166	-0.180079199206074
0.25	-1.5	0.0790013643716588	-0.194464896914852
0.25	-1.25	0.0295484630301244	-0.19970685358291
0.25	-1	-0.0211394950915351	-0.190255455823816
0.25	-0.75	-0.0615150677945218	-0.166256939985194
0.25	-0.5	-0.0826260651311017	-0.132201704209763
0.25	-0.25	-0.078644387520708	-0.0913289661530803
0.25	0	-0.0472794652848294	-0.0472794652848294
0.25	0.25	-0.0031188580570563	-0.0124754322282252
0.25	0.5	0.0248165640698578	0
0.25	0.75	0.0155512527136688	-0.012441002170935
0.25	1	-0.0472794652848294	-0.0472794652848294
0.25	1.25	-0.130380211466272	-0.0769456985702589
0.25	1.5	-0.174485680510886	-0.082110908475711
0.25	1.75	-0.193854214056126	-0.0784834874721157
0.25	2	-0.204673603532545	-0.0736824972717161
0.25	2.25	-0.212183163493504	-0.0691978370128565
0.25	2.5	-0.218080734755854	-0.0652204066559564
0.25	2.75	-0.223028289864089	-0.061708937588356
0.25	3	-0.227336856780339	-0.0585919733969947
0.25	3.25	-0.231176893165062	-0.0558052949086733
0.25	3.5	-0.234653448463741	-0.0532966823009129
0.25	3.75	-0.237837064855048	-0.0510243909368494
0.25	4	-0.240778140055293	-0.048954891546512
0.25	4.25	-0.243514339765004	-0.0470609632356675
0.25	4.5	-0.246074772940451	-0.0453202459516226
0.25	4.75	-0.248482518903313	-0.043714167075366
0.25	5	-0.250756248733059	-0.0422271437575422
0.5	-5	0.246527959509499	-0.0629213620505416
0.5	-4.75	0.243561580464184	-0.0664632244712934
0.5	-4.5	0.24029818343394	-0.0704502656801972
0.5	-4.25	0.236667770921061	-0.0749696128324471
0.5	-4	0.232575317640101	-0.0801309917919674
0.5	-3.75	0.227888987707916	-0.0860734429886167
0.5	-3.5	0.22242155948513	-0.0929736422285108
0.5	-3.25	0.215900566804827	-0.101055145218815
0.5	-3	0.207919617735246	-0.110595541348535
0.5	-2.75	0.197858926206873	-0.121921974118572
0.5	-2.5	0.184759389530755	-0.135368265596791
0.5	-2.25	0.16714439362248	-0.151125129857576
0.5	-2	0.14285853727905	-0.168832816784332
0.5	-1.75	0.109276169934338	-0.186703003907913
0.5	-1.5	0.0648245501989646	-0.200366791524072
0.5	-1.25	0.0124722036333824	-0.203392859252083
0.5	-1	-0.0384012976207787	-0.192006488103893
0.5	-0.75	-0.0773245305852745	-0.169238595243242
0.5	-0.5	-0.0988537672641413	-0.141219667520202
0.5	-0.25	-0.101006070569209	-0.111751397225507
0.5	0	-0.0824815192896547	-0.0824815192896547
0.5	0.25	-0.0493430505885847	-0.0580506477512761
0.5	0.5	-0.0241224923982282	-0.0482449847964564
0.5	0.75	-0.0324745200857534	-0.0590445819740971
0.5	1	-0.0824815192896547	-0.0824815192896547
0.5	1.25	-0.140421767766396	-0.0948302847253581
0.5	1.5	-0.174804829909246	-0.0920025420574979
0.5	1.75	-0.192782547009829	-0.0850295644606088
0.5	2	-0.203706967100952	-0.078348833500366
0.5	2.25	-0.2114650971305	-0.0726589960967034
0.5	2.5	-0.217561669151837	-0.0678632729464446
0.5	2.75	-0.222650340115982	-0.0637751606060941
0.5	3	-0.227057325594114	-0.0602396986270099
0.5	3.25	-0.230966631419772	-0.0571416703166186
0.5	3.5	-0.234492733297295	-0.0543964334294666
0.5	3.75	-0.237712411459177	-0.0519409500251818
0.5	4	-0.240680177769589	-0.0497273094565266
0.5	4.25	-0.243436442290352	-0.047718335360146
0.5	4.5	-0.246012174393604	-0.0458846236315187
0.5	4.75	-0.248431736511511	-0.044202519385379
0.5	5	-0.250714699741381	-0.0426527082547578
0.75	-5	0.246353837650263	-0.0635252034192503
0.75	-4.75	0.243346901157228	-0.0671662877636977
0.75	-4.5	0.240030080663359	-0.0712753077952334
0.75	-4.25	0.236328123926026	-0.0759460724830859
0.75	-4	0.23213809414931	-0.0812973072337246
0.75	-3.75	0.227315980476477	-0.0874802023991107
0.75	-3.5	0.221655399765201	-0.0946877435890181
0.75	-3.25	0.214853065989159	-0.103164893097319
0.75	-3	0.206452104783392	-0.113215670365086
0.75	-2.75	0.195749325404576	-0.125194690502655
0.75	-2.5	0.181649850931016	-0.139448370411689
0.75	-2.25	0.162471675821492	-0.156118034867579
0.75	-2	0.135817603645647	-0.174622633258689
0.75	-1.75	0.0990188501511642	-0.19262683417385
0.75	-1.5	0.0512569328350779	-0.205027731340312
0.75	-1.25	-0.00270473888994355	-0.20556015563571
0.75	-1	-0.0524784071099053	-0.192420826069653
0.75	-0.75	-0.08917439914181	-0.170594502706071
0.75	-0.5	-0.10994906245442	-0.146598749939226
0.75	-0.25	-0.115062427621655	-0.124194366321786
0.75	0	-0.104856598483081	-0.104856598483081
0.75	0.25	-0.0829287227742427	-0.0904676975719011
0.75	0.5	-0.0641263465761968	-0.085501795434929
0.75	0.75	-0.0697178733164453	-0.0929571644219271
0.75	1	-0.104856598483081	-0.104856598483081
0.75	1.25	-0.146322431141635	-0.106988444275604
0.75	1.5	-0.174694229686692	-0.0998252741066811
0.75	1.75	-0.1917112602948	-0.0907021016448516
0.75	2	-0.202754154376617	-0.082603544375659
0.75	2.25	-0.210750596132734	-0.0759101673274302
0.75	2.5	-0.217041358818692	-0.0703917920493055
0.75	2.75	-0.222269790435607	-0.0657755988321496
0.75	3	-0.226775170100063	-0.0618477736636535
0.75	3.25	-0.230754123199285	-0.0584531799562253
0.75	3.5	-0.234330209489523	-0.0554800495987655
0.75	3.75	-0.237586337860131	-0.0528467254806701
0.75	4	-0.240581110307696	-0.0504923317929733
0.75	4.25	-0.243357685805931	-0.0483705189104559
0.75	4.5	-0.245948906249084	-0.0464452870169943
0.75	4.75	-0.248380429544001	-0.0446881645158676
0.75	5	-0.250672737266484	-0.043076267480576
1	-5	0.246177824682092	-0.0641303576902929
1	-4.75	0.243129609821666	-0.0678710295789338
1	-4.5	0.239758308691163	-0.0721024986720868
1	-4.25	0.23598322769056	-0.0769252732607201
1	-4	0.23169321234734	-0.0824670755812568
1	-3.75	0.226731566548709	-0.0888911775072113
1	-3.5	0.220871886714191	-0.0964066215625459
1	-3.25	0.213778626243982	-0.105279032560673
1	-3	0.204942095838758	-0.115836836778428
1	-2.75	0.193572364786314	-0.128456821361404
1	-2.5	0.178435988462467	-0.143484609279097
1	-2.25	0.157652252776442	-0.160980803218939
1	-2	0.128631075217746	-0.180083505304844
1	-1.75	0.0888233084075933	-0.197857908548651
1	-1.5	0.0384269969020577	-0.208603697468313
1	-1.25	-0.0160902085984876	-0.206632152527946
1	-1	-0.0640277838600438	-0.192083351580131
1	-0.75	-0.0982752263139508	-0.171114511699585
1	-0.5	-0.117849791369751	-0.149990643561502
1	-0.25	-0.124213901276533	-0.132075540597832
1	0	-0.118685427836194	-0.118685427836194
1	0.25	-0.104254650669142	-0.110637588465212
1	0.5	-0.0909522075393078	-0.109142649047169
1	0.75	-0.0942172993454689	-0.113937199208474
1	1	-0.118685427836194	-0.118685427836194
1	1.25	-0.149979190014886	-0.115580293222481
1	1.5	-0.174378025504997	-0.106143145959564
1	1.75	-0.190671207968097	-0.0956587755229776
1	2	-0.201824242040986	-0.0864961037318513
1	2.25	-0.210043580050756	-0.0789686186939669
1	2.5	-0.216521677949402	-0.0728125996644007
1	2.75	-0.221887577734642	-0.067713026183172
1	3	-0.226490876385208	-0.0634174453878583
1	3.25	-0.230539629911453	-0.0597404204154374
1	3.5	-0.234166022532343	-0.0565478320666339
1	3.75	-0.237458927681927	-0.0537418767245124
1	4	-0.240480987184215	-0.0512500464490949
1	4.25	-0.243278100440403	-0.049017564126993
1	4.5	-0.245884987302697	-0.0470022657611432
1	4.75	-0.248328609997107	-0.0451711204768874
1	5	-0.250630369126466	-0.0434978326583123
1.25	-5	0.245999909208221	-0.0647368182126899
1.25	-4.75	0.242909689127699	-0.0685774381043142
1.25	-4.5	0.239482840850237	-0.0729318168328688
1.25	-4.25	0.235633040822509	-0.0779071750844867
1.25	-4	0.231240607875976	-0.083640219870034
1.25	-3.75	0.2261356471786	-0.0903062158945636
1.25	-3.5	0.220070876022415	-0.098129964390323
1.25	-3.25	0.212677066523486	-0.107396905253348
1.25	-3	0.203389484499698	-0.118457611851473
1.25	-2.75	0.191328536565329	-0.131705225170552
1.25	-2.5	0.175120906320984	-0.147470236901881
1.25	-2.25	0.152698575838238	-0.165700632790801
1.25	-2	0.121338364010037	-0.185200660857425
1.25	-1.75	0.0787766132001511	-0.202419376964627
1.25	-1.5	0.026407142991479	-0.211257143931832
1.25	-1.25	-0.0278569810561199	-0.206937573559748
1.25	-1	-0.073594072354913	-0.191344588122774
1.25	-0.75	-0.105438991990187	-0.171207868182085
1.25	-0.5	-0.123707816234719	-0.152255773827347
1.25	-0.25	-0.130479252717859	-0.137346581808272
1.25	0	-0.127530373335029	-0.127530373335029
1.25	0.25	-0.11759419341086	-0.123021617722131
1.25	0.5	-0.107940949698756	-0.123361085370007
1.25	0.75	-0.109783021817408	-0.126529584467521
1.25	1	-0.127530373335029	-0.127530373335029
1.25	1.25	-0.152379269257054	-0.121903415405644
1.25	1.5	-0.173974419453667	-0.111343628450347
1.25	1.75	-0.189679200459275	-0.100023758441547
1.25	2	-0.200923158964334	-0.0900690022943568
1.25	2.25	-0.209347061460624	-0.0818499789169357
1.25	2.5	-0.216004207099268	-0.0751318981214844
1.25	2.75	-0.221504535530992	-0.0695900888955667
1.25	3	-0.226204891373362	-0.0649499193052229
1.25	3.25	-0.23032339712544	-0.0610039737190629
1.25	3.5	-0.234000311124022	-0.0576000765843746
1.25	3.75	-0.237330261476998	-0.0546265609620462
1.25	4	-0.240379856457941	-0.0520005403766157
1.25	4.25	-0.243197715602633	-0.0496595208305312
1.25	4.5	-0.24582043598056	-0.047555589321986
1.25	4.75	-0.248276289670647	-0.0456514051843541
1.25	5	-0.250587603031675	-0.0439174149643141
1.5	-5	0.245820079841956	-0.0653445781858365
1.5	-4.75	0.242687121784113	-0.0692855012494047
1.5	-4.5	0.239203650590813	-0.0737632402702948
1.5	-4.25	0.235277522261112	-0.0788917368373895
1.5	-4	0.230780217293529	-0.0848166610565962
1.5	-3.75	0.225528126165737	-0.0917251608887301
1.5	-3.5	0.219252230577587	-0.099857451550188
1.5	-3.25	0.211548226617899	-0.109517835227439
1.5	-3	0.201794225909196	-0.121076535545517
1.5	-2.75	0.18901851461464	-0.134936729979856
1.5	-2.5	0.171708211787925	-0.151398638350643
1.5	-2.25	0.147624157916304	-0.170265899928008
1.5	-2	0.11397883161374	-0.189964719356233
1.5	-1.75	0.0689525391720377	-0.206346857966691
1.5	-1.5	0.0152245653181287	-0.213143914453802
1.5	-1.25	-0.0381983821542463	-0.206720656364156
1.5	-1	-0.0816044229477119	-0.190410320211328
1.5	-0.75	-0.111207542244934	-0.171088526530667
1.5	-0.5	-0.128210333530024	-0.153852400236028
1.5	-0.25	-0.134985315916556	-0.141065735552437
1.5	0	-0.133490075044803	-0.133490075044803
1.5	0.25	-0.126260428122254	-0.13093674027493
1.5	0.5	-0.118922523350011	-0.132136137055568
1.5	0.75	-0.11996179781136	-0.134357213548723
1.5	1	-0.133490075044803	-0.133490075044803
1.5	1.25	-0.154043776929088	-0.126731050523221
1.5	1.5	-0.173545758247337	-0.115697172164892
1.5	1.75	-0.188743472883025	-0.103895489660381
1.5	2	-0.200054570057606	-0.0933587993602162
1.5	2.25	-0.208663322363625	-0.0845683949667554
1.5	2.5	-0.215490273320648	-0.0773554827304892
1.5	2.75	-0.221121404139483	-0.0714093103695853
1.5	3	-0.225917625680658	-0.0664463604943111
1.5	3.25	-0.230105655445932	-0.0622444075163098
1.5	3.5	-0.233833207458822	-0.058637073430041
1.5	3.75	-0.237200416829163	-0.0555009331856537
1.5	4	-0.240277764770843	-0.0527438995838436
1.5	4.25	-0.243116559997289	-0.0502964384203806
1.5	4.5	-0.245755270345666	-0.0481052869612793
1.5	4.75	-0.248223480170826	-0.0461290364593506
1.5	5	-0.250544446586036	-0.0443350255275702
1.75	-5	0.245638325208282	-0.0659536306584605
1.75	-4.75	0.242461890541929	-0.069995206644108
1.75	-4.5	0.238920711489025	-0.0745967464442906
1.75	-4.25	0.234916631297862	-0.0798789163609421
1.75	-4	0.230311978127455	-0.0859963180132556
1.75	-3.75	0.224908909992296	-0.093147851574712
1.75	-3.5	0.218415820828199	-0.101588753873581
1.75	-3.25	0.210391968103801	-0.111641129585182
1.75	-3	0.200156338975517	-0.123692119591611
1.75	-2.75	0.18664315725464	-0.138148147076301
1.75	-2.5	0.168201998361889	-0.155263383103282
1.75	-2.25	0.142443384213983	-0.174666306224335
1.75	-2	0.106590845535218	-0.194371541858338
1.75	-1.75	0.0594107036440749	-0.209684836390853
1.75	-1.5	0.00487285096973817	-0.214405442668479
1.75	-1.25	-0.0473033301607304	-0.206157797118407
1.75	-1	-0.0883865102601044	-0.189399664843081
1.75	-0.75	-0.115947363528069	-0.17086979888347
1.75	-0.5	-0.131779180967395	-0.155034330549876
1.75	-0.25	-0.138369965095264	-0.143817601516338
1.75	0	-0.137719434810626	-0.137719434810626
1.75	0.25	-0.132187871579608	-0.136276156267638
1.75	0.5	-0.126357239659935	-0.137844261447202
1.75	0.75	-0.126942341534307	-0.139497078609129
1.75	1	-0.137719434810626	-0.137719434810626
1.75	1.25	-0.15525806781143	-0.130535445548463
1.75	1.5	-0.173124487658864	-0.119396198385424
1.75	1.75	-0.18786706494514	-0.10735260854008
1.75	2	-0.199220519285531	-0.0963970254607407
1.75	2.25	-0.207994057183932	-0.0871366781889644
1.75	2.5	-0.214980984963235	-0.0794887675494313
1.75	2.75	-0.220738839893097	-0.0731730960971592
1.75	3	-0.225629456272604	-0.0679078946063178
1.75	3.25	-0.229886621342091	-0.0634622752872027
1.75	3.5	-0.23366483750529	-0.0596591074481591
1.75	3.75	-0.237069468453485	-0.0563651461798862
1.75	4	-0.240174757386121	-0.0534802091345614
1.75	4.25	-0.243034661640158	-0.0509283658728377
1.75	4.5	-0.245689508104357	-0.048651387743437
1.75	4.75	-0.248170192913093	-0.0466040320274775
1.75	5	-0.250500907288368	-0.0447506754293389
2	-5	0.245454633945498	-0.0665639685275928
2	-4.75	0.242233978198106	-0.0707065416367896
2	-4.5	0.238633997255613	-0.0754323122787315
2	-4.25	0.234550327597663	-0.0808686704502467
2	-4	0.229835828927648	-0.0871791075242802
2	-3.75	0.224277907961143	-0.0945741228116826
2	-3.5	0.217561525146152	-0.10332353368145
2	-3.25	0.209208175270364	-0.113766079190547
2	-3	0.198475908397177	-0.126302850798204
2	-2.75	0.184203508780531	-0.141336285218168
2	-2.5	0.164606822356857	-0.159058277783031
2	-2.25	0.137171305777998	-0.17889299396868
2	-2	0.0992109488030137	-0.198421897606027
2	-1.75	0.0501967369961983	-0.212483275051869
2	-1.5	-0.00467750278943808	-0.215165128314152
2	-1.25	-0.0553442974259798	-0.205374019363877
2	-1	-0.0941902232639672	-0.188380446527934
2	-0.75	-0.119911410642942	-0.170612208431568
2	-0.5	-0.13468252589366	-0.155948187876869
2	-0.25	-0.141007839804753	-0.14593818385387
2	0	-0.140862307806605	-0.140862307806605
2	0.25	-0.136449286243546	-0.140071833665941
2	0.5	-0.131644171258468	-0.141770645970658
2	0.75	-0.131964954490766	-0.143064810475971
2	1	-0.140862307806605	-0.140862307806605
2	1.25	-0.156185063791532	-0.1336149678679
2	1.5	-0.172726829454094	-0.122580330580325
2	1.75	-0.187049917243749	-0.11045844695174
2	2	-0.198421897606027	-0.0992109488030137
2	2.25	-0.207340488634748	-0.0895664382882219
2	2.5	-0.214477261827885	-0.0815368102816753
2	2.75	-0.220357423481303	-0.0748837386109495
2	3	-0.225340728935035	-0.0693356089030877
2	3.25	-0.229666497933221	-0.0646581165650447
2	3.5	-0.233495321273522	-0.0606664580952353
2	3.75	-0.23693748829309	-0.0572193505286408
2	4	-0.240070878225356	-0.054209553147661
2	4.25	-0.242952047873172	-0.051555351739914
2	4.5	-0.245623166612697	-0.04919392053456
2	4.75	-0.248116439124968	-0.0470764095182493
2	5	-0.250456992533682	-0.0451643757027952
2.25	-5	0.245268994706878	-0.0671755845375526
2.25	-4.75	0.242003367599306	-0.0714194932924484
2.25	-4.5	0.238343481744751	-0.0762699141583204
2.25	-4.25	0.234178571220301	-0.0818609548495249
2.25	-4	0.229351709320372	-0.0883649442836067
2.25	-3.75	0.223635032334862	-0.0960038052550862
2.25	-3.5	0.216689230187634	-0.105061444939459
2.25	-3.25	0.207996756016697	-0.115891959449954
2.25	-3	0.196753086470113	-0.128907194583867
2.25	-2.75	0.181700799661158	-0.14449796530917
2.25	-2.5	0.160927673237495	-0.162777416608041
2.25	-2.25	0.131823422674991	-0.182938627385702
2.25	-2	0.0918731751035058	-0.202120985227713
2.25	-1.75	0.0413432226531488	-0.21479467401406
2.25	-1.5	-0.0134704743640172	-0.215527589824276
2.25	-1.25	-0.0624728991585729	-0.204456760882602
2.25	-1	-0.0992065931544222	-0.187390231513909
2.25	-0.75	-0.123278171320731	-0.170348018552283
2.25	-0.5	-0.137096884745077	-0.156682153994373
2.25	-0.25	-0.143128324937528	-0.147629215658834
2.25	0	-0.143291359930434	-0.143291359930434
2.25	0.25	-0.139650124607304	-0.142897801923753
2.25	0.5	-0.135574626542107	-0.144612934978247
2.25	0.75	-0.13573648453097	-0.14566842242348
2.25	1	-0.143291359930434	-0.143291359930434
2.25	1.25	-0.156921636096334	-0.136164805924862
2.25	1.5	-0.172360130559875	-0.125352822225364
2.25	1.75	-0.186290174721184	-0.11326442623048
2.25	2	-0.197658783630443	-0.101824221870228
2.25	2.25	-0.206703461580514	-0.091868205146895
2.25	2.5	-0.213979861281049	-0.0835043361096778
2.25	2.75	-0.219977667485757	-0.0765434224045898
2.25	3	-0.225051760570792	-0.070730553322249
2.25	3.25	-0.229445475733096	-0.065832457172365
2.25	3.5	-0.233324773071765	-0.0616593994904363
2.25	3.75	-0.236804545613004	-0.0580636946242315
2.25	4	-0.239966169904771	-0.0549320147974777
2.25	4.25	-0.242868745379144	-0.0521774441483303
2.25	4.5	-0.245556262882751	-0.0497329140015698
2.25	4.75	-0.248062229848831	-0.047546186464532
2.25	5	-0.250412709614472	-0.0455761373326953
2.5	-5	0.24508139616235	-0.0677884712789478
2.5	-4.75	0.241770041645706	-0.0721340483909315
2.5	-4.5	0.238049138963004	-0.0771095279256089
2.5	-4.25	0.2338013226422	-0.0828557242481172
2.5	-4	0.228859560062784	-0.0895537408941328
2.5	-3.75	0.22298019847549	-0.0974367253842479
2.5	-3.5	0.215798831251268	-0.106802133432831
2.5	-3.25	0.206757642715416	-0.118018031161779
2.5	-3	0.19498809465579	-0.131503598721347
2.5	-2.75	0.179136445357387	-0.147630035369907
2.5	-2.5	0.157169938125451	-0.166415228603419
2.5	-2.25	0.126415463854915	-0.186797438355027
2.5	-2	0.0846085272517469	-0.2054778518971
2.5	-1.75	0.032871133120041	-0.216671694368721
2.5	-1.5	-0.021557965704628	-0.21557965704628
2.5	-1.25	-0.0688195577391034	-0.203466518533001
2.5	-1	-0.103582639791378	-0.186448751624481
2.5	-0.75	-0.126176350217103	-0.170094085375543
2.5	-0.5	-0.13914226281512	-0.157291253617092
2.5	-0.25	-0.14487761802749	-0.149016978542561
2.5	0	-0.145231714481697	-0.145231714481697
2.5	0.25	-0.142145402370949	-0.145086341730347
2.5	0.5	-0.138610075495574	-0.146763609348255
2.5	0.75	-0.138673520896015	-0.147652381961225
2.5	1	-0.145231714481697	-0.145231714481697
2.5	1.25	-0.157527576866894	-0.138316896761175
2.5	1.5	-0.172026885717562	-0.12779140081876
2.5	1.75	-0.185584997329333	-0.115812632604495
2.5	2	-0.196930691650932	-0.10425742499167
2.5	2.25	-0.206083519069175	-0.094051538904053
2.5	2.5	-0.213489400862652	-0.0853957603450608
2.5	2.75	-0.219600023187422	-0.0781542287845731
2.5	3	-0.224762841333487	-0.0720937415597976
2.5	3.25	-0.229223733354844	-0.0669858094680513
2.5	3.5	-0.233153301752689	-0.0626382004708717
2.5	3.75	-0.236670707091085	-0.0588983246782062
2.5	4	-0.239860673770616	-0.0556476763147829
2.5	4.25	-0.242784780196235	-0.0527946907987646
2.5	4.5	-0.245488813588764	-0.050268396611444
2.5	4.75	-0.248007575944675	-0.048013380302022
2.5	5	-0.250368065721989	-0.0459859712550592
2.75	-5	0.244891827000205	-0.0684026211876905
2.75	-4.75	0.241533983294873	-0.0728501934251975
2.75	-4.5	0.237750943078413	-0.0779511288781683
2.75	-4.25	0.233418542778459	-0.0838529322769651
2.75	-4	0.228359323098002	-0.0907454078686382
2.75	-3.75	0.222313324984763	-0.0988727055356366
2.75	-3.5	0.214890232632459	-0.108545236961106
2.75	-3.25	0.205490793037496	-0.120143541433947
2.75	-3	0.193181224890101	-0.134090497276658
2.75	-2.75	0.176512043726545	-0.150729385654129
2.75	-2.5	0.153339361062875	-0.169966520696199
2.75	-2.25	0.120963170607948	-0.190465236849678
2.75	-2	0.0774446229872001	-0.208504754196308
2.75	-1.75	0.0247915192130757	-0.218165369075066
2.75	-1.5	-0.028995111557018	-0.215392257280705
2.75	-1.25	-0.0744951047202995	-0.202444712064325
2.75	-1	-0.107432515183315	-0.185565253498454
2.75	-0.75	-0.128700669733129	-0.169858751932048
2.75	-0.5	-0.140902662698107	-0.15781098222188
2.75	-0.25	-0.146352375327022	-0.150183589340818
2.75	0	-0.146825105280032	-0.146825105280032
2.75	0.25	-0.144152248382066	-0.146838315122105
2.75	0.5	-0.141030638362085	-0.148453303539037
2.75	0.75	-0.141031675389488	-0.149220611379846
2.75	1	-0.146825105280032	-0.146825105280032
2.75	1.25	-0.158041060042576	-0.140163112073959
2.75	1.5	-0.171726973550698	-0.12995554755188
2.75	1.75	-0.184931062474131	-0.118137779467504
2.75	2	-0.196236752138659	-0.106528522589558
2.75	2.25	-0.205480963921705	-0.0961251289830841
2.75	2.5	-0.213006377853403	-0.08721520982974
2.75	2.75	-0.219224886713198	-0.0797181406229811
2.75	3	-0.224474236609091	-0.0734261521618521
2.75	3.25	-0.229001438178242	-0.0681186726035973
2.75	3.5	-0.232981010949684	-0.0636031246509523
2.75	3.75	-0.236536036906114	-0.0597233847337698
2.75	4	-0.239754429933687	-0.0563566189883965
2.75	4.25	-0.242700177732125	-0.0534071389653421
2.75	4.5	-0.245420835073253	-0.0508003966305475
2.75	4.75	-0.247952488092829	-0.0484780083687659
2.75	5	-0.250323067947508	-0.0463938883568702
3	-5	0.24470027592883	-0.0690180265440288
3	-4.75	0.241295175565687	-0.073567914599628
3	-4.5	0.23744886842971	-0.0787946917659128
3	-4.25	0.233030193005176	-0.0848525315055934
3	-4	0.227850941610683	-0.091939853632381
3	-3.75	0.221634333844627	-0.100311563941911
3	-3.5	0.213963347972881	-0.110290385553032
3	-3.25	0.204196190733454	-0.122267724668445
3	-3	0.191332840614297	-0.136666314724498
3	-2.75	0.173829370999274	-0.153792963750137
3	-2.5	0.149441997754504	-0.173426515912634
3	-2.25	0.115482090000474	-0.193939387787056
3	-2	0.0704055003174052	-0.211216500952216
3	-1.75	0.0171072609701773	-0.219323858592017
3	-1.5	-0.035837105416665	-0.21502263249999
3	-1.25	-0.0795931301084115	-0.201419349662102
3	-1	-0.110845720158176	-0.184742866930294
3	-0.75	-0.130922169341879	-0.169645627879617
3	-0.5	-0.142438438943863	-0.158264932159848
3	-0.25	-0.14761862913628	-0.151184296506721
3	0	-0.1481642032424	-0.1481642032424
3	0.25	-0.145808924699002	-0.148280262405765
3	0.5	-0.143013341007446	-0.149823500103039
3	0.75	-0.142974114050704	-0.150499067421794
3	1	-0.1481642032424	-0.1481642032424
3	1.25	-0.158487209549168	-0.141769149470142
3	1.5	-0.171458913211262	-0.131891471700971
3	1.75	-0.184324873617386	-0.120268711863826
3	2	-0.195575842919057	-0.108653246066143
3	2.25	-0.204895908622228	-0.098096882892495
3	2.5	-0.212531186207747	-0.088966543063708
3	2.75	-0.218852604584405	-0.0812370469875296
3	3	-0.22418618885558	-0.0747287296185268
3	3.25	-0.228778746981215	-0.0692315327866124
3	3.5	-0.232807999303516	-0.0645544304853407
3	3.75	-0.236400596823117	-0.06053901667968
3	4	-0.239647477302997	-0.0570589231673803
3	4.25	-0.242614962777928	-0.0540148354953549
3	4.5	-0.245352343352994	-0.0513289421240574
3	4.75	-0.247896976796646	-0.0489400879047181
3	5	-0.250277723283576	-0.0467998994757906
3.25	-5	0.244506731678456	-0.0696346794715947
3.25	-4.75	0.241053601542328	-0.0742871978283904
3.25	-4.5	0.237142889535648	-0.0796401907885834
3.25	-4.25	0.232636235182015	-0.0858544734396067
3.25	-4	0.227334360083049	-0.0931369845274167
3.25	-3.75	0.220943150557793	-0.101753114776872
3.25	-3.5	0.213018100603986	-0.11203720170175
3.25	-3.25	0.202873846365922	-0.124389803611222
3.25	-3	0.189443377510938	-0.139229470218882
3.25	-2.75	0.17109037633599	-0.156817789503315
3.25	-2.5	0.145484166621845	-0.176790886021483
3.25	-2.25	0.109987383847118	-0.197218757243109
3.25	-2	0.0635115657633782	-0.213629812113181
3.25	-1.75	0.00981474509098348	-0.220191672475977
3.25	-1.5	-0.0421371798214572	-0.214516551818327
3.25	-1.25	-0.0841924627810263	-0.200409052509437
3.25	-1	-0.113893133088065	-0.183981214988413
3.25	-0.75	-0.132895053052427	-0.169455700835409
3.25	-0.5	-0.143793973904464	-0.158669212584237
3.25	-0.25	-0.148722822951793	-0.152057415394659
3.25	0	-0.14931168582042	-0.14931168582042
3.25	0.25	-0.147206767301582	-0.149494955394352
3.25	0.5	-0.144674316590777	-0.150964504268637
3.25	0.75	-0.144608850963975	-0.151568635234969
3.25	1	-0.14931168582042	-0.14931168582042
3.25	1.25	-0.158883019445061	-0.143183116337841
3.25	1.5	-0.171220574161174	-0.133635570077014
3.25	1.75	-0.18376294648344	-0.122229568048211
3.25	2	-0.194946684252135	-0.110645415386347
3.25	2.25	-0.204328315727952	-0.0999740056777367
3.25	2.5	-0.212064131205679	-0.0906533690650232
3.25	2.75	-0.218483478724079	-0.0827127476314195
3.25	3	-0.223898919310269	-0.0760023854539445
3.25	3.25	-0.228555806537288	-0.0703248635499347
3.25	3.5	-0.232634360679682	-0.0654923713350424
3.25	3.75	-0.236264446275975	-0.061345360265494
3.25	4	-0.239539853618619	-0.0577546682637776
3.25	4.25	-0.242529159521817	-0.0546178268092027
3.25	4.5	-0.245283354124925	-0.0518540609554779
3.25	4.75	-0.247841052385155	-0.0493996360513365
3.25	5	-0.250232038625246	-0.0472040153998943
3.5	-5	0.244311183002946	-0.0702525719364693
3.5	-4.75	0.240809244378305	-0.075008028733852
3.5	-4.5	0.236832981104456	-0.080487599593394
3.5	-4.25	0.232236631675043	-0.0868587085187166
3.5	-4	0.226809524351309	-0.0943367048186862
3.5	-3.75	0.220239704288089	-0.103197168206442
3.5	-3.5	0.212054423883404	-0.113785300620363
3.5	-3.25	0.201523797988747	-0.126508990465457
3.5	-3	0.1875133439298	-0.141778381995702
3.5	-2.75	0.168297174991529	-0.159800969594534
3.5	-2.5	0.141472397087602	-0.180055778111493
3.5	-2.25	0.104493657720988	-0.200303631974857
3.5	-2	0.0567796631721344	-0.215762720054111
3.5	-1.75	0.00290538505310107	-0.220809264035681
3.5	-1.5	-0.0479454214654682	-0.213910341922858
3.5	-1.25	-0.0883594918348318	-0.199425892185877
3.5	-1	-0.116631441409394	-0.183277979357619
3.5	-0.75	-0.134661333096316	-0.169288533035368
3.5	-0.5	-0.14500258647258	-0.159035094840895
3.5	-0.25	-0.149698476858273	-0.152830244156563
3.5	0	-0.150311238878191	-0.150311238878191
3.5	0.25	-0.148408126403469	-0.150538386591079
3.5	0.5	-0.146092356899028	-0.15193605117499
3.5	0.75	-0.146009762865751	-0.152483102106105
3.5	1	-0.150311238878191	-0.150311238878191
3.5	1.25	-0.159240273059773	-0.144440991176894
3.5	1.5	-0.171009575876619	-0.135216873948955
3.5	1.75	-0.183241917846237	-0.12404068284976
3.5	2	-0.194347907451717	-0.11251720957731
3.5	2.25	-0.203778030593254	-0.101763070901946
3.5	2.5	-0.211605442130067	-0.0922790649890517
3.5	2.75	-0.218117770974977	-0.0841469573304481
3.5	3	-0.223612629573931	-0.077247999307358
3.5	3.25	-0.22833275418068	-0.0713991260248671
3.5	3.5	-0.232460184376795	-0.066417195536227
3.5	3.75	-0.236127642447418	-0.0621425531180464
3.5	4	-0.239431595483699	-0.0584439327558635
3.5	4.25	-0.242442791562394	-0.0552161589005411
3.5	4.5	-0.245213882771951	-0.052375780786242
3.5	4.75	-0.247784725015681	-0.0498566698512153
3.5	5	-0.25018602077131	-0.0476062468674153
3.75	-5	0.244113618681585	-0.0708716957462667
3.75	-4.75	0.240562087300547	-0.0757303926450495
3.75	-4.5	0.236519118043414	-0.0813368912728484
3.75	-4.25	0.231831345379798	-0.0878651861153153
3.75	-4	0.226276381662432	-0.0955389167019156
3.75	-3.75	0.219523928000349	-0.104643530445762
3.75	-3.5	0.211072261523091	-0.115534290517902
3.75	-3.25	0.200146111767836	-0.128624488065779
3.75	-3	0.185543320990961	-0.144311471881858
3.75	-2.75	0.16545204013796	-0.162739711611109
3.75	-2.5	0.137413376062407	-0.183217834749875
3.75	-2.25	0.0990148133146245	-0.203195616889142
3.75	-2	0.0502232380755514	-0.217634031660723
3.75	-1.75	-0.00363305868156637	-0.221212906388708
3.75	-1.5	-0.0533081648885516	-0.213232659554206
3.75	-1.25	-0.0921502140118762	-0.19847738402558
3.75	-1	-0.119106417123698	-0.182629839589671
3.75	-0.75	-0.136254039871116	-0.169142946046903
3.75	-0.5	-0.146089755844928	-0.159370642739922
3.75	-0.25	-0.150570344807544	-0.153522704509653
3.75	0	-0.151194135011191	-0.151194135011191
3.75	0.25	-0.149456824041924	-0.151449581695816
3.75	0.5	-0.147322542777529	-0.152778933250771
3.75	0.75	-0.147228865596814	-0.15327936692271
3.75	1	-0.151194135011191	-0.151194135011191
3.75	1.25	-0.159567327197325	-0.145570193232648
3.75	1.5	-0.170823509648571	-0.136658807718857
3.75	1.75	-0.182758605406508	-0.125719295438871
3.75	2	-0.193778104078744	-0.114279394713105
3.75	2.25	-0.203244807858608	-0.103470084000746
3.75	2.5	-0.211155283235206	-0.0938467925489804
3.75	2.75	-0.217755707175472	-0.0855413100588952
3.75	3	-0.223327503080266	-0.0784664200011746
3.75	3.25	-0.228109718340645	-0.0724547692172169
3.75	3.5	-0.232285555326321	-0.0673291464713973
3.75	3.75	-0.235990240346436	-0.0629307307590497
3.75	4	-0.239322738395681	-0.0591267941918741
3.75	4.25	-0.242355881921788	-0.0558098773366297
3.75	4.5	-0.245143944368657	-0.052894129075395
3.75	4.75	-0.247728004676433	-0.0503112062477524
3.75	5	-0.250139676425504	-0.0480066045665109
4	-5	0.243914027520919	-0.0714920425492347
4	-4.75	0.240312113613546	-0.0764542745962131
4	-4.5	0.236201275468541	-0.0821880383627299
4	-4.25	0.231420339744582	-0.088873854533609
4	-4	0.225734880731202	-0.0967435203133723
4	-3.75	0.218795758599586	-0.106092003822516
4	-3.5	0.21007156790803	-0.117283772895649
4	-3.25	0.198740882539092	-0.130735491110539
4	-3	0.183533962354798	-0.146827169883839
4	-2.75	0.162557393416465	-0.165631337452149
4	-2.5	0.13331389362757	-0.186274207534413
4	-2.25	0.0935639262314756	-0.205897515475952
4	-2	0.0438525724026141	-0.219262862013071
4	-1.75	-0.00981537093926348	-0.221434768389784
4	-1.5	-0.0582677713480825	-0.212505989622419
4	-1.25	-0.0956119814723751	-0.197567885886045
4	-1	-0.121355356089519	-0.182033034134279
4	-0.75	-0.137699481252287	-0.169017413811471
4	-0.5	-0.147075290750959	-0.159681744243898
4	-0.25	-0.15135708445049	-0.154149650584263
4	0	-0.151983298416654	-0.151983298416654
4	0.25	-0.150384466742392	-0.152256472552463
4	0.5	-0.148404414980947	-0.153521808600979
4	0.75	-0.148303737531698	-0.153983455139295
4	1	-0.151983298416654	-0.151983298416654
4	1.25	-0.159870232473819	-0.146591973962704
4	1.5	-0.170660057542205	-0.1379804720554
4	1.75	-0.182310036936893	-0.127280107923087
4	2	-0.193235860860442	-0.115941516516265
4	2.25	-0.20272833287765	-0.105100538804585
4	2.5	-0.210713763236731	-0.0953595132896153
4	2.75	-0.217397480836181	-0.0868973629990119
4	3	-0.223043706458734	-0.0796584665924049
4	3.25	-0.227886819046633	-0.0734922302849719
4	3.5	-0.232110554283991	-0.0682284626425565
4	3.75	-0.235852292883205	-0.0637100266237146
4	4	-0.239213316776732	-0.0598033291941829
4	4.25	-0.242268453058493	-0.0563990272588691
4	4.5	-0.245073553686935	-0.0534091330793597
4	4.75	-0.247670901189057	-0.0507632620848515
4	5	-0.250093012197711	-0.0484050991350408
4.25	-5	0.243712398356591	-0.0721136038333758
4.25	-4.75	0.240059306703547	-0.0771796593253487
4.25	-4.5	0.235879428714395	-0.0830410128402725
4.25	-4.25	0.231003578793977	-0.0898846610093295
4.25	-4	0.225184971797509	-0.0979504137415176
4.25	-3.75	0.218055137069176	-0.107542386846551
4.25	-3.5	0.209052308404331	-0.119033342863676
4.25	-3.25	0.197308234299012	-0.13284118744884
4.25	-3	0.181485993651336	-0.149323918827049
4.25	-2.75	0.15961579430903	-0.168473295918478
4.25	-2.5	0.129180788896974	-0.189222564018103
4.25	-2.25	0.0881531500953231	-0.208413198308432
4.25	-2	0.0376750660535637	-0.220668244028016
4.25	-1.75	-0.0156579793821366	-0.221503122966811
4.25	-1.5	-0.0628626531123325	-0.211747884167857
4.25	-1.25	-0.0987849659685237	-0.196699579813977
4.25	-1	-0.123408910129538	-0.181483691366967
4.25	-0.75	-0.139018859889898	-0.168910287101719
4.25	-0.5	-0.147974821746375	-0.159972780266351
4.25	-0.25	-0.152073017760352	-0.154722373470463
4.25	0	-0.152695892978986	-0.152695892978986
4.25	0.25	-0.151214380543167	-0.152979528954177
4.25	0.5	-0.149367034917452	-0.154185326366402
4.25	0.75	-0.149262154113733	-0.154614183544105
4.25	1	-0.152695892978986	-0.152695892978986
4.25	1.25	-0.160153454231809	-0.147523055633086
4.25	1.5	-0.170517051774973	-0.139197593285692
4.25	1.75	-0.181893460335548	-0.128735729382614
4.25	2	-0.192719784118504	-0.117512063486892
4.25	2.25	-0.202228239031838	-0.106659467960782
4.25	2.5	-0.210280943521924	-0.0968200027726846
4.25	2.75	-0.217043256456146	-0.0882166003816151
4.25	3	-0.222761390798278	-0.080824929404685
4.25	3.25	-0.227664168405771	-0.0745119348165725
4.25	3.5	-0.231935258013194	-0.0691153777460522
4.25	3.75	-0.235713850941582	-0.0644805720802917
4.25	4	-0.239103364003398	-0.0604736134638945
4.25	4.25	-0.242180526879948	-0.0569836533835172
4.25	4.5	-0.245002725201512	-0.0539208198517771
4.25	4.75	-0.247613424211154	-0.0512128541066572
4.25	5	-0.250046034605146	-0.0488017411603604
4.5	-5	0.243508720055226	-0.072736370925587
4.5	-4.75	0.239803650042799	-0.0779065312728798
4.5	-4.5	0.235553553343983	-0.0838957861225143
4.5	-4.25	0.230581027152554	-0.090897551710035
4.5	-4	0.2246266066838	-0.0991594930405962
4.5	-3.75	0.217302008607767	-0.108994474285877
4.5	-3.5	0.208014459655519	-0.120782589477398
4.5	-3.25	0.195848320623679	-0.134940759418549
4.5	-3	0.179400211564304	-0.15180017901595
4.5	-2.75	0.15662992843906	-0.171263174348591
4.5	-2.5	0.125020897000185	-0.192061088145211
4.5	-2.25	0.0827936467814947	-0.210747464534714
4.5	-2	0.031695544758766	-0.221868813311362
4.5	-1.75	-0.0211782385945943	-0.221442635129442
4.5	-1.5	-0.0671274455601249	-0.210971971760393
4.5	-1.25	-0.101703372285258	-0.195873161438275
4.5	-1	-0.125292475474831	-0.180978020130311
4.5	-0.75	-0.140229449253542	-0.168819919489701
4.5	-0.5	-0.148800848700697	-0.16024706783152
4.5	-0.25	-0.152729320289075	-0.155249606102426
4.5	0	-0.153345015412678	-0.153345015412678
4.5	0.25	-0.151964136668055	-0.153634072235836
4.5	0.5	-0.150232214168073	-0.154784705506499
4.5	0.75	-0.150125066862721	-0.155185462374948
4.5	1	-0.153345015412678	-0.153345015412678
4.5	1.25	-0.160420346874431	-0.148376777289264
4.5	1.5	-0.170392499741479	-0.140323235081218
4.5	1.75	-0.181506342060516	-0.130097031303491
4.5	2	-0.192228516491614	-0.11899860544719
4.5	2.25	-0.201744121701696	-0.108151487922559
4.5	2.5	-0.209856845252568	-0.0982308637352447
4.5	2.75	-0.216693172513734	-0.0895004371574395
4.5	3	-0.222480692818987	-0.0819665710385741
4.5	3.25	-0.22744187105409	-0.0755142971088678
4.5	3.5	-0.231759739460657	-0.0699901207488024
4.5	3.75	-0.235574963449232	-0.0652424964504446
4.5	4	-0.238992912435508	-0.0611377217858277
4.5	4.25	-0.242092124754864	-0.0575638000025768
4.5	4.5	-0.244931473095397	-0.0544292162434216
4.5	4.75	-0.247555583238769	-0.0516599989573231
4.5	5	-0.249998750073532	-0.0491965411791287
4.75	-5	0.243302981516317	-0.0733603349908201
4.75	-4.75	0.239545127193843	-0.0786348745803496
4.75	-4.5	0.23522362515878	-0.0847523290648427
4.75	-4.25	0.230152650068772	-0.0919124717360185
4.75	-4	0.224059738852628	-0.1003706522462
4.75	-3.75	0.216536322764643	-0.110448057249079
4.75	-3.5	0.206958009865824	-0.122531096093845
4.75	-3.25	0.194361325012179	-0.137033385231139
4.75	-3	0.177277482568338	-0.154254432884138
4.75	-2.75	0.153602594926309	-0.173998709176218
4.75	-2.5	0.120840998060331	-0.194788474485309
4.75	-2.25	0.0774955416484432	-0.212905900898926
4.75	-2	0.0259165771819983	-0.222882563765185
4.75	-1.75	-0.0263938764721515	-0.221274690424064
4.75	-1.5	-0.0710932609031459	-0.210188771365823
4.75	-1.25	-0.104396438056483	-0.195088324398988
4.75	-1	-0.127027254547305	-0.180512414356696
4.75	-0.75	-0.141345461361238	-0.168744735409725
4.75	-0.5	-0.149563489679982	-0.160507159656567
4.75	-0.25	-0.153334842164316	-0.155738209596358
4.75	0	-0.15394083048808	-0.15394083048808
4.75	0.25	-0.152647216137887	-0.154231789315789
4.75	0.5	-0.151016632107382	-0.155331393024736
4.75	0.75	-0.150908569605765	-0.155707782066726
4.75	1	-0.15394083048808	-0.15394083048808
4.75	1.25	-0.160673472359243	-0.149163911301991
4.75	1.5	-0.17028458952492	-0.141368338473519
4.75	1.75	-0.181146358741419	-0.131373434003122
4.75	2	-0.191760748007973	-0.12040791153989
4.75	2.25	-0.201275549518041	-0.109580839107685
4.75	2.5	-0.209441455509112	-0.0995945382840534
4.75	2.75	-0.216347344164021	-0.0907502225006035
4.75	3	-0.222201735958249	-0.0830841273583019
4.75	3.25	-0.227220024582877	-0.0764997204439517
4.75	3.5	-0.231584067924708	-0.0708529159656329
4.75	3.75	-0.235435677445471	-0.0659959270303677
4.75	4	-0.238881993444329	-0.061795728033861
4.75	4.25	-0.242003267525298	-0.0581395109848441
4.75	4.5	-0.244859811265235	-0.0549343489021868
4.75	4.75	-0.247497387608847	-0.05210471318081
4.75	5	-0.249951164938262	-0.04958950967713
5	-5	0.24309517167415	-0.073985487031263
5	-4.75	0.239283721813867	-0.0793646730891865
5	-4.5	0.234889620208848	-0.0856106119597332
5	-4.25	0.229718413439045	-0.0929293651218353
5	-4	0.223484323464253	-0.101583783392842
5	-3.75	0.215758033573241	-0.111902923274221
5	-3.5	0.205882959069301	-0.124278440747287
5	-3.25	0.19284746115078	-0.139118240398765
5	-3	0.175118741320907	-0.156685189602917
5	-2.75	0.150536692935432	-0.176677795301465
5	-2.5	0.116647768948581	-0.197403916682213
5	-2.25	0.0722679019112344	-0.214894742286991
5	-2	0.0203387879170534	-0.223726667087587
5	-1.75	-0.0313225772393381	-0.221017736025891
5	-1.5	-0.0747879799475533	-0.209406343853149
5	-1.25	-0.106889255422221	-0.194344100767675
5	-1	-0.128631075217746	-0.180083505304844
5	-0.75	-0.142378695721598	-0.168683264139371
5	-0.5	-0.150271025393997	-0.160755050421486
5	-0.25	-0.153896686189588	-0.156193651655104
5	0	-0.154491349339184	-0.154491349339184
5	0.25	-0.153274133528706	-0.154781747956857
5	0.5	-0.15173325902609	-0.155834157918687
5	0.75	-0.151625227767695	-0.156189197834281
5	1	-0.154491349339184	-0.154491349339184
5	1.25	-0.160914818063331	-0.149893255182281
5	1.5	-0.170191684666665	-0.142342136266665
5	1.75	-0.180811385037634	-0.132573138938665
5	2	-0.19131522302797	-0.121746051017799
5	2.25	-0.200822073399063	-0.110951421767438
5	2.5	-0.209034732604764	-0.100913319188507
5	2.75	-0.216005865671418	-0.0919672431468816
5	3	-0.221924631377559	-0.0841783084535569
5	3.25	-0.226998719941464	-0.0774685973641721
5	3.5	-0.231408309216409	-0.0717039831374789
5	3.75	-0.235296038146869	-0.0667409891125707
5	4	-0.238770637439996	-0.0624477051766143
5	4.25	-0.241913975518482	-0.058710829777112
5	4.5	-0.244787753326574	-0.0554362442731395
5	4.75	-0.247438846501654	-0.0525470132207149
5	5	-0.249903285445546	-0.0499806570891091
