0.134751423034 0.736865416016
0.0912906647036 0.752802448693
0.14214007512 0.792360576159
-0.0125135656239 0.777301285119
0.135536680457 0.748255142335
0.142558778706 0.738328793448
0.115957770941 0.765043424769
0.0770817119198 0.694286243095
0.117774865027 0.794934719206
0.034270066549 0.740805348486
0.122561067556 0.733555449155
0.175338004662 0.766868489192
0.0487453591803 0.739524720494
0.0290212042 0.714962089645
0.122732607934 0.785552456335
0.1074894642 0.759421052476
0.0640987895454 0.785074669714
0.111815640095 0.766300070638
0.136206581623 0.756727825723
0.0526966551735 0.733244186575
0.0659281825852 0.765668467043
0.147671628224 0.763752900612
0.13707712827 0.766257121869
0.0869014981411 0.736175094004
0.104175395045 0.772580428975
0.110758078907 0.740046333214
0.032300521297 0.720158952724
0.0865546538663 0.731439905232
0.0697189170637 0.788487958062
0.19257319442 0.770032760384
0.106830299963 0.744411067202
0.109850133154 0.788115048734
0.0690446580602 0.709592375989
0.134542370094 0.764124671279
0.148610835472 0.755413689254
0.170009568775 0.780197522202
0.0909780579231 0.758257101246
0.109630843204 0.722503389486
0.0844862911882 0.74644873435
0.0710374448636 0.84340444437
0.0752257114906 0.790573228415
0.0930676701701 0.731726863145
0.104392681209 0.739595731419
0.0448163086137 0.82133536484
0.0594495119526 0.742984145092
0.100590536608 0.798394800269
0.0895760812575 0.779260457464
0.0994923697391 0.775888632238
0.103331189237 0.731705063877
0.10466942685 0.645353122053
0.12920257763 0.746401547626
0.118639504338 0.741718731569
0.101781362731 0.712709247783
0.0769497172813 0.79772281218
0.0528703562096 0.719526615607
0.0927240196207 0.779354921804
0.0921862265463 0.751462510276
0.0668833129468 0.753686545104
0.0852261654144 0.767314377883
0.0900193281542 0.75506548413
0.0975231089233 0.752897233099
0.105450845085 0.724718704564
0.0762056724043 0.75842087174
0.113642583722 0.730265582104
0.0769581560837 0.727909711601
0.141095765381 0.785819232121
0.0683832658079 0.777612049938
0.0965009831592 0.718643536085
0.113360862746 0.771964935288
0.154657120402 0.758508554448
0.138263236119 0.713220425587
0.0696210524215 0.72969437135
0.0966536193728 0.776048662641
0.0708507994532 0.766539617813
0.095794270946 0.753942112913
0.122193006805 0.764979773709
0.139472481299 0.805969736356
0.123224774472 0.703656792088
0.102053560087 0.751360862487
0.10089692611 0.749805576854
0.102076891518 0.79402846562
0.0745737932578 0.773622708187
0.0545652191563 0.733703423788
0.0687730331646 0.837717502879
0.0892588042485 0.834688055255
0.106497421725 0.785749340987
0.154267245477 0.75689140618
0.0733349755639 0.786081040769
0.135499448417 0.796629369967
0.0986428073763 0.791671644653
0.105573269082 0.703170072875
0.0790224771902 0.749606352428
0.128401013704 0.76089743912
0.0824893971355 0.743634741906
0.172072460185 0.774427452387
0.084344529602 0.72297546545
0.117315360476 0.739632223527
0.034046281368 0.763375146214
0.116265810564 0.778990643416
0.0636917814423 0.727492754136
0.0585625232601 0.786070699587
0.127474403236 0.772784099891
0.211915861387 0.799968790286
0.108246810367 0.774224937663
0.0676062273637 0.736839970658
0.0936308963432 0.770399395959
0.100246519618 0.683872099195
0.140539342029 0.730766212233
0.102313978969 0.74004836034
0.101249378699 0.749221249801
0.154808160965 0.734990903909
0.127329212597 0.744916920712
0.0690001723041 0.706344582902
0.121933586794 0.746381454065
0.10628275653 0.757363549559
0.101619830395 0.766470792525
0.181361239194 0.724399889556
0.0944258993117 0.754505837692
0.118109116704 0.74452873988
0.0544148819531 0.756453157837
0.162506454645 0.691332935451
0.108513961483 0.710197500876
0.122905013169 0.710383781732
0.0681024292952 0.777735103203
0.0748065026751 0.734486820841
0.127433327741 0.676844503228
0.114084667735 0.762820240121
0.11640647176 0.775531018499
0.101827806352 0.774029245127
0.0902484064792 0.790300922816
0.123207928482 0.720491458559
0.103434738505 0.784248637219
0.0627843344818 0.703128623142
0.0742435016736 0.796875010966
0.102583305721 0.758569139752
0.140468349072 0.744926396766
0.140280695136 0.739022839339
0.0792115665532 0.781433636956
0.125970653458 0.793511442635
0.098253986183 0.699008471911
0.0346304713232 0.827218328002
0.136912171351 0.750766893248
0.0947191874938 0.763913653332
0.0921652070542 0.753868663694
0.122403869025 0.767850669272
0.0612664822474 0.753396398856
0.0635808403858 0.805704893237
0.131926270973 0.726555729213
0.151797792252 0.811096989691
0.0762433652001 0.786273331589
0.0857030425157 0.748864502802
0.102706395572 0.713985722214
0.1199430471 0.704278425888
0.0783114246721 0.7696779096
0.115040053476 0.745273691304
0.0666235592697 0.710746481661
0.109602325189 0.709909991382
0.0474243007778 0.726382707191
0.131056006365 0.75321558488
0.0809889489159 0.765953666951
0.145221091937 0.736903716452
0.114033156616 0.756061320286
0.0981661309402 0.715943778538
0.0503955379047 0.753667294474
0.146995263388 0.708941119252
0.0950050343394 0.854816590898
0.0534147834171 0.757155959034
0.0679103208139 0.802917042138
0.0853592264243 0.71207679361
0.104653052904 0.718564878487
0.0758437733997 0.726744544299
0.10711486718 0.732289744381
0.0900735041844 0.772589053141
0.097034837864 0.730719819026
0.0835942673892 0.758099402017
0.115228457681 0.774482661116
0.107377716237 0.771742476833
0.115068277249 0.793166203175
0.0824397806622 0.767742907427
0.138037939395 0.773064270116
0.101424026493 0.755155787136
0.0825237678841 0.726161066174
0.0730329261817 0.727457933088
0.0840602170886 0.758653702728
0.133649477825 0.781249813914
0.0746100276666 0.781897552698
0.0949779769029 0.76281519046
0.098803194266 0.691453337519
0.118789129651 0.734418887061
0.103824229176 0.703308346484
0.111601309378 0.766448469627
0.055858081336 0.749231355155
0.0665986279689 0.742924526097
0.0490801992094 0.814282794893
0.0980824556611 0.751491093897
0.141923176167 0.777405812155
0.130717923888 0.720351387559
0.187075986031 0.771272067426
0.0953323041163 0.743830185204
0.0833330729438 0.751492981108
0.0973118125843 0.8111224341
0.0617868085191 0.778637919455
0.127250530105 0.76411733549
0.0700251735817 0.814957424993
0.112715302903 0.789973757857
0.0952362881204 0.717805837341
0.106129012758 0.731814719784
0.0783597100844 0.76454314603
0.0911922861886 0.779829873724
0.0713167725231 0.769524248163
0.0834883664183 0.768818943418
0.113950599317 0.786577639175
0.0794711562195 0.77097473639
0.00568789338543 0.750042171878
0.0498855284287 0.775098628132
0.202853291574 0.712890460454
0.0490818353424 0.754512728847
0.0588500277955 0.780227876764
0.154484957931 0.738554241008
0.0842449428849 0.704143201317
0.111005790238 0.816213677212
0.112872831709 0.756786548149
0.0894244251879 0.753114348802
0.0482053808803 0.789338607887
0.095301107426 0.726625575446
0.148242871547 0.737197259952
0.122046096336 0.716623633217
0.0999054799974 0.76034956206
0.125335167769 0.802686286584
0.104254584732 0.730012176476
0.0980578144362 0.703049656146
0.451029843766 0.369506261914
0.335175182837 0.282397058327
0.280574097034 0.499966753524
0.341878776018 0.341980400382
0.359034056482 0.329576130087
0.46128706546 0.25097753615
0.256999432544 0.501872792461
0.36917705666 0.343514103201
0.30273510856 0.339419143301
0.187768536959 0.286649203894
0.374482452018 0.469510110624
0.23532725422 0.300634633253
0.36958447643 0.232852915781
0.319345965855 0.301871952025
0.194737723622 0.249689311297
0.3458214345 0.452128529483
0.365998943273 0.482520880382
0.282374356583 0.308255721506
0.352511767177 0.306463863997
0.229625682671 0.296867518788
0.295516369106 0.369468367002
0.371396614829 0.381896396608
0.466230861209 0.343334900263
0.338376852491 0.241947781256
0.448007855134 0.277227669551
0.332975872715 0.477940240367
0.229434565153 0.313799747559
0.242796558393 0.145059635771
0.254937653947 0.14800977962
0.307494695985 0.481592191809
0.275152730282 0.377111357871
0.262607801482 0.456847895974
0.127404360185 0.392361823537
0.388874779782 0.377689592643
0.46539920536 0.30947577754
0.413312782069 0.209592431919
0.346172725989 0.320795210591
0.314841227368 0.414328587452
0.302156319712 0.441926800553
0.234696528855 0.196430732189
0.306309662991 0.363994832529
0.210674898517 0.398632228012
0.296759563553 0.3690539448
0.404296970233 0.372870884704
0.281357090086 0.366521674153
0.296141833045 0.285961144024
0.245231084395 0.324910249401
0.39606811032 0.27118012719
0.38783900866 0.434462179689
0.268437035524 0.301483379754
0.382063975949 0.342837635071
0.197926554839 0.283163641025
0.408577878901 0.458806406888
0.257667926808 0.264574384876
0.238417574512 0.364458151061
0.221092837358 0.199640646505
0.309960163395 0.294071344557
0.440570321016 0.355967597467
0.33961797282 0.373108054052
0.236002997421 0.222642352046
0.227741232576 0.441000571205
0.291583771435 0.290108352512
0.275260165036 0.312182842621
0.182243402823 0.373358587795
0.281276292175 0.299230666012
0.16928985339 0.218359007307
0.146419179153 0.3850954789
0.212884603045 0.482680617403
0.428646675521 0.290187167672
0.235656676095 0.314885538082
0.213690524601 0.398746340134
0.442378195766 0.310543885132
0.356136340495 0.340374552651
0.456663834203 0.346188654665
0.308832452666 0.295262886364
0.346089929846 0.305568239726
0.366145550176 0.259935912197
0.286343718819 0.50918302219
0.418727582655 0.2633946179
0.379159604553 0.314740030032
0.430891138446 0.340957024745
0.172858981957 0.357035226924
0.486931512995 0.268667879804
0.372999746734 0.357962001411
0.333766230953 0.431750053107
0.201054405285 0.295914615554
0.223226220546 0.343700900759
0.205007542575 0.303585775082
0.289807037465 0.426936432035
0.161185512567 0.286955442567
0.371183145083 0.394811439933
0.341338544184 0.220991982251
0.363797574283 0.472757693681
0.42505153234 0.443628416153
0.344250353624 0.241033517428
0.139747025599 0.278876960124
0.339266550678 0.254751250965
0.372341073826 0.2707277827
0.251512892837 0.341943109427
0.273713377699 0.259225405845
0.240672106534 0.35540902646
0.118132998452 0.266251881313
0.0999514857422 0.327628094389
0.438120251213 0.362669132274
0.19342018525 0.368640480713
0.219178107577 0.32981274777
0.34891143975 0.480597756986
0.379531199794 0.37737230078
0.319337435685 0.28822706098
0.241689680543 0.386898954053
0.307462077369 0.254165771738
0.348677146265 0.231543665639
0.332086760714 0.374552478952
0.309436311332 0.179106280053
0.348350705063 0.49413804557
0.337049599302 0.223981399349
0.328744390991 0.255428172737
0.148956447769 0.427287592688
0.38625198684 0.451041080868
0.214450514678 0.41817827156
0.289272271725 0.404163806394
0.340800930119 0.290283301465
0.327290031868 0.402076280763
0.207616844487 0.244090374512
0.369442215677 0.24129869349
0.382116513994 0.396417941369
0.175715160818 0.341859107877
0.311036046216 0.336074853575
0.325238720712 0.403713769209
0.204432381161 0.429636120054
0.30497602087 0.221480656724
0.426589805983 0.304378126446
0.318637185041 0.336063838148
0.244654552655 0.101645825402
0.294210405185 0.25488561529
0.317042195193 0.300327465503
0.294696818915 0.346438814818
0.282525126719 0.362416919249
0.322526422692 0.281967632394
0.229113453767 0.271248494315
0.193430512777 0.276739114936
0.299992613143 0.416068904746
0.303291614711 0.356037855219
0.389632130873 0.419651236088
0.358186928084 0.17069408053
0.207237565453 0.382180689891
0.361557455001 0.241284898118
0.285050464675 0.296567108078
0.390230228667 0.337140370719
0.373972064518 0.360241568984
0.429853579374 0.247476944181
0.279815075822 0.424373579406
0.237685804006 0.392145230182
0.300775837354 0.540439808636
0.40896533467 0.465168970194
0.254557776649 0.185836910767
0.417681951561 0.389016357647
0.269297239365 0.355475890291
0.336972245848 0.277423513169
0.351429200487 0.310282551643
0.260998451997 0.236255464921
0.317368498257 0.335158220268
0.292986906496 0.378052350276
0.293234662023 0.289325177013
0.373140443755 0.268922480651
0.285899124904 0.305057680618
0.257085363892 0.339016146368
0.235140980347 0.481130933678
0.43972169198 0.29159502278
0.422841682361 0.339142495848
0.315402326091 0.421658132466
0.421839945068 0.296430726406
0.360910670594 0.468140908831
0.395336237681 0.336847399966
0.300553314182 0.28601522177
0.338574232879 0.407347969443
0.321641123615 0.310317441355
0.256117575826 0.469430492003
0.0839034923985 0.342156274956
0.35161588052 0.398089755324
0.391892035959 0.341308064579
0.23154205584 0.300055643192
0.393698381716 0.285112726852
0.36943040414 0.277419173106
0.333239808465 0.308642816033
0.233377871546 0.372361765602
0.223245472905 0.192507163674
0.422852092447 0.281216828489
0.362444609982 0.293829307806
0.427511568324 0.305660222009
0.129067394094 0.446569091038
0.302981531307 0.360281794774
0.238357391365 0.418000138262
0.389666582934 0.313571654941
0.306874522923 0.378327772349
0.281544337432 0.268411484094
0.203453802048 0.306355295182
0.188751996981 0.40633528119
0.284831201282 0.469930742436
0.274762343626 0.392185951422
0.255626427319 0.4067212816
0.288341129069 0.263411444573
0.260820445403 0.443487683135
0.249458846387 0.287740881344
0.310824307519 0.375118404344
0.29354243061 0.41379753137
0.29262090168 0.266650409205
0.215496145863 0.362568305398
0.277323126257 0.311724314008
0.34019389442 0.323090491014
0.320318650545 0.27611087271
0.36467285244 0.131305052464
0.395128556717 0.293667485769
0.261502792196 0.252344030406
0.287267760822 0.212369949713
0.309847877936 0.291141675418
0.232124063305 0.354174571267
0.198375178082 0.276696972597
0.209326806127 0.279476021848
0.302419264754 0.369856099696
0.370777950509 0.338663884105
0.356684691614 0.192646028527
0.357308278676 0.475398967617
0.24685555192 0.309876211643
0.278810934531 0.339535592683
0.346200694413 0.232924918984
0.195240044446 0.334751879315
0.337168594116 0.361601164808
0.303174202799 0.303257587983
0.407737885663 0.2728078653
0.336560825614 0.342394070387
0.348540056682 0.338077241123
0.112843662487 0.19103484147
0.324258494746 0.272555538912
0.240518494661 0.166467838471
0.288781506511 0.353601466461
0.286384982371 0.566674215535
0.288297860619 0.361220031907
0.42099459173 0.313839858087
0.206435033189 0.319058573523
0.281667225233 0.250733868512
0.214310827729 0.305821359085
0.32696463635 0.392504220507
0.295790957524 0.184546424185
0.152163445604 0.207982613761
0.422709796529 0.302239946949
0.20442246991 0.37699604693
0.257179211262 0.349033374829
0.359083946121 0.27627453359
0.341697065984 0.330734958511
0.19968924544 0.357923433608
0.169243576157 0.338954535788
0.273069347831 0.389334919478
0.271141198197 0.289656773973
0.303558735103 0.247881596278
0.355983965459 0.335985006843
0.330477694472 0.333715841545
0.296211349016 0.411149247321
0.240588228798 0.33848983465
0.179020267366 0.26529863821
0.272164974835 0.341146966166
0.306887332905 0.310314594636
0.308873444717 0.455357442241
0.30666726691 0.199215819504
0.221969152027 0.375517199591
0.224769094358 0.439219112251
0.386999106221 0.348984217171
0.285250790563 0.40207855698
0.419192839426 0.460576008205
0.390851371807 0.314373624817
0.234912718947 0.289258984606
0.366807425888 0.33273399948
0.473212345278 0.272375728831
0.34884112904 0.285501044311
0.317059818289 0.447376035783
0.0789136949714 0.466070860222
0.368128816448 0.341008732716
0.104516245438 0.0570102032697
0.0850723847422 0.0874508696877
0.0203748681356 -0.0713502381783
0.031323083959 0.0518149864823
-0.0587873087274 0.0632160283393
-0.128578545281 0.0303406459564
0.173280032487 0.133054873281
0.00544558666574 -0.0236390569266
-0.0489556154815 -0.0516637432567
0.0215510048703 0.116583083702
0.00763775628461 -0.0518124314117
0.0404142825279 0.127237716167
0.0949890873018 0.108191488208
0.0350369769821 0.0450041454054
0.112777326021 0.029187759923
0.0780148601432 0.0980940243444
0.0195101349746 0.00186215519563
0.00806312722165 0.0986993357779
0.166614125754 0.181367324472
-0.0447365587844 0.0312129903503
-0.0930473879818 -0.0619866045076
-0.0465056659467 -0.0147752021674
0.00872843747844 0.0486491653751
-0.0251686368103 -0.0189149468612
0.0547374116215 -0.0077833571741
0.00894955626061 -0.0608916128472
0.0662074671355 0.157620833667
-0.0657022596871 0.0163385988878
0.056504810466 -0.0182580027128
-0.0958407537061 -0.168865680989
-0.0200953651315 0.00216444585927
0.0842994091466 0.110122682878
-0.0989809930795 -0.0412537603698
0.0299582544654 0.0695911136599
-0.0552515054922 -0.00104058728835
-0.0892072895566 -0.0409085882621
-0.0329959669519 0.0976193775721
-0.0748704641883 0.0485408153501
0.0219864618384 0.117679967227
-0.0950584734275 0.142316059359
-0.0192364943491 -0.0613507542993
0.0662131474095 -0.0193031166199
-0.0983450188508 -0.00979540985821
-0.0296681782557 -0.0148327508686
0.0751601088575 0.131252697679
-0.133078191838 0.116962981287
0.0797289943072 -0.0982261472397
-0.0352752983852 -0.0945758628317
-0.0769522299943 -0.00547970299353
0.033034477124 0.00714433051484
-0.0203381890326 -0.0393760181451
0.00870226321171 -0.0867084769977
0.203510302513 0.113954217245
0.033118043011 -0.0459270661374
0.160677111988 -0.0162297828012
-0.130656380519 0.138220637266
-0.056715242263 -0.0183984408682
0.069775354366 0.0675493527795
0.121390617961 0.103879619464
-0.128046145023 0.100593559089
-0.010865504634 0.00947995605554
-0.154524208117 0.0628801824643
-0.0477382389367 0.146511493165
-0.0861891868636 -0.0832718681654
0.127794098943 0.00538894226922
0.0203026453916 -0.00169369380002
0.10760232183 0.0704480273376
-0.045382477822 0.0729285350446
0.117768738898 -0.134027886889
-0.203467532185 -0.0531102979853
-0.0148956134408 -0.0181524673334
-0.136039176959 0.0563817157734
0.0154633794293 -0.0360198797073
-0.0354939323835 0.156217620422
-0.032223949014 -0.157275531608
0.00752054655723 -0.0364252951902
-0.109517534482 0.0419111072491
0.000357144889127 -0.129883790959
0.0259566685841 0.124553498114
0.0282566281142 0.081905918569
0.0768542794448 0.217759921785
0.0497934910166 0.0519092547312
0.0220978374668 0.12771127451
-0.151373749438 -0.0887585568399
-0.0863793453668 -0.0782304615942
0.127283370986 0.129927671139
-0.00402018322901 0.0930499044267
0.0915160425915 -0.0476379248255
-0.0613209231379 -0.0600113941731
0.0647249798529 -0.0122588444821
-0.0804849994375 -0.0652564272079
-0.115721559663 0.150324329146
0.160555182212 -0.0555748014793
0.0775596479067 0.115260560685
0.00352638115552 0.0856118766113
-0.122044447582 0.0120015802564
-0.0568280450291 -0.0897972557171
0.0782670313505 0.0272983495808
-0.00350382005794 0.072878546266
0.0431370013158 -0.0614102289619
0.131096906578 0.207611742903
-0.00858973488228 -0.0038434427618
-0.0193391438057 -0.0139487578534
-0.0936009799493 0.0126267884993
-0.118788730502 -0.132161496791
-0.0155785790335 -0.0318183795224
-0.0265251409113 0.170173561601
0.0564114862145 -0.0316346247303
0.0368584174335 0.0408897706944
0.188936697967 0.104350927869
0.104618437934 -0.0421643866771
0.00716584770494 -0.146582504966
-0.04051974337 0.141648490145
-0.106794664182 -0.108906256436
0.0688261921319 0.207326984298
-0.0775641099166 0.137667886712
0.0764128752684 0.103470090363
0.174425523309 0.0201556356803
0.0138268740521 -0.0496144008633
-0.0834289744464 0.0598280971953
0.0417466022369 0.0214308353005
-0.182834789104 0.0414416105939
0.0405395508759 0.104707790817
-0.00579284201225 0.137891986296
-0.145533495066 -0.0849429358589
-0.0335404936311 -0.146908601527
0.110902975068 0.0670637783665
0.0322877513183 -0.071256301253
0.113312816252 0.0530627839961
0.0867101601317 0.155374116938
-0.151428099484 -0.0613514492924
0.000584175784954 -0.0229973264794
0.0314489402872 0.00675976068727
-0.00506848916799 0.107920124921
-0.0745115378774 -0.0960333797826
-0.0499369804847 0.199444990728
0.0663240786735 0.132368268826
0.00854111934967 -0.100786290023
0.0479852349884 -0.0400125988601
-0.0257180209786 0.063367671008
-0.0283810735079 0.0699125385895
0.0287925096524 -0.0113731655106
0.057837210322 0.0891639476182
0.147514437541 0.0170794661408
-0.0940647632679 0.0514436029596
0.0745415413611 0.119725302086
0.0114873591118 -0.00101187005211
0.0583194520823 -0.0280721435086
-0.0227501873156 -0.166379917573
0.155514948285 -0.0992063926756
-0.135790829984 0.0644128349954
0.141413119167 0.102803964946
-0.0408422591664 0.0778006422137
0.0331055338873 -0.0656828784389
-0.0136100668045 0.30624976304
0.092164605766 -0.0577652800506
0.016567142129 -0.107266954777
-0.0884036085834 0.220304467785
0.126858898073 0.00394515014876
-0.0574594290029 5.49809314748e-05
0.0301759858681 0.0696887687107
-0.189774652164 -0.0819047445184
0.00710183787001 -0.175102480812
0.160357064303 0.0524226583424
-0.0976731829736 -0.123057292575
0.14386628173 -0.0423213877755
0.0189766230014 0.111101945115
0.119296158345 0.091099662694
0.825980754818 0.0548297531105
0.820224625169 0.0785323121809
0.903033859771 0.0473766931998
0.899778383091 -0.0247285514655
0.968268399969 0.0314698343772
0.811574407319 0.0773718103265
0.889509197032 0.0601199387994
0.806350172219 -0.0114269513049
0.878466921066 0.0872103850718
0.891153391112 0.0360130861977
0.878227534464 0.084038380401
0.814962626147 0.0915038122957
0.901682712951 0.106076739592
0.82629303584 0.044628880856
0.833137959086 0.0615825751828
0.851423286174 0.0271843996294
0.853100382875 0.057329358951
0.892232211415 0.113412170949
0.87714796843 0.0813498683409
0.819583145814 0.00685435888576
0.876836571374 0.116674357107
0.826815847699 0.0621377157368
0.869240221929 0.0132827142739
0.887188408518 0.0420357545564
0.819506672516 0.0746363955959
0.89656337891 0.0280087032155
0.8402290619 0.0105460615963
0.856061970494 0.127545470054
0.808427750784 0.0350522687114
0.879719882217 0.0415822071891
0.82994454448 0.104062957776
0.819726872591 0.0723031451663
0.874882955523 0.0767638446823
0.865977133579 0.100135031282
0.924412467271 0.108468396532
0.864591059774 0.0387239637543
0.873730453806 0.0968061081791
0.843583708226 0.0505331013025
0.936405186942 0.0808235047752
0.777470650648 0.0157919779014
0.87538819586 0.0866629719761
0.774764065302 0.104253404145
0.861792972292 0.0826345495928
0.879966763534 0.0420711822982
0.862268986594 0.0855224322519
0.843384824767 0.0781393866961
0.861878182982 0.0759206054193
0.806809718237 0.110160366992
0.808720734824 0.0662909894316
0.848006924298 0.0498176268702
0.866812031818 0.0251581509084
0.859068552132 0.0207842521281
0.862655638639 0.054840004328
0.859387822291 0.0868636698983
0.79912119959 0.0130452989684
0.910185884108 0.0800519900269
0.872141065188 0.107102688461
0.866453206975 0.0941091558205
0.920292424412 -0.00552448465332
0.877039692828 0.121736931611
0.839744274415 -0.0204528193154
0.857257237497 0.0718458455414
0.835156800975 -0.0135060571456
0.841653616449 0.0179049762508
0.898680607773 0.0702074260773
0.903798903241 -0.000439671854545
0.879345909949 0.153817723578
0.793557267752 0.072514030917
0.867100901134 0.027285449196
0.847382242667 0.0603725403623
0.860271251995 0.0215518588824
0.890379946741 0.0581820152575
0.77684831446 0.128448839077
0.795833406674 0.0402450047028
0.842218240348 0.0335069736931
0.809217926779 0.0854917838232
0.876854902164 0.0814660883462
0.857929202216 0.0317716778843
0.961123919985 0.0678347297753
0.789925548985 0.0334445888219
0.899676333397 0.113135274361
0.843360940998 0.0818527094191
0.849972129959 0.0662476883903
0.856996680255 0.0294771956358
0.85371526264 0.0685755452536
0.87333010897 0.0962939019856
0.872454174767 0.0307215824247
0.887431237692 0.0891340977744
0.808104698373 0.0550800442002
0.912623600648 0.0672481126957
0.884812976633 0.0278545565405
0.863351518603 -0.0164135748575
0.875735770868 0.100855565733
0.855210831423 -0.00594920947066
0.85042311075 0.0332747405217
0.839461905766 0.0587943924306
0.888933149258 0.0690092319939
0.887766166889 0.122701377392
0.777406286714 0.0414913733964
0.825052857755 0.145742498488
0.766592132179 0.0710065191528
0.88343187446 0.0791444029115
0.889297599816 -0.0102429928085
0.788889807364 0.0412281774442
0.786496085016 0.0483238116599
0.849065985381 0.0536172518511
0.891672355113 0.0690366630962
0.879069113073 0.0683868928087
0.946487600349 0.0437716021301
0.916437170894 0.0526205746908
0.848520536272 0.0288005969291
0.802668373163 -0.0413130095126
0.879569527902 0.0296578110853
0.809606467298 0.00440987564527
0.879166728708 0.0297814237153
0.79454816538 0.0406296783258
0.786775479435 0.0484949767987
0.89765139147 0.00718456092835
0.8310268465 0.0660848306567
0.809728249597 0.05652689787
0.851600717055 -0.0168862449193
0.853298286254 0.0780656648377
0.876755123167 0.0371197447056
0.861117749939 0.133948825674
0.954738067883 0.0202968180779
0.851501949193 0.0667387605071
0.953626344487 0.0762959819514
0.925526851294 0.0489269655037
0.787571251654 0.0110487301279
0.890243994833 0.072274649236
0.844364774344 0.0891532295482
0.903307295462 0.0329203349815
0.932723047591 0.0335011076839
0.838657742319 0.0179395923788
0.880064715151 0.0174227143787
0.898052878961 -0.00109940782464
0.931400461323 0.0356959608857
0.919632343208 0.0827002846494
0.889982132677 0.087297381451
0.864332009841 0.0454122356649
0.820131674675 -0.050161515567
0.901114498287 0.077897041503
0.879950359005 0.0268759909951
0.934228424752 0.10161696054
0.840995630638 0.0191753800432
0.879638154239 0.0843260590542
0.785732089415 0.0626390952898
0.849595094878 -0.0135948837372
0.878808117919 0.0580214438616
0.890808622759 0.0480881833066
0.824501484543 0.0106702281865
0.836105856621 0.0417092524967
0.862066497013 0.035708932677
0.931117423664 0.0767457151924
0.832488805189 0.0848131914882
0.85382095033 0.105119761748
0.830029627704 0.0667754436718
0.803766246434 0.0880402771887
0.876973589078 0.100444109987
0.850905737652 0.0832488256433
0.869995843604 -0.0059310945493
0.798914572635 0.0397706531197
0.854514235857 0.0624478477854
0.813442248015 0.000521034714694
0.895095986814 0.0500943995083
0.859267747767 0.024441817595
0.837493496956 0.0437577201781
0.868285907437 -0.0168395481037
0.832181913491 0.03227267541
0.874065617601 0.13359199229
0.825145736025 0.0209802788367
0.831435025545 0.0365094256353
0.821987294272 -0.0319934567537
0.865294280817 0.0799190057312
0.859587637653 0.0968319416798
0.882968900904 0.0470946391786
0.860755510997 -0.00788231216748
0.831771428966 0.0493175752967
0.800932150332 0.0157369708645
0.803693045227 0.0789304991851
0.832409959128 0.0896938631359
0.791292618315 0.0395697364252
0.919262389702 0.0764339495509
0.836340099286 0.0406283562317
0.747981579756 0.106827278555
0.80662950827 0.0141384053523
0.851407992816 0.0132356048824
0.869029055075 0.108130929241
0.842618801031 0.0767609798319
0.870438624673 0.0233445601995
0.773646255208 0.125908128606
0.839187517652 0.0198365921637
0.759664417438 -0.0306217981075
0.885726967699 -0.00765197556525
0.840361952569 0.0764075208681
0.92145294022 0.0725118319078
0.886604073964 0.00677661402668
0.824555830062 0.0453128473704
0.884412556259 0.0161390738498
0.878199496669 0.0279646272965
0.849436624848 0.0538885606616
0.840075000484 0.121075421256
0.848884333718 0.019654141738
0.835101273321 -0.0167374917966
0.900711376133 0.0382403249127
0.791879428566 0.013968166426
0.908681138536 0.0130108698373
0.852743365123 0.0226873843676
0.277285310497 0.287926664487
0.280168729285 0.297299170867
0.286656446035 0.29923322031
0.281935896185 0.303773805686
0.276806793481 0.303132146046
0.266773962357 0.298249325147
0.252062768569 0.309778144206
0.295091405638 0.284893599178
0.268952894104 0.301875947278
0.282019078507 0.309437439462
0.260086418302 0.299125025743
0.272550684381 0.310722021813
0.295607993897 0.319415712454
0.252634967433 0.314131398652
0.266439162515 0.285293455066
0.301788974206 0.30527190166
0.292837477961 0.297045007324
0.285581180587 0.299959588525
0.296577959228 0.310904649869
0.264398290302 0.301081425312
0.262438547 0.294936798343
0.281507072407 0.291426755163
0.260317939443 0.307130801596
0.278407012856 0.312848375081
0.271127059574 0.306972056073
0.276261359259 0.299585358815
0.265112940171 0.271616100021
0.284854093918 0.294272044643
0.278620762445 0.29748905228
0.263659944423 0.315123545661
0.264460874382 0.28887178642
0.276932103846 0.298429277535
0.243396623887 0.308038526437
0.282169880962 0.308048468459
0.269187171273 0.286350538836
0.262698356903 0.301442785489
0.300394776618 0.312965216955
0.282475690442 0.312618085687
0.274710939183 0.272584369866
0.267951228321 0.290898145732
0.260684532325 0.31819373201
0.286764096615 0.311791364708
0.268349779636 0.293746297017
0.278741834605 0.301005488643
0.284926534452 0.315565316145
0.290359398139 0.301263234868
0.265502490507 0.311571484264
0.285004763183 0.282649000978
0.276531011649 0.292063771285
0.26241137875 0.306266678519
0.286385025927 0.304629289763
0.275354464506 0.289475177225
0.282345511722 0.294122873499
0.266318823106 0.322616624832
0.269739694696 0.303503228057
0.286655680379 0.289281391852
0.274814438641 0.311641927423
0.259709936251 0.310279731973
0.284613397617 0.312522565382
0.28870795057 0.302266169156
0.269888229783 0.313258426896
0.271184394887 0.306603854888
0.285014648462 0.304633050842
0.269180590556 0.320497713682
0.283200659177 0.310612886964
0.263363668819 0.281264729966
0.288162436719 0.287532845076
0.284994558144 0.304236312967
0.274629840395 0.315886618639
0.303894960562 0.272355006905
0.272900681323 0.31878972647
0.284089727304 0.280354655867
0.27942486804 0.2767627472
0.281164028541 0.297486123731
0.292172345706 0.297151466792
0.27268604414 0.301567973684
0.292780834374 0.290008594887
0.294051854312 0.290935021289
0.287414947852 0.303294529034
0.280306888527 0.322103446676
0.259066162647 0.291230341016
0.277480849329 0.314865804949
0.269383875951 0.329219460129
0.272915744085 0.31134842405
0.2716361726 0.290310069792
0.303450552152 0.303053183359
0.279274259489 0.303463993432
0.267844968249 0.296304108426
0.288259949772 0.291298670298
0.275628604721 0.315170712875
0.275893494663 0.267093660783
0.270112090622 0.301018458406
0.268421415544 0.302164655323
0.271037288222 0.303503798208
0.253797179222 0.29329949295
0.266034926796 0.319186717239
0.294203698289 0.293240613874
0.271882167158 0.29949314025
0.278488969631 0.3021055082
0.275081862911 0.30564617691
0.284598067582 0.287676456958
0.296017780812 0.287665028284
0.268178250473 0.306097153478
0.260646937274 0.299331685269
0.294907400241 0.302435100653
0.294888921894 0.281776638706
0.286057885863 0.281276203605
0.264054044012 0.301333247304
0.260501834673 0.306569265034
0.260626935954 0.279941546055
0.273059273738 0.291143020696
0.272427501346 0.313650980843
0.280891344232 0.308469288954
0.280561454153 0.309628981579
0.277032097108 0.316283623757
0.275341280642 0.307637938627
0.284258956162 0.2870976375
0.262602048583 0.302489136638
0.292374453217 0.298187008633
0.281611767524 0.304981124361
0.279151559509 0.280783568316
0.270349441271 0.302506814137
0.265010706746 0.317797722189
0.273176525817 0.306008625045
0.288894419811 0.2800606548
0.266184862088 0.30110213873
0.261956997193 0.318734979743
0.283966427189 0.316576857866
0.275448567691 0.298741907954
0.270486745435 0.306043631674
0.271524374264 0.293508696636
0.272109215223 0.313533793524
0.293768416932 0.315260337077
0.291338296658 0.297538431276
0.28628487332 0.292286179759
0.274817912553 0.301692052907
0.283553373459 0.283780442102
0.267320950522 0.291008669301
0.289023485787 0.309355486428
0.281583774855 0.297774279133
0.286062177608 0.323974152432
0.278840983074 0.308092105128
0.291207089619 0.285616974026
0.290443449305 0.329168343617
0.289283244473 0.308419486602
0.294007735942 0.297028348688
0.294423888289 0.313771462744
0.265013495118 0.292494830189
0.250299629987 0.279831744988
0.264618099075 0.290481650339
0.27552580589 0.329524867651
0.277313466922 0.293178587837
0.259837823111 0.263752100403
0.274601713473 0.295226723853
0.274482740477 0.295814320096
0.275599023801 0.296772395997
0.285043168251 0.306626030504
0.273241883183 0.311000623957
0.283289774632 0.303381635719
0.272905507491 0.301119253004
0.278329404502 0.307981976637
0.258835164454 0.326287213179
0.26825527668 0.30943195378
0.278964214215 0.285975332418
0.275914610647 0.286518503624
0.284477966145 0.296543222334
0.274739495397 0.288671319136
0.252882680452 0.298128682002
0.286277702269 0.289685959258
0.265924277731 0.323594028926
0.295173589281 0.297672743132
0.276671128552 0.315175613339
0.256056394578 0.311289744594
0.263915927262 0.282089499336
0.305766363857 0.283602835321
0.2889362462 0.283336127305
0.293384392786 0.30945184968
0.273698007837 0.278444129355
0.293739451688 0.293815611145
0.274131892701 0.31397079076
0.290537847076 0.297104880106
0.267455370074 0.30831525513
0.274933323897 0.291922678171
0.288816968931 0.292591534187
0.268233167839 0.288327785294
0.268028459422 0.318910953066
0.274226822716 0.278681376502
0.286324913538 0.306446431564
0.300964967942 0.305802936992
0.280727407494 0.279362769746
0.296369658203 0.297270581357
0.284301611962 0.299695677018
0.286949903135 0.280607891623
0.313951732823 0.283684083425
0.284670222734 0.286283779678
0.27271365524 0.293826430372
0.295424202241 0.287551460448
0.285732443524 0.2863688243
0.256317665878 0.273500132044
0.274499348343 0.328921606945
0.280597266032 0.278802182364
0.248132942388 0.314378611107
0.243923929149 0.277378617595
0.278277661331 0.291654929667
0.274260644761 0.320097944071
0.287324519805 0.311649772569
0.26630319911 0.29184260071
0.290999413658 0.300945437882
0.270535585464 0.293578800015
0.297363985134 0.281016747444
0.287095098644 0.306350756798
0.255138198514 0.290566282639
0.284626200046 0.286766407584
0.252361352842 0.303605051225
0.273614564325 0.312340880599
0.274986625274 0.29001933683
0.265673711861 0.300411855496
0.290128171441 0.319702857807
0.269402133891 0.313082340192
0.282246929407 0.308912814723
0.272681859864 0.331712696831
0.271484619809 0.288371894693
0.280761225143 0.30747415971
0.272259913578 0.291129023678
0.286449913324 0.301519583417
0.262118723967 0.283895940773
0.275668222374 0.290876877109
0.267739450713 0.274122298915
0.26513536973 0.310065308436
0.272054463266 0.311680637219
0.271363915134 0.28128964992
0.277300599162 0.29680515915
0.307196657853 0.284915493782
0.285483564008 0.295212553891
0.29460752433 0.328326342157
0.263650245018 0.295430996924
0.281580318306 0.276633447527
0.267617101736 0.31274263032
0.27163058736 0.28470436163
0.300169740032 0.288010098462
0.285818171064 0.311964777154
0.26549969541 0.323666601665
0.264820563277 0.299764483117
0.285873428694 0.306237472572
0.280999269563 0.309406127869
0.283519372979 0.306685983054
0.290016781165 0.31405209955
0.289514788082 0.317523495015
0.260040521822 0.293490033014
0.280325071057 0.296371771104
0.287988086386 0.290153749486
0.286652174869 0.314647391614
0.286907825867 0.305041159281
0.274913295797 0.297571558935
0.321730888415 0.297199868548
0.256445034319 0.307921538572
0.267512123035 0.31120719638
0.28459475503 0.310707716663
0.293417510466 0.271693573132
0.298566163722 0.280095436666
0.298553178325 0.296533364017
0.267283190709 0.269670704011
0.275083405116 0.293543478416
0.272803565315 0.285400907019
0.28270497301 0.294796582973
0.266611387032 0.275265626396
0.258069129502 0.309377765888
0.269844930551 0.283618555148
0.274346452201 0.324984607008
0.504071543079 0.85837618377
0.529523510108 0.916424894684
0.473514481616 0.84537536254
0.50421673784 0.807423545678
0.543217502728 0.958011256541
0.532723003548 0.889307740612
0.405472370336 0.941009653638
0.471509043052 0.904220044933
0.428244343074 0.945003480709
0.506761145636 0.946305204733
0.438071055815 0.816367948948
0.591707585086 1.05305229269
0.490569736275 0.852598280334
0.580769360637 0.876514309176
0.597374598575 0.930961581612
0.358636005049 0.95002683519
0.465350999199 0.925747462531
0.551469030051 0.945170465755
0.476844993885 0.901655123391
0.398808619529 0.947799627375
0.476924962042 0.977149705379
0.534811079896 0.909773452703
0.403046503365 0.857386006427
0.495756598737 0.945657941535
0.484736867678 0.846496156942
0.472164050015 1.02746196431
0.495114574604 1.05311150176
0.401745726292 0.905307344412
0.484909160715 0.881975390412
0.461998453817 0.925714891101
0.453787511884 0.825985617273
0.536894269068 0.93147658253
0.434270230073 0.978104144533
0.614938651322 0.851525887357
0.565761632548 0.828323350536
0.350432111753 0.887317880846
0.530950919304 0.982658606266
0.490260700612 0.916973047828
0.561710576634 0.966862573979
0.438671672114 0.859255811857
0.518120239403 1.02340608386
0.496790210709 0.946622488406
0.56082456197 0.93200231968
0.52281942518 0.869745834754
0.487406293316 0.889687611086
0.558084414625 0.896249349901
0.338755595783 0.921670636852
0.507737129837 0.813056488105
0.413549596941 0.947929375698
0.517700297041 0.793398243362
0.525553505926 0.987967308545
0.503558745975 0.785046081919
0.474876667394 0.890382468163
0.601892993428 0.886783558275
0.614195543791 0.850162764668
0.428035151165 0.958673144472
0.547292537684 0.858219766049
0.44970096233 0.837084349619
0.523472362932 0.871455549495
0.411358581726 0.951409937781
0.446898416247 0.812392592039
0.335998115933 0.911582182138
0.443494041449 0.83019753807
0.507779696269 0.918489064989
0.54051212015 0.945112364688
0.341010040897 0.91308168192
0.49581801052 0.901634324706
0.553259628398 0.903429601227
0.578624564345 0.886351898936
0.465793478653 0.815315633029
0.481866568161 1.09398469457
0.508223039018 0.88841374542
0.52213857836 0.845346443179
0.417430053156 0.870873553379
0.424790009423 0.90925043188
0.432763860179 0.950332376101
0.474952513193 0.907873555943
0.60672386658 0.875914794755
0.511997355252 0.931513315773
0.566316169327 0.855185221374
0.40902630628 0.934021435245
0.507519631281 0.918001324012
0.540255373643 0.915390050285
0.458323767155 0.858470609223
0.42933732564 0.875401666421
0.50099778603 0.859027259256
0.493795915956 0.857891631307
0.498999939491 0.954152482084
0.410229028545 0.938830274393
0.436895934922 0.871263864788
0.580721657585 0.987458138312
0.46851608312 0.843586421441
0.519401654484 0.95563079412
0.498606261546 0.910418908264
0.523027669387 0.87979534664
0.434110935012 0.978048342368
0.507857584151 0.927158322035
0.50667587624 0.893363936895
0.487232886909 0.966004192273
0.467081815316 0.896341081764
0.576831641178 0.97023343165
0.382147814959 0.987382975287
0.51966238185 1.02013363398
0.45481875592 0.874323489872
0.45391401776 0.808967528975
0.479740091938 0.974573180222
0.509523541784 0.946141175218
0.590283275141 0.952722399944
0.45989955353 0.865960014724
0.598292383192 0.851243920872
0.329970145041 1.00517920798
0.524927806653 0.89271810068
0.458824384196 0.802357769797
0.432908989683 0.998699613691
0.546782655807 0.886149886239
0.405127435246 0.831473115123
0.516478190789 0.978190942737
0.525902471091 0.999740770463
0.601030699068 0.867098788584
0.568792198742 0.795844681729
0.459645635182 1.00320279531
0.46316530683 0.891718485138
0.442749308955 0.899587487245
0.389761604096 0.958910634119
0.471045442388 0.846461781505
0.520104289645 0.912820747631
0.537753421074 0.809721324389
0.53462795475 0.934031521182
0.530896034849 0.967029916211
0.478046700256 0.915152222546
0.548043651057 0.931457123569
0.531967404528 0.976062839495
0.362950089718 0.843688203311
0.5547172266 0.889136052671
0.366544273602 0.852986663239
0.614056986476 0.899440423132
0.381728327345 0.949938820993
0.486917132434 0.810270907717
0.38836440804 0.843453162787
0.539915818911 1.00995287049
0.475998547055 0.852491310597
0.405288897595 0.808466384638
0.538014164819 0.792812898824
0.469001065895 0.951067213071
0.495726268059 1.07853683944
0.497653945138 1.04226032068
0.398131319384 0.837927648485
0.48087671595 0.87361195869
0.374926793165 0.944962052159
0.613061343064 0.886132718767
0.539527929564 0.89400890618
0.437499894674 0.896938944589
0.547806171076 1.03146627039
0.516350206958 0.990341551946
0.514131705936 0.843196215513
0.435118542634 0.856818257941
0.56699154613 1.01528891513
0.471683048252 0.964532168674
0.538814921794 1.03790458498
0.512039321258 0.87294689681
0.420052734302 0.927550231065
0.583520861285 0.746823477026
0.484078281722 0.881482864599
0.446404221752 1.01893497999
0.42021753605 0.893601250532
0.492404326241 0.899937457772
0.493796087833 0.856385699398
0.457930293247 0.840706114933
0.445454526295 0.956922627242
0.373015183339 0.952500714516
0.539802707288 0.882666338595
0.524379135219 0.890599094825
0.472137358808 0.898857318383
0.555471614973 0.995246513668
0.493204946032 0.885663757171
0.560299484988 0.943021802026
0.433213047694 1.0106766449
0.513598475143 0.937659888103
0.389409178947 0.885123096353
0.470135986328 0.962926356803
0.516369135972 0.989822974856
0.47116699256 0.922706956056
0.519443694246 0.894936043372
0.42452228146 0.99409577924
0.46151851659 0.970118729295
0.374816636577 0.925193788344
0.413759641474 0.869207921538
0.534210392878 1.02981115991
0.562056235111 0.938881205837
0.405852007375 0.926416971965
0.422249788912 0.898329592786
0.578544676901 0.90907016938
0.516501632216 0.84847031822
0.487575455 0.889754556522
0.558388559158 0.944805362113
0.494592605086 0.932662918428
0.421168103523 0.925638616856
0.490349132363 0.965375740965
0.415652028243 0.866104718749
0.510436888552 0.80241882728
0.532422140218 0.969143900379
0.585331794632 0.906612739331
0.477342825928 0.921566979006
0.552926539583 0.351119232479
0.58784223867 0.385126463743
0.478321349835 0.450189956151
0.507128498927 0.416577720691
0.571478464785 0.51473246302
0.564010805252 0.444848610128
0.527623140573 0.389730428065
0.529029031659 0.419609591092
0.474963884437 0.392765539598
0.565622976349 0.428634644399
0.567071762332 0.417454552566
0.503492822853 0.430292913343
0.510911868694 0.346318686534
0.535171808341 0.417832482045
0.609149668272 0.411946694317
0.547018078664 0.413571152242
0.532767898008 0.448458815234
0.531697038658 0.382493601695
0.543432874516 0.406429673223
0.544242593447 0.418231982582
0.509906476481 0.36734336715
0.473460163477 0.35294366221
0.458266735957 0.435006756945
0.569673865339 0.454918700625
0.578482732863 0.388778238406
0.532413230635 0.39071876519
0.556334322243 0.396002906672
0.546212474951 0.427758918298
0.498333012265 0.313554668556
0.581187296838 0.443403732011
0.505811576055 0.443219229743
0.503553566352 0.393758201552
0.542340119315 0.338326889808
0.533569338315 0.415472003372
0.61912887297 0.354906557411
0.516658747631 0.438084038063
0.57237018235 0.405648151504
0.590442774572 0.413748054712
0.496607111178 0.386307647854
0.576476517443 0.468275421332
0.563734610403 0.476425573577
0.507974550601 0.429824218989
0.580377888243 0.421368678348
0.570526339703 0.510943334342
0.513921842275 0.480605901388
0.523258450434 0.487588890865
0.606667008864 0.408356457624
0.576784785999 0.373992174965
0.510953428903 0.413178802841
0.506015995815 0.407952598292
0.662197654438 0.404078974353
0.574278325581 0.37579694679
0.519370259599 0.509230264108
0.640286179921 0.420294316656
0.48823663299 0.422283001792
0.481449369844 0.452537647934
0.531682926605 0.408830847644
0.529960929255 0.452583530748
0.585810072357 0.391233563378
0.597759365998 0.429731453843
0.584625773478 0.468133179556
0.522894051219 0.376822470553
0.484986187449 0.421481033178
0.55615018379 0.427008443314
0.538221282971 0.387360422067
0.50800579725 0.428422502557
0.512402877399 0.425698505956
0.525867329653 0.418107901627
0.47456899792 0.390414736924
0.610803276803 0.41418310263
0.563028089031 0.412667250308
0.619914744607 0.372803331622
0.56706624482 0.422426683446
0.539141640163 0.479239199425
0.525020391607 0.433487992846
0.59657930267 0.43347009506
0.534205565738 0.419143621397
0.617411257923 0.462597417862
0.530474008673 0.427321519812
0.49326766373 0.416642829441
0.506473046604 0.450985210538
0.573980342833 0.454971482815
0.624294051853 0.442095014299
0.571580946754 0.437708227349
0.552425510058 0.450170710677
0.59521140847 0.433853035308
0.496903833669 0.413646665743
0.573731322141 0.419615624727
0.580862897259 0.369493115419
0.489490950048 0.415142996058
0.494747391731 0.41801820943
0.497514783358 0.398794946704
0.546630254643 0.487571340547
0.469670801223 0.416246323739
0.558811789985 0.45112233288
0.481734840743 0.357363057181
0.530549500596 0.425684092543
0.570856313227 0.518925226736
0.574715004614 0.453065197464
0.538725408464 0.458072319102
0.580327909003 0.495821942443
0.543497751191 0.325746109314
0.614373568871 0.395085671008
0.495871018104 0.407934753004
0.521388023827 0.400810316589
0.592932924765 0.439823774732
0.594699037396 0.406335346507
0.566946257327 0.426830097966
0.457234698976 0.450226321048
0.620469836346 0.292279297743
0.550602899203 0.416499840402
0.486888359874 0.387053575625
0.492924167308 0.466989570366
0.474190091135 0.54326479626
0.504565492998 0.443228607122
0.567153610253 0.42584374938
0.522046623888 0.470343310288
0.609474211483 0.433458644009
0.452770340891 0.313756865605
0.485525830819 0.432348606227
0.5149733204 0.348996913282
0.571308692258 0.390292635768
0.494565475366 0.391476932222
0.593199156338 0.38575791802
0.513748482909 0.44140902269
0.590583717056 0.434899216527
0.501392477452 0.402187752889
0.5809036365 0.385605162406
0.607788789672 0.406303139402
0.587781420414 0.448336581794
0.566176473317 0.499597026319
0.692467208201 0.451889541669
0.709987160596 0.40542565457
0.746527791873 0.3723847041
0.625454170527 0.540129964858
0.682941365441 0.295200432471
0.682679766483 0.346182281386
0.65477427071 0.437138874408
0.638167104895 0.423558396198
0.851294086869 0.37172942285
0.598689104102 0.381001131905
0.675496092676 0.505914326323
0.714944749945 0.198796185947
0.718689758913 0.31851652594
0.583067881408 0.533483828223
0.605399964904 0.241066486376
0.611373135641 0.326057110202
0.708238770905 0.369465363214
0.575217452204 0.244249747314
0.946869244336 0.426917120497
0.636055134332 0.117897312698
0.676057885279 0.31598074019
0.647378937565 0.483554800427
0.672056237894 0.222738432484
0.719878407788 0.393914074376
0.764507620211 0.407497494342
0.67041309685 0.309154026059
0.695828954031 0.482451590858
0.614098339376 0.495128656435
0.651157102589 0.416099086298
0.665178971509 0.285077796481
0.570880203173 0.414772996492
0.775813121266 0.48778076262
0.687372946561 0.351470375256
0.46840202613 0.320751022788
0.539394389803 0.405304847902
0.550429980938 0.217021762059
0.811919534352 0.321537483474
0.782516588905 0.380343042846
0.677805758944 0.286838988251
0.627097087495 0.287184479081
0.638327240078 0.201983279586
0.591878205308 0.290867527055
0.901465088142 0.334348308427
0.47778719888 0.360131523778
0.694270479926 0.354433780866
0.660370897184 0.466201930659
0.704903165284 0.410430072551
0.750177582227 0.0863131537039
0.73060111134 0.303365793361
0.568218131248 0.263012752902
0.595310743917 0.39665165378
0.692921116437 0.424587633983
0.768562122591 0.578659975605
0.618323364776 0.373324506661
0.574233943928 0.317559978149
0.740887725657 0.536512573907
0.640588626226 0.52352682679
0.723994468851 0.521167155589
0.657125518887 0.485349259323
0.742075554037 0.35580775749
0.736942626451 0.37239422582
0.768277875017 0.465758369394
0.65111726707 0.397426803607
0.750066647012 0.504195363106
0.840564273091 0.213866447631
0.607212364955 0.447577149117
0.759277825864 0.373943481611
0.479410579965 0.238569112051
0.571909110315 0.446155860481
0.72159708865 0.36023512783
0.681111128868 0.412345488436
0.524093910365 0.253694481944
0.726824316782 0.481097314987
0.618167900915 0.386912330638
0.675285949205 0.361162809427
0.75406561748 0.223167917509
0.676344136028 0.402836686009
0.813372983338 0.339370080523
0.57346005165 0.461428119682
0.699129997102 0.302926338598
0.543016789564 0.293919253582
0.607540476386 0.454488706032
0.74235676902 0.550947251773
0.766109078093 0.259121219687
0.573030615825 0.341437801267
0.833008906846 0.498833777618
0.604648182382 0.408111002511
0.572406305459 0.354493974867
0.890803663983 0.441034532531
0.690957574146 0.465101595662
0.75918043256 0.400442488969
0.811347117408 0.27676772306
0.74937810233 0.292718313283
0.626209247509 0.288576032269
0.763135557608 0.326253771365
0.744445868494 0.254137800945
0.618766602042 0.231956111733
0.66527897082 0.497789238166
0.669436599275 0.335119600468
0.613711564287 0.408977583087
0.798855926061 0.328364389966
0.665860714879 0.288564669476
0.714100619967 0.403749306252
0.579662856237 0.358168900513
0.676231947333 0.331810137809
0.657824317236 0.263655656235
0.602962325785 0.420539255162
0.827207890046 0.406300196787
0.722641464163 0.418312173544
0.653299587628 0.417279004125
0.654346732651 0.395290768113
0.542577844202 0.303581357746
0.623744275509 0.248595034644
0.537182805781 0.209154513428
0.635147407965 0.245422730484
0.675316424229 0.324987982192
0.681411862095 0.313336467868
0.627455098725 0.581467482979
0.546674592446 0.338572670603
0.632393587781 0.587313541815
0.748586089863 0.417601893982
0.811737016682 0.249205568613
0.428675620976 0.380225273586
0.648116834764 0.412931084267
0.656087082528 0.608183193713
0.726155261274 0.559999679508
0.65245250825 0.384556555515
0.796444738165 0.312728808439
0.497201782366 0.218189556951
0.781910997844 0.435747962144
0.736980197831 0.433010499582
0.883713281013 0.480746442391
0.612823552758 0.422287632277
0.682958866085 0.525315835416
0.651531522491 0.14643082809
0.565882615237 0.284639417035
0.581807436761 0.30040520969
0.854186631995 0.474378142811
0.696559423556 0.53211921665
0.774817650544 0.332337903379
0.523511393966 0.361874816301
0.656472123507 0.532681958629
0.623455880073 0.302967569534
0.533588703305 0.41649470918
0.776626883423 0.392683726969
0.529368571709 0.296076644972
0.833187961314 0.556338960541
0.663900147256 0.370498679947
0.490661023091 0.284807121353
0.694369390261 0.419955106726
0.536658218955 0.444619790379
0.647012975118 0.494023256279
0.532088777575 0.396687295245
0.562204484824 0.356910737433
0.677542837083 0.449029518353
0.678735895617 0.503505371941
0.787326059688 0.195866848068
0.635713733232 0.471502963637
0.978999730932 0.305948963578
0.730919741404 0.492151698491
0.611132846083 0.372496824748
0.613367315171 0.41204980316
0.605281668043 0.370247030731
0.759467960114 0.306302739604
0.760958403971 0.30254431292
0.893780628025 0.485616586265
0.750431607999 0.300631658559
0.660858185144 0.399885145388
0.691540424075 0.374270125557
0.75636329208 0.423831489796
0.735166433603 0.510731561275
0.789023399401 0.231030757046
0.714142368098 0.282785097176
0.651338534809 0.353103704034
0.752691867967 0.296125610063
0.506706708102 0.345797890771
0.536476957532 0.424169447508
0.719240299938 0.257032110395
0.418583875752 0.478139484461
0.606176276332 0.419322233998
0.842926601234 0.243053619875
0.72199456893 0.410475617554
0.526808475624 0.433595266967
0.760778512225 0.196903486591
0.797220320277 0.287914201951
0.679926060399 0.381032777016
0.698712146714 0.33053230758
0.768926684557 0.252711380948
0.743760559903 0.445522284465
0.659200272675 0.349946470978
0.488808151557 0.294940043782
0.614405929596 0.376417089232
0.75306759284 0.434554823366
0.617142356195 0.147242011458
0.77157608064 0.445108102945
0.691087069942 0.227558239275
0.514892290621 0.45111268917
0.777129202758 0.378321097614
0.737789055715 0.384819155583
0.741589354726 0.465765820148
0.729248379541 0.43950545692
0.856903246337 0.395023133828
0.680706137498 0.451396309371
0.61204935695 0.337385290836
0.645648880836 0.267752550285
0.747255408332 0.189327469233
0.63044504236 0.412340472693
0.783944972904 0.288939043561
0.676629076072 0.444989158782
0.621877497231 0.331763518472
0.645945436081 0.340483381241
0.643076408561 0.346174104423
0.534818924689 0.430729462585
0.539026756856 0.367034422408
0.85472292372 0.105160839399
0.66665432103 0.29325306858
0.703282103687 0.300545850219
0.777555955192 0.29750003759
0.633511202562 0.399771534157
0.697856769657 0.0842098026384
0.541044376943 0.400724866166
0.814441458306 0.412991261275
0.756195368159 0.320387121364
0.771667819264 0.342564639062
0.70122842247 0.396311540063
0.728152791327 0.516201248067
0.762384833827 0.243357489098
0.488675221504 0.494335873592
0.584386921444 0.354776173645
0.755572823641 0.526876950594
0.674007181516 0.333819989279
0.529747055918 0.29859117759
0.701618827984 0.40046792182
0.68262890991 0.362243917912
0.687430272265 0.246931882223
0.440014762922 0.816085931379
0.716502079467 0.912528997759
0.499475641988 0.759459024419
0.558949295239 0.734019348006
0.482195253359 0.736453855841
0.312309580687 0.853062414566
0.622585689594 0.626490982542
0.534073501519 0.651921608765
0.338593177512 0.776154214535
0.436778008584 0.704032653205
0.673141717546 0.631515777716
0.526449287262 0.846940309374
0.507813036449 0.708701751343
0.583287620228 0.785476681677
0.39207010386 0.849767232232
0.43776942703 0.56392814653
0.501009367103 0.57743128849
0.504133782816 0.733435335817
0.423184312975 0.583198553958
0.49514580471 0.909804232919
0.427842983927 0.784303353475
0.357713284464 0.697669320114
0.653883003562 0.652547521781
0.614937336284 0.570575438629
0.606306537693 0.731550492249
0.56375713675 0.743585777346
0.536169537517 0.795200549054
0.464322753557 0.604622065362
0.54406903486 0.767702186585
0.460205056201 0.707301260834
0.581815148496 0.772290410759
0.474637439038 0.641028337011
0.590635756419 0.711176204938
0.573163512747 0.734443100495
0.403734637766 0.768518559121
0.384160298691 0.789440729455
0.535082090826 0.580357646567
0.503198404559 0.680967931727
0.470670240531 0.676669668783
0.523038134831 0.705368288505
0.527856780358 0.703350807089
0.614240897135 0.695366499341
0.601405936416 0.708130495773
0.58219393412 0.79137996655
0.684451545501 0.60288818658
0.564468936769 0.65072464158
0.419041741967 0.695963435468
0.573519747298 0.740499426133
0.462544278597 0.74966732112
0.503090925236 0.718775936346
0.525444073055 0.688439736467
0.495757970094 0.889794074353
0.41417773153 0.821643577626
0.467901040423 0.77562421736
0.41763980849 0.694419437
0.388618604017 0.746165626816
0.522041460631 0.760696605059
0.582363052865 0.797959353495
0.431482632466 0.730074913549
0.350944367318 0.720615332524
0.605653384817 0.69790072341
0.440832457224 0.807177664451
0.671499853627 0.707366218167
0.481096764908 0.724726011669
0.509603755615 0.700797467219
0.476530407046 0.661749647293
0.38051471287 0.800127884207
0.423450892981 0.72957857241
0.48820485678 0.661528648908
0.459457798766 0.644289079962
0.369020757276 0.769739675388
0.476984008294 0.794772672417
0.632065291715 0.743348246861
0.421160651872 0.675354447137
0.613879329644 0.713809509111
0.544320409696 0.731975649075
0.38817255453 0.847366977067
0.739764799409 0.712972779543
0.385353533949 0.794882391868
0.646122763993 0.697821998755
0.476985467991 0.698187952472
0.5291539467 0.799105938754
0.569094867318 0.754599770388
0.558786399303 0.677358795848
0.544186770468 0.752434728462
0.456489506949 0.827519856466
0.54169613055 0.815136679847
0.357938839883 0.61531786794
0.537048624199 0.700366584638
0.333941810468 0.857304502456
0.351624183465 0.795807607157
0.613186461328 0.720138229173
0.51143397851 0.789916230193
0.428181173982 0.668489957483
0.230829716008 0.529019751182
0.476532927403 0.701143316886
0.46428738989 0.953342961939
0.389216592875 0.629347200702
0.449495601307 0.617992211288
0.436217965287 0.834602496605
0.557604367961 0.727247254572
0.510226969173 0.766436220869
0.451274765255 0.757971742115
0.447865680973 0.885489627083
0.438830423035 0.627208319227
0.672296363054 0.925510960364
0.450288766389 0.7898249
0.457501423801 0.750873250594
0.503725580193 0.786448658022
0.605878148971 0.734529137868
0.416861511546 0.785001929771
0.529161095794 0.41430762744
0.560017215331 0.700309326358
0.522898476732 0.616780419498
0.518765962729 0.754857752773
0.637789938554 0.800633141951
0.550972297734 0.795259624372
0.606814169577 0.694112941938
0.524279258089 0.591403839673
0.319497952232 0.658205140391
0.303741530416 0.842923700327
0.408944710807 0.737487437381
0.38546680987 0.812491788298
0.601391136494 0.773638789935
0.671995330588 0.784293941471
0.39065410846 0.703471000965
0.4801029948 0.7574814867
0.403567222775 0.768995617139
0.729669470784 0.666688517857
0.529594657419 0.641890666113
0.46074773323 0.911971843755
0.580270636553 0.780075128507
0.51567583277 0.531788283267
0.60031814444 0.760693378413
0.495319736741 0.803169454787
0.53956359967 1.08252151665
0.495220693564 0.669572668807
0.409221018269 0.872031143213
0.426705456552 0.890073695096
0.529901362806 0.581319283205
0.391861107361 0.949042444379
0.526582035263 0.778572725752
0.599125304755 0.786315446056
0.465929339262 0.744274007821
0.498415411693 0.689088885582
0.468781497426 0.796741420469
0.38533809667 0.629073369696
0.444567666084 0.710664522235
0.299638286077 0.705235241944
0.543717793146 0.713903748322
0.495317160576 0.700099283746
0.669529302978 1.04411979932
0.638646848592 0.703391063571
0.38297877952 0.665172310982
0.55358664432 0.767730255871
0.405286292754 0.724169951808
0.437907111032 0.752168463752
0.73132222383 0.653196619755
0.474416739637 0.784262672204
0.336466233718 0.509132922851
0.491140149962 0.617102796184
0.57380170876 0.836608864077
0.328331287766 0.595452149876
0.516008439959 0.664900229256
0.395355969989 0.919231659899
0.484102493358 0.623792365359
0.326471094067 0.75044198418
0.604659881147 0.822500337566
0.609908712776 0.639143269472
0.65002537454 0.765164208601
0.626485415597 0.765698110351
0.436410033655 0.642359586569
0.489805996375 0.677863904171
0.455922966985 0.726354015588
0.553045077898 0.894235769828
0.580557848552 0.76920998645
0.45450543373 0.792739280965
0.501179208958 0.881480204759
0.555564153916 0.958294166794
0.444919884527 0.852887216695
0.735021389561 0.66609372815
0.780135828632 0.520947316028
0.888447711984 0.358825684687
0.982401379864 0.652922859717
0.893467280423 0.525213786261
0.868017320816 0.556680384734
0.929970410726 0.499698678283
0.99054419296 0.622431911817
0.77564353275 0.370768335038
0.870352116332 0.398287813784
0.835574807425 0.574485910117
0.993439105888 0.515555080312
0.955685231163 0.219180042537
0.814871245807 0.417133571598
0.807684771493 0.358824173285
0.825731127711 0.357672269615
0.883612011236 0.461541317887
0.860860289 0.397340687164
1.05301380447 0.395059566208
0.883610932271 0.563120075581
0.673762145708 0.421605408288
0.807714533202 0.365168080565
0.864183206381 0.528385614873
0.824522459159 0.505351994625
0.886789075557 0.504144902324
0.812112878862 0.422691485692
0.831133734616 0.602735317343
0.7683240934 0.398255980295
0.817120680959 0.519311459521
0.850427055357 0.387932485437
0.706702726629 0.456587259626
0.845482533843 0.29385138559
0.838093132536 0.435789782448
0.819412359984 0.527513568152
0.742076209464 0.397001032692
0.737075895453 0.492163222298
0.920351681055 0.434891482685
0.724851019444 0.327404728844
0.811614443476 0.53783671507
0.745803501989 0.581254465358
0.995632946954 0.508371854487
0.931999223807 0.501685158454
0.751112911834 0.338088736431
0.826401747252 0.395349083795
0.790807835073 0.465257248681
0.801607514348 0.385668031286
0.960905821312 0.385672613879
0.987529751556 0.267670739027
0.770459474759 0.302443176971
0.774451183006 0.516919574248
0.903137653065 0.294230607486
0.744163786789 0.377212509341
0.793686155765 0.503082122332
0.79177267285 0.508526792889
1.00282749039 0.495016700884
0.740309586023 0.378709608112
0.995795190761 0.244682479214
0.882560224343 0.513243944352
0.853476470213 0.551180736449
0.669374510576 0.442466391476
0.705062369237 0.561017053376
0.870052172455 0.519362375575
0.791325106866 0.406973827825
0.882614349725 0.448887849644
0.803790928641 0.320125868906
0.885377810047 0.423423390696
0.806243256216 0.523815325352
0.731876524184 0.426376669497
0.783374289491 0.330976960404
0.88175335498 0.606219092824
0.93453720626 0.529958497037
0.825609433295 0.387581160162
0.818300020606 0.495919773269
0.779059601134 0.400895853643
0.853593395303 0.556234089928
0.795009502203 0.451235107781
0.805895071097 0.387938212579
0.710662636671 0.271707225276
0.801478688344 0.423836707927
0.907890486718 0.340195619713
0.769264163621 0.573497798228
0.896931010935 0.483934626766
0.907831338687 0.463002370827
1.01163770606 0.347297414579
0.926375850791 0.357258056801
0.742540369488 0.476355564772
0.834572115285 0.470868106832
0.797652669143 0.325996688641
0.926482393955 0.436611263814
0.874414441731 0.502735450031
0.914586702832 0.511127083935
0.842103068197 0.345279287573
0.77014820072 0.398714682184
0.8447885727 0.466121327404
0.805079811306 0.435177315333
0.849017704906 0.467297703148
0.799848086446 0.273967480034
0.844716263953 0.401975685547
0.749056196481 0.419846466559
0.750692162206 0.438881823071
0.837479687509 0.427769786199
0.75126379309 0.454379051177
0.697723353586 0.326490226063
0.61876275369 0.541852409031
0.739320892412 0.301060579719
0.73060279342 0.411187539919
0.878986839232 0.579993336306
0.795669506535 0.575632717789
0.87129148312 0.616005792763
0.787422394128 0.387691877406
0.808380839043 0.440333913407
0.777432970554 0.412215303432
0.828417596575 0.216726274918
0.911913344505 0.588601419008
0.785520745048 0.477528477998
0.821857442242 0.615085221427
0.863734784262 0.418005632998
0.916385930479 0.392819192687
0.855642643021 0.432202335283
0.80085145617 0.540545811045
0.886770223764 0.40154285156
0.793212342284 0.459614174453
0.767403522883 0.555462848359
0.872481116856 0.647011586174
0.59436228094 0.610720246598
0.80544900682 0.37196411564
1.0132695053 0.391340448201
0.782945530306 0.499576893343
0.821317983453 0.46235084863
0.852531670874 0.536340424912
0.822166010582 0.341438406175
0.877369873654 0.527336274033
0.674472223659 0.476970674765
0.697948055678 0.515531971466
0.799321902003 0.409214327045
0.746522634069 0.283318693467
0.68429003838 0.369277418306
0.751757193608 0.252496432135
0.955767605388 0.336136459187
0.884644962216 0.352903886127
0.907504127753 0.388167019381
0.914606519572 0.493411026662
0.926764748789 0.525570967052
0.819889912374 0.52167130306
0.791092033748 0.46152918904
0.771144055347 0.653302810832
0.849019229861 0.435352658601
0.926954507675 0.440117070855
0.83535128277 0.559117749562
0.880343281841 0.389015629178
0.875835474729 0.524405686216
1.02925526363 0.493979015771
0.855558073639 0.571295338659
0.876263114155 0.371087737491
0.865173504363 0.401482361019
0.880193432066 0.445991401554
0.820923285526 0.303433688257
0.90608616785 0.380494757629
0.787420795743 0.533952395684
0.918140007167 0.412248043239
0.923916199867 0.427496768392
