0.0504072707417471	0.471358754762576
0.775129615367529	0.713413208114567
0.727520130703017	0.359844638252966
0.596157024285585	0.8056594375931
0.734271236919458	0.940875227389142
0.50275011897774	0.284041356984268
0.812617880787901	0.303077901562361
0.260911944162668	0.85934676029148
0.134897565207954	0.355797642258977
0.455255879153309	0.500061110899885
0.968890853991883	0.465417356743771
0.59829619018242	0.356889532628109
0.20081519444668	0.0466984059297033
0.59453208660862	0.409872957641291
0.101756581490736	0.211299167626137
0.435129466870247	0.588718557949669
0.855694399685152	0.376109355273542
0.507171806900043	0.395868548398603
0.633040923358482	0.013094361344983
0.16822486759062	0.747534726643799
0.944258587083855	0.121578666323217
0.696909391308889	0.708592772099657
0.77351807162869	0.180536911046957
0.520997032897068	0.541649423749043
0.530526296639838	0.215357134760922
0.837057740568593	0.418181258509442
0.205718383250787	0.629169495901508
0.663836979109217	0.790434960063315
0.634229360002653	0.80729708000348
0.762398884326768	0.727439765179646
0.40982264645702	0.424409721622808
0.15983196625751	0.0483022630790444
0.511760973146242	0.352898687336818
0.633297651732743	0.302845965826414
0.964094196555681	0.0888161472050655
0.0538540870362247	0.156162126573086
0.0147652561624092	0.445040165052887
0.0143785210412197	0.522918220214457
0.156183109666234	0.692360026074326
0.435736570905416	0.503115380179558
0.392487684941504	0.405779656042142
0.575926048622659	0.317809968125637
0.152769515411951	0.558985232359916
0.977202109982411	0.696156402773703
0.143263592005926	0.233718405794718
0.748239590271037	0.579652452490144
0.792395882085703	0.0174654054886361
0.267402825863481	0.281963465994913
0.166029746262101	0.362766251263423
0.937493340199591	0.960082539258401
0.789970940304517	0.00054390880482913
0.253376809016313	0.142388456737045
0.514501833936524	0.829752057541668
0.846223025615171	0.239556464091812
0.771310723668524	0.453568760419458
0.729421474883903	0.194047589934137
0.514668475461523	0.87117329180947
0.0323809072618353	0.352464398450486
0.0922150174399299	0.452311256991308
0.613329293340509	0.0624537854696641
0.870510225576343	0.673480486500637
0.0879710488243113	0.582724790156057
0.838960318757632	0.649383573643448
0.697626760640272	0.472420445537459
0.653359816409196	0.98664390614428
0.721597130581937	0.406451496007726
0.755723224403102	0.169647185718063
0.67040279549914	0.199005431282409
0.74707771580589	0.577351294833761
0.588825395203724	0.951450786529655
0.0993309746331654	0.357230520572799
0.463008053450718	0.557053100049067
0.404224885670661	0.0460371437762035
0.930085626075151	0.067719365427827
0.5828686940953	0.840250810121731
0.400851966116672	0.572431327066305
0.057672437584845	0.361045480875703
0.947903371047328	0.558778608834508
0.637055683341078	0.224061677324087
0.208719624532304	0.17434949789611
0.427595695468998	0.573579746803347
0.383576936999145	0.210594291918433
0.191935926953381	0.349824552323852
0.653475938167926	0.975682520474685
0.265557987554107	0.568694884507181
0.937982993103031	0.872995132938833
0.0613107968030029	0.462428576443372
0.49471981378667	0.467014968073947
0.785397302427501	0.380438331615238
0.0220149331849591	0.997917547321443
0.798474741450281	0.820260214734091
0.457896410779338	0.740158527011566
0.944886756419098	0.55334816768476
0.819228460069308	0.719468066834601
0.584197565207365	0.249050360287541
0.144570842116931	0.17818498543766
0.262647632093607	0.267868230750736
0.796589167299214	0.772708941443575
0.306529712876756	0.893003276009708
0.151012002561483	0.90155606202628
0.781551560114313	0.463841580126882
