      1.0118
      1.0075
      1.0064
      1.0077
      1.0087
      1.0213
      1.0213
      1.0130
      1.0130
      1.0047
      1.0039
      0.9993
      1.0059
      1.0047
      0.9985
      0.9957
      0.9889
      0.9795
      0.9840
      0.9824
      0.9830
      0.9827
      0.9874
      0.9968
      0.9993
      0.9956
      0.9967
      1.0007
      1.0008
      0.9984
      0.9995
      1.0039
      1.0083
      1.0011
      0.9991
      0.9994
      0.9915
      0.9766
      0.9720
      0.9676
      0.9623
      0.9664
      0.9763
      0.9799
      0.9864
      0.9830
      0.9874
      0.9882
      0.9948
      1.0004
      1.0005
      1.0110
      1.0286
      1.0264
      1.0309
      1.0354
      1.0263
      1.0251
      1.0139
      1.0139
      1.0065
      0.9935
      0.9859
      0.9836
      0.9802
      0.9736
      0.9722
      0.9854
      0.9751
      0.9727
      0.9859
      1.0183
      1.0103
      1.0279
      1.0513
      1.0515
      1.0486
      1.0577
      1.0612
      1.0750
      1.0733
      1.0989
      1.1093
      1.0973
      1.1012
      1.1130
      1.1258
      1.1417
      1.1186
      1.1218
      1.1246
      1.1404
      1.1664
      1.1828
      1.1731
      1.1798
      1.1899
      1.1956
      1.1739
      1.1464
      1.1556
      1.1724
      1.1639
      1.1706
      1.1653
      1.1754
      1.1797
      1.1700
      1.1640
      1.1555
      1.1731
      1.1861
      1.1741
      1.1516
      1.1523
      1.1592
      1.1647
      1.1691
      1.1864
      1.1968
      1.1909
      1.1984
      1.1914
      1.1910
      1.2010
      1.2041
      1.2107
      1.2232
      1.2008
      1.2029
      1.1872
      1.1851
      1.1926
      1.2140
      1.2205
      1.2252
      1.2336
      1.2756
      1.2700
      1.2452
      1.2348
      1.2301
      1.2262
      1.2385
      1.2287
      1.2277
      1.2263
      1.2325
      1.2292
      1.2323
      1.2323
      1.2338
      1.2326
      1.2320
      1.2367
      1.2469
      1.2484
      1.2480
      1.2697
      1.2796
      1.2944
      1.3040
      1.3238
      1.3035
      1.3145
      1.3190
      1.3168
      1.3201
      1.3240
      1.3547
      1.3840
      1.3658
      1.3756
      1.3676
      1.3526
      1.3575
      1.3703
      1.3667
      1.3765
      1.3955
      1.4070
      1.4043
      1.4009
      1.3879
      1.3757
      1.3899
      1.3808
      1.3885
      1.3873
      1.3885
      1.3863
      1.3801
      1.3606
      1.3340
      1.3194
      1.3192
      1.3411
      1.3387
      1.3262
      1.3256
      1.3154
      1.3097
      1.3167
      1.3075
      1.2855
      1.2682
      1.2492
      1.2353
      1.2373
      1.2176
      1.2075
      1.2237
      1.2267
      1.2055
      1.2186
      1.1962
      1.1913
      1.1891
      1.1954
      1.1888
      1.1925
      1.1986
      1.1891
      1.1758
      1.1828
      1.1749
      1.1697
      1.1613
      1.1720
      1.1965
      1.1800
      1.1641
      1.1747
      1.1730
      1.1570
      1.1448
      1.1583
      1.1600
      1.1635
      1.1603
      1.1560
      1.1549
      1.1572
      1.1535
      1.1499
      1.1439
      1.1493
      1.1452
      1.1370
      1.1279
      1.1302
      1.1467
      1.1571
      1.1825
      1.1928
      1.1874
      1.1991
      1.1960
      1.1924
      1.1907
      1.2225
      1.2453
      1.2674
      1.2725
      1.2779
      1.2602
      1.2471
      1.2621
      1.2698
      1.2789
      1.2820
      1.3080
      1.3215
      1.3263
      1.3174
      1.3308
      1.3173
      1.3424
      1.3644
      1.3830
      1.3808
      1.3836
      1.3826
      1.3783
      1.3540
      1.3503
      1.3647
      1.3893
      1.4132
      1.4005
      1.4077
      1.3762
      1.3609
      1.3775
      1.3612
      1.3552
      1.3509
      1.3458
      1.3534
      1.3693
      1.3669
      1.3752
      1.3656
      1.3592
      1.3693
      1.3658
      1.3697
      1.3722
      1.3694
      1.3508
      1.3381
      1.3622
      1.3494
      1.3556
      1.3725
      1.3942
      1.3804
      1.3843
      1.3775
      1.3905
      1.3872
      1.3869
      1.4128
      1.4271
      1.4409
      1.4334
      1.4166
      1.4298
      1.4452
      1.4655
      1.4869
      1.5346
      1.5218
      1.5452
      1.5404
      1.5433
      1.5194
      1.4977
      1.5176
      1.4881
      1.4611
      1.4695
      1.4890
      1.4932
      1.4771
      1.4776
      1.4674
      1.4722
      1.4486
      1.4512
      1.4608
      1.4689
      1.4957
      1.4770
      1.4778
      1.4828
      1.4864
      1.5125
      1.5426
      1.5219
      1.5032
      1.5216
      1.5587
      1.5578
      1.5411
      1.5245
      1.5308
      1.5399
      1.5679
      1.5717
      1.5922
      1.5788
      1.5997
      1.5964
      1.5877
      1.5815
      1.5502
      1.5318
      1.5456
      1.5694
      1.5761
      1.5780
      1.5715
      1.5592
      1.5414
      1.5121
      1.4761
      1.4582
      1.3840
      1.3525
      1.3821
      1.3963
      1.3634
      1.3221
      1.3130
      1.3128
      1.2958
      1.3299
      1.3286
      1.3420
      1.3789
      1.3578
      1.3225
      1.3127
      1.2881
      1.2469
      1.1968
      1.2189
      1.2248
      1.2401
      1.2160
      1.2359
      1.2555
      1.2402
      1.2229
      1.2043
      1.1777
      1.1774
      1.1815
      1.1615
      1.1572
      1.1489
      1.1573
      1.1441
      1.1100
      1.1137
      1.1294
      1.1182
      1.1161
      1.1285
      1.1359
      1.1532
      1.1763
