      -2.554278
      10.878110
      -0.236407
       1.540284
       0.700117
       6.025492
       1.857923
      -2.145923
       5.592105
       3.946002
      -1.598402
       3.248731
       3.539823
      -3.133903
       3.823529
       3.116147
       2.197802
       2.508961
       4.195804
       5.033557
       0.718850
      -6.106265
       4.307432
       6.234818
      -2.820122
      -2.431373
       5.546624
      -1.218583
       2.621434
      -0.375657
      -0.301659
     -14.069590
     -13.116200
       5.268490
      -2.117421
      -1.671583
       0.400000
      11.454180
       2.770331
       0.956522
       3.445306
      -4.329725
      -0.696258
       1.402279
      -1.123596
      -1.660839
      -2.488889
       0.182315
       5.641492
       3.531438
      -1.747088
       1.778154
       1.164725
      -5.263158
      -7.031250
      -4.014939
       0.972763
       1.830443
       2.459792
       1.477378
       2.001820
       7.760928
       1.490066
      -1.631321
       0.331675
       3.471074
       6.469649
       6.451613
      -2.889359
       4.716981
      -2.702703
       8.333333
       3.155819
      -3.505417
      -1.717305
       4.032258
      -5.167959
      -5.108992
       6.173726
       1.149425
      -6.417112
       0.714286
       0.070922
      -0.779589
      -2.642857
       0.586941
      -2.115244
       4.172876
       2.861230
      -1.251739
       4.436620
      -0.472016
      -1.287263
      -1.235415
       2.293259
       3.328804
       6.640368
      -0.493218
       0.495663
       3.575832
       0.238095
      -0.118765
      -4.458977
       0.933416
       5.055487
      -0.234742
       6.352941
       1.991150
       8.134490
       3.209629
       2.478134
       1.422475
       1.776531
       7.349564
      10.611900
      -8.858801
       7.724958
      -9.101655
       3.857824
       5.467446
       6.094183
       7.534502
      10.371140
       1.539912
       4.611575
       1.331361
       2.072993
     -14.788330
      -9.097012
       6.942393
       8.874309
       4.027910
       3.536585
      -1.648999
       1.526946
       4.836331
      -3.206751
       3.748910
      -3.809524
       3.523588
      -1.462729
       4.767342
       8.801090
      14.575510
      -4.065574
      11.300980
      -0.736950
      -0.577439
      -2.717279
      -0.490405
       0.449968
       1.919795
      -5.378820
       2.034948
      -5.874702
      -0.806080
       1.346645
      -8.911798
      -3.848089
       7.533351
      -2.018973
      -4.220457
      -3.317781
      -7.238606
     -13.439310
       5.776294
       5.587121
       3.348281
      -2.198438
      -1.005620
       4.989543
      -4.923164
      -4.010775
      -8.543810
     -13.296970
       0.629178
     -17.741310
      12.589070
       6.244726
     -10.087370
      -4.814488
      -4.593968
      -4.134241
      13.039070
       1.122083
       3.373280
       4.379562
       2.344714
      -5.305466
       7.640068
       1.971609
       3.402939
       3.141361
       1.885424
      -3.024911
       0.697248
      -1.311953
       2.400295
      -2.993148
      -1.375465
       2.261591
       2.580170
       2.766798
       2.797203
