    14.96  
    17.34  
     16.4  
    19.33  
    17.69  
     17.5  
    15.84  
    18.69  
    18.63  
    18.55  
    14.76  
    17.89  
    18.36  
    17.59  
    16.64  
    20.23  
    16.98  
    16.23  
    14.21  
    20.33  
    15.97  
    17.19  
    16.87  
    15.26  
     13.9  
     16.4  
     20.4  
    15.94  
    19.08  
     19.4  
    15.71  
    13.53  
    17.89  
    17.31  
    13.71  
    17.92  
    14.91  
       20  
    19.22  
    16.48  
    17.77  
    17.81  
     16.9  
    19.26  
    16.03  
    15.86  
    16.56  
    16.71  
    20.23  
    15.54  
