       6.959077
       7.026551
       7.038499
       7.044809
       7.081089
       7.122907
       7.169636
       7.179072
       7.137020
       7.176182
       7.190836
       7.188089
       7.232749
       7.144314
       7.156462
       7.162877
       7.238449
       7.280321
       7.287817
       7.336856
       7.294746
       7.294469
       7.190836
       7.188089
       7.193660
       7.222829
       7.235111
       7.202237
       7.238449
       7.280321
       7.287817
       7.297408
       7.294746
       7.294469
       7.229910
       7.227148
       7.310947
       7.340591
       7.313749
       7.320305
       7.356466
       7.398380
       7.445393
       7.455192
       7.452472
       7.491622
       7.464391
       7.461540
       7.545521
       7.576116
       7.667637
       7.674510
       7.671175
       7.752564
       7.760546
       7.810198
       7.807349
       7.846486
       7.855197
       7.891265
       7.936481
       7.968661
       7.903563
       7.910647
       7.907210
       7.909969
       7.957509
       8.007430
       8.083367
       8.083061
       8.050606
       8.047530
       8.053767
       8.007918
       8.021536
       8.028726
       8.064569
       8.106740
       8.115086
       8.165215
       8.162235
       8.201349
       8.206930
       8.281922
       8.288342
       8.321949
       8.375423
       8.382932
       8.418631
       8.460915
       8.509022
       8.559669
       8.556546
       8.556222
       8.636810
       8.672579
       8.718400
       8.753751
       8.768636
       8.776496
       8.812025
       8.854445
       8.902958
       8.914675
       8.911424
       8.911085
       8.949459
       9.024167
       9.070261
       9.067781
       9.122524
       9.130702
       9.126734
       9.208631
       9.218111
       9.230243
       9.226876
       9.226526
       9.223024
       9.219501
       9.265746
       9.264058
       9.240487
       9.248770
       9.323436
       9.366035
       9.454471
       9.466914
       9.542318
       9.541957
       9.652914
       9.649226
       9.695794
       9.735108
       9.751662
       9.799763
       9.834846
       9.877625
      10.005970
      10.058560
      10.133760
      10.172810
      10.200020
      10.157060
      10.204030
      10.245410
      10.262830
      10.272030
      10.346250
      10.389210
      10.478700
      10.571390
      10.606970
      10.685430
      10.747200
      10.782160
      10.790510
      10.952040
      10.931340
      11.019860
      11.133000
      11.215590
      11.305930
      11.439160
      11.513850
      11.631710
      11.763270
      11.836910
      11.924290
      12.051150
      12.071640
      12.121820
      12.155900
      12.238850
      12.290850
      12.385920
      12.460170
      12.499130
      12.505760
      12.579120
      12.627970
      12.757690
      12.858030
      12.948270
      13.139360
      13.183300
      13.236270
      13.372030
      13.446020
      13.524380
      13.639080
      13.751080
      13.839940
      13.935310
      13.998330
      14.168320
      14.437560
      14.521310
      14.654450
      14.916650
      15.205910
      15.323230
      15.713300
      15.940810
      16.128570
      16.311240
      16.338970
      16.530090
      16.875780
      17.175690
      17.428950
      17.923560
      18.211730
      18.564630
      19.101240
      19.911500
      20.335930
      20.594400
      20.746990
      20.942050
      21.226970
      21.528500
      21.786140
      22.109620
      22.396260
      22.513310
      22.722990
      22.947820
      23.082510
      23.234740
      23.626870
      23.942190
      24.343430
      24.704830
      25.083530
      25.765080
      25.991480
      26.285190
      26.695100
      26.918410
      27.173080
      27.341890
      27.505960
      27.707080
      27.812670
      27.939940
      28.145440
      28.300320
      28.466800
      28.642620
      28.797950
      28.962110
      29.218360
      29.454110
      29.680600
      29.824780
      29.988210
      30.175230
      30.500620
      30.953510
      31.236920
      31.471430
      31.718680
      31.940080
      32.549230
      34.089390
      34.382400
      34.766250
      35.103920
      35.469080
      35.741170
      36.672530
      37.189560
      37.659640
      38.611520
      38.947090
      39.386280
      39.839360
      40.024680
      40.295810
      40.513550
      40.880590
      41.158260
      41.448210
      41.786700
      42.433390
      43.284540
      43.559980
      43.827540
      44.181260
      44.609000
      44.884250
      45.276380
      45.762760
      46.104290
      46.400750
      46.442830
      46.794660
      47.315130
      47.647380
      47.859610
      48.053670
      48.135380
      48.178520
      48.392840
      48.644970
      48.577260
      48.700210
      48.918150
      48.975290
      49.242760
      49.399110
      49.554290
      50.048610
      50.368760
      50.649260
      50.803640
      50.997820
      51.168110
      51.176430
      51.393560
      51.568410
      51.754550
      51.968390
      52.125470
      52.278190
      52.837280
      53.002320
      53.332060
      53.527130
      53.523390
      53.770690
      54.163580
      54.692010
      55.376190
      55.588650
      55.748540
      55.857320
      56.128600
      56.120030
      56.213270
      56.409340
      56.526360
      56.718590
      56.933700
      56.990440
      57.070220
      57.106770
      57.151030
      57.206750
      57.480340
      57.826010
      57.918510
      58.409290
      58.646050
      58.959130
      59.173320
      59.288970
      59.465160
      59.500890
      59.547010
      59.729720
      60.007600
      60.237850
      60.505690
      60.820930
      60.824700
      60.904750
      61.118230
      61.351710
      61.801720
      62.011720
      62.293490
      62.604710
      63.416500
      63.767490
      64.386570
      64.703160
      64.946410
      65.444530
      65.892170
      66.184360
      66.766930
      67.150100
      67.435940
      67.768020
      68.059560
      68.591180
      69.090640
      69.702890
      69.951290
      70.456100
      70.843000
      71.547490
      73.075600
      73.689970
      74.039290
      74.398140
      75.288720
      76.062070
      76.617050
      76.467340
      76.487210
      76.764750
      77.149250
      77.441020
      77.748630
      77.952540
      78.363560
      78.505290
      78.815090
      79.179890
      79.439490
      79.761340
      79.902290
      79.948530
      80.331870
      80.564620
      81.078290
      81.339280
      81.402330
      81.439020
      81.636230
      82.003560
      82.261930
      82.172970
      81.963150
      81.304530
      81.805380
      82.096970
      82.129670
      82.390260
      82.395720
      82.553810
      83.046800
      83.474170
      83.379140
      83.290570
      83.552950
      83.309180
      83.750290
      83.982810
      84.232620
      84.492420
      84.557910
      84.490010
      85.045140
      85.297840
      85.378300
      85.466970
      85.967070
      86.080210
      86.579320
      86.929620
      87.036500
      87.353570
      87.538180
      87.482370
      88.101320
      88.592010
      88.083210
      88.113950
      88.734560
      88.556530
      88.936830
      89.287050
      89.139360
      89.280460
      89.408070
      89.418570
      89.982080
      90.474460
      90.435140
      90.525580
      90.913200
      91.032850
      91.353250
      91.585480
      91.300690
      91.616130
      92.037740
      92.410930
      93.155830
      93.709950
      93.786850
      93.878360
      94.210490
      94.039770
      94.476970
      94.767980
      94.980710
      95.469920
      95.485510
      95.638040
      96.212010
      96.710080
      96.726820
      96.701790
      96.801350
      96.339130
      96.480780
      96.712920
      96.499500
      96.696150
      96.771100
      96.870100
      97.269970
      97.768880
      97.902890
      98.054620
      98.508930
      98.225820
      98.720400
      99.247140
      99.361760
      99.673820
      99.984880
     100.038700
     100.208800
     101.004700
     100.901700
     101.231300
     101.393700
     100.878700
     101.372700
     101.486300
     101.114200
     101.717700
     101.914000
     101.680900
     102.266100
     102.710300
     102.489400
     102.113600
     102.100400
     102.175600
     102.433300
     102.841800
     102.632700
     102.885800
     102.965600
     103.207200
     103.675900
     104.474900
     104.605700
     104.819500
     105.103800
     105.182900
     105.675300
     106.024500
     105.846000
     105.980500
     105.945200
     106.374800
     106.732800
     107.357300
     107.369700
     107.466200
     108.048000
     107.954300
     108.327400
     108.794800
     108.474400
     108.900200
     109.159700
     109.602300
     110.140900
     110.652300
     110.897500
     111.171500
     111.816300
     111.373200
     111.746000
     112.271500
     111.920300
     112.111200
     112.315500
     112.770900
     113.197800
     113.592700
     113.661500
     113.877400
     114.289300
     114.027200
     114.457200
     114.923500
     114.783500
     115.439500
     115.996600
