-14.52149914	-3.86759503	6.909816431	12.6933484
-13.65170694	-5.159356611	-0.531369216	11.79974473
-15.30249327	-7.353298869	2.270512352	10.1421041
-15.7726756	-9.364021156	3.650564383	7.536371407
-15.1028082	-9.650984485	6.244314712	5.456044247
-14.43294079	-9.949200526	0.696621325	4.983243103
-14.26588766	-6.597345606	2.181704804	3.434395607
-16.06512025	-5.104129274	2.005954831	2.573414193
-13.42257821	-3.538579586	2.823409261	1.673311296
-6.84410712	-3.557980032	4.016572351	0.655510682
-4.14751387	-5.570835635	6.116314337	0.471841575
-11.77984388	-6.856910415	5.710671514	-1.232684027
-4.37247838	-2.477423177	4.313057892	-2.488255037
-1.24600773	-0.516015112	3.394221348	-2.969160588
0.81570845	2.764380133	0.378280732	-3.710442062
3.41004799	4.93750937	0.075198855	-4.069840957
4.77676215	4.156829819	4.908379377	-3.758121693
3.79211625	4.571877239	1.531714748	-3.893205642
3.72784783	1.390355423	2.864702268	-4.016757052
4.68109877	-2.320581396	1.981992205	-4.312199791
1.4236724	-5.080523654	-1.883601751	-4.241835625
-0.44962627	-4.681304083	0.601123461	-3.826200013
-2.52897086	-0.898925056	-2.165619353	-3.610654109
-0.35856352	2.481979374	-6.521042036	-3.477000818
-1.45863729	0.107763013	-5.803153137	-2.419934315
-3.48495899	-1.755213281	-4.256905377	-1.834002562
-4.10041056	-4.756993178	-5.134567108	-1.632284119
-5.59181176	-6.991379344	-2.428388987	-1.550871089
-6.61203448	-5.558069996	-3.435887625	-1.463561408
-5.44609061	-4.509659321	-2.964177166	-1.611009626
-4.84981706	-4.215050604	-2.635055241	-0.621137246
-4.27739087	-0.833135444	-5.783386242	-0.539781057
-1.7051587	0.515073076	-2.501580897	-0.413205537
-0.24258385	1.853204798	-2.359094433	0.004577127
2.8737044	2.186756975	-0.446140217	-0.570250597
1.28015461	1.380980784	3.112462983	0.298924097
1.12358957	2.242566325	3.563404766	-0.262296259
3.95776116	2.048115629	2.188421763	-1.501841032
2.928944135	1.427189579	-0.16722008	-1.412901515
1.90012711	2.627385359	6.396531503	-1.7001873
0.349130975	1.782127415	1.001162803	-1.479085136
-1.20186516	-0.13060027	2.776400647	-0.669391273
-2.51747287	-1.010338704	1.252762612	-1.01512903
-1.53582237	-2.852425467	3.242832971	-1.515047118
-1.02665906	-3.738059735	6.427688877	-1.352906887
-2.28946902	-4.527361142	4.577075338	-1.739680912
-2.52816211	-4.621423443	0.723321125	-1.93525655
-2.08632797	-5.846063573	5.125137772	-2.303953319
-0.78331153	-7.312178518	-3.263998825	-1.688002946
-1.53769095	-5.018790331	0.75657516	-0.35616856
-0.429349455	-4.183753906	3.177997924	-0.118234818
0.67899204	-4.455160395	-4.352919385	0.298201418
1.52595414	-4.264358082	-7.257362982	0.331321772
2.37291624	-2.311465561	-2.830357978	-0.026335866
3.24467661	-0.826132821	-2.449885378	-0.03183606
3.15730745	0.863368726	0.267037009	0.199452394
4.53484375	5.663160753	-3.26428923	-0.438341492
7.36488889	7.571582851	-5.67727038	-0.731487556
6.44870961	7.534827784	-1.894239354	-0.585007849
2.24510617	11.89913758	-2.221278182	-0.409142801
3.30056198	15.31790139	-2.738835486	-1.103660234
7.38818791	15.3607395	-3.202115497	-1.822551133
10.89879459	14.43476732	-2.165274904	-2.328850274
3.54839376	13.68225114	-4.091465248	-2.156459072
-0.12923077	12.02466333	2.259438554	-2.084414725
-0.82202533	10.08260254	1.008770794	-2.240260719
-2.4277603	9.029789572	-0.298882266	-2.409782968
-5.36587231	10.4837112	-3.393230216	-2.309228933
-6.46386213	7.453091433	0.543619647	-1.117184728
-5.37861236	6.739749023	3.499211076	-0.708908106
-5.09749185	5.221190245	4.137395821	-0.268635743
1.297424	4.391769361	0.372932948	-0.259520689
0.75507474	1.715785194	4.821780872	-0.010569029
-5.48306712	-2.135247468	4.788049958	0.34764208
-12.6945545	-0.884120306	7.830608393	0.470899997
-5.34415006	-0.123752105	2.555542292	0.586930414
-0.12946488	-0.142308797	5.66784108	0.327314786
1.05064124	1.532686843	3.467389094	0.405822001
2.73665351	1.774931408	2.724338128	0.851615486
3.74486679	-1.66765586	2.461416511	1.341318969
2.23495969	-4.118538691	-3.67862409	1.630606475
-0.50295459	-6.7175843	-1.958871186	2.177533802
-0.40039678	-6.045515231	-4.423114428	2.158022754
-3.90135002	-6.573846686	-6.649618017	2.072299014
-4.48892855	-5.657154396	-4.024933437	2.384214365
-2.91844979	-3.812403394	-4.59744237	2.343985813
-1.24347324	-5.068948059	-7.351779413	2.50450153
-1.12496094	-4.508034458	-1.286108368	1.770696656
-1.70108877	-2.307798374	-3.31901397	1.971898883
-2.44333205	-5.605637085	-5.460228481	2.043872939
-2.98851174	-6.343192993	-1.20713771	1.895168284
-2.71850831	-3.819343548	-0.617142331	1.318448975
-2.75315686	-2.860493909	-0.008792867	1.020355338
-3.06292871	-4.045871176	1.175238604	1.019117006
-4.662605432	-4.463422592	0.736951052	0.654929557
-6.03955224	-4.435144859	4.104319494	0.602935205
-6.76938058	-5.3090399	2.444030469	0.087860604
-6.87898005	-6.021072878	-0.024219805	-0.362371193
-7.23168297	-5.138260361	-1.42385414	-0.497840153
-7.3782748	-6.313456019	5.088395036	0.480220023
-7.74021558	-6.810707545	1.889126485	0.428859508
-7.6482001	-3.232683496	1.527204625	0.092958238
-7.56172475	0.660278759	1.049879193	-0.211152101
-7.14998112	-0.526801698	0.362009106	0.027316542
-6.6679407	-0.347159038	4.11983253	0.271201642
-5.99883767	-0.77255462	-0.228550559	0.783316568
-4.484864198	0.599640412	2.356274246	0.711417904
-2.78	-0.629913835	0.571801077	0.60458141
-1.96	0.382551712	1.410568237	1.191180351
-1.38	1.156913059	1.771029383	1.532453186
-0.76	1.631218013	2.037100639	1.941250668
-0.46	2.884425023	-1.314379382	0.997897202
-0.16	5.599167805	-2.343494169	0.661329434
-0.01	5.491622305	2.249826591	0.24880272
0.18	2.644775777	-0.692075002	-0.100640995
0.23	2.062556843	-1.17862883	-0.353842064
0.18	2.668884458	-1.003288682	-0.435063693
-0.18	6.649695524	0.577536834	-1.267268898
-0.5	5.309020781	-3.140837555	-0.865353133
-0.76	7.190788465	-0.66038704	-0.43622558
-0.86	7.832600879	-0.579304681	-0.297186229
-0.91	7.431496923	0.893155334	0.149501232
-1	6.339406575	1.642219476	-0.668537841
-0.99	5.583641675	-0.593833708	-0.806215745
-1.02	1.310245551	-0.122888295	-0.586797224
-0.98	0.545849218	-1.170737192	0.283885714
-0.93	0.692657641	-0.414748084	0.460292863


			
