20
1  3  2  8  2
100.0  0.3
 50.0  0.3
1 2 1 2 1 2
 0.0  0.5
 0.0  1.0  2.0  3.0
 0.0 -1.0 -2.0
46
 1 0 0 1   2 1 0 1   3 1 0 1   4 0 0 1   5 1 0 1   6 0 0 1
 7 1 0 1   8 1 0 1   9 0 0 1  10 1 0 1  11 0 0 0  12 0 0 0
13 0 0 0  14 0 1 1  16 0 1 1  18 0 0 0  19 0 0 0  20 0 1 1
23 0 1 1  25 0 1 1  28 0 1 1  30 0 0 0  31 0 0 0  32 0 0 0
33 0 1 1  35 0 1 1  37 0 0 0  38 0 0 0  39 0 1 1  42 0 1 1
44 0 1 1  47 0 1 1  49 0 0 0  50 0 0 0  51 0 0 0  52 0 1 1
54 0 1 1  56 0 0 0  57 0 0 0  58 0 1 1  61 0 1 1  63 0 1 1
66 0 1 1  68 0 0 0  69 0 0 0  70 0 0 0
8
 1  0.0  0.0  0.0417    2  0.0  0.0 -0.1667    3  0.0  0.0  0.0417
14  0.0  0.0 -0.1667   15  0.0  0.0 -0.1667   20  0.0  0.0  0.0417
21  0.0  0.0 -0.1667   22  0.0  0.0  0.0417
0

