0 3 0 265 430 432
1 3 0 430 431 432
2 3 0 430 334 431
3 3 0 432 431 162
4 3 0 334 433 431
5 3 0 433 434 431
6 3 0 433 224 434
7 3 0 431 434 162
8 3 0 160 435 437
9 3 0 435 436 437
10 3 0 435 262 436
11 3 0 437 436 308
12 3 0 161 438 440
13 3 0 438 439 440
14 3 0 438 263 439
15 3 0 440 439 309
16 3 0 169 441 443
17 3 0 441 442 443
18 3 0 441 295 442
19 3 0 443 442 212
20 3 0 221 444 446
21 3 0 444 445 446
22 3 0 444 397 445
23 3 0 446 445 294
24 3 0 115 447 449
25 3 0 447 448 449
26 3 0 447 300 448
27 3 0 449 448 209
28 3 0 198 450 452
29 3 0 450 451 452
30 3 0 450 320 451
31 3 0 452 451 247
32 3 0 404 453 455
33 3 0 453 454 455
34 3 0 453 267 454
35 3 0 455 454 220
36 3 0 222 456 458
37 3 0 456 457 458
38 3 0 456 364 457
39 3 0 458 457 385
40 3 0 41 42 460
41 3 0 42 459 460
42 3 0 42 43 459
43 3 0 460 459 214
44 3 0 162 461 463
45 3 0 461 462 463
46 3 0 461 257 462
47 3 0 463 462 226
48 3 0 201 464 465
49 3 0 464 456 465
50 3 0 464 364 456
51 3 0 465 456 222
52 3 0 109 466 468
53 3 0 466 467 468
54 3 0 466 402 467
55 3 0 468 467 233
56 3 0 403 469 471
57 3 0 469 470 471
58 3 0 469 222 470
59 3 0 471 470 268
60 3 0 170 472 474
61 3 0 472 473 474
62 3 0 472 281 473
63 3 0 474 473 339
64 3 0 168 475 477
65 3 0 475 476 477
66 3 0 475 326 476
67 3 0 477 476 208
68 3 0 51 478 480
69 3 0 478 479 480
70 3 0 478 258 479
71 3 0 480 479 313
72 3 0 152 481 482
73 3 0 481 451 482
74 3 0 481 247 451
75 3 0 482 451 320
76 3 0 162 483 461
77 3 0 483 484 461
78 3 0 483 232 484
79 3 0 461 484 257
80 3 0 184 485 487
81 3 0 485 486 487
82 3 0 485 232 486
83 3 0 487 486 348
84 3 0 169 443 489
85 3 0 443 488 489
86 3 0 443 212 488
87 3 0 489 488 297
88 3 0 162 434 491
89 3 0 434 490 491
90 3 0 434 224 490
91 3 0 491 490 254
92 3 0 232 492 486
93 3 0 492 493 486
94 3 0 492 254 493
95 3 0 486 493 348
96 3 0 200 494 495
97 3 0 494 455 495
98 3 0 494 404 455
99 3 0 495 455 220
100 3 0 49 50 496
101 3 0 50 480 496
102 3 0 50 51 480
103 3 0 496 480 313
104 3 0 47 497 499
105 3 0 497 498 499
106 3 0 497 313 498
107 3 0 499 498 219
108 3 0 173 500 502
109 3 0 500 501 502
110 3 0 500 328 501
111 3 0 502 501 209
112 3 0 168 477 504
113 3 0 477 503 504
114 3 0 477 208 503
115 3 0 504 503 304
116 3 0 151 505 507
117 3 0 505 506 507
118 3 0 505 232 506
119 3 0 507 506 277
120 3 0 184 508 485
121 3 0 508 506 485
122 3 0 508 277 506
123 3 0 485 506 232
124 3 0 397 509 445
125 3 0 509 510 445
126 3 0 509 163 510
127 3 0 445 510 294
128 3 0 115 449 512
129 3 0 449 511 512
130 3 0 449 209 511
131 3 0 512 511 351
132 3 0 160 513 435
133 3 0 513 514 435
134 3 0 513 230 514
135 3 0 435 514 262
136 3 0 161 515 438
137 3 0 515 516 438
138 3 0 515 231 516
139 3 0 438 516 263
140 3 0 17 517 519
141 3 0 517 518 519
142 3 0 517 211 518
143 3 0 519 518 409
144 3 0 201 465 520
145 3 0 465 469 520
146 3 0 465 222 469
147 3 0 520 469 403
148 3 0 166 521 523
149 3 0 521 522 523
150 3 0 521 244 522
151 3 0 523 522 228
152 3 0 173 502 524
153 3 0 502 448 524
154 3 0 502 209 448
155 3 0 524 448 300
156 3 0 17 525 517
157 3 0 525 526 517
158 3 0 525 301 526
159 3 0 517 526 211
160 3 0 99 100 528
161 3 0 100 527 528
162 3 0 100 101 527
163 3 0 528 527 216
164 3 0 167 529 531
165 3 0 529 530 531
166 3 0 529 210 530
167 3 0 531 530 286
168 3 0 145 532 534
169 3 0 532 533 534
170 3 0 532 215 533
171 3 0 534 533 278
172 3 0 107 108 535
173 3 0 108 468 535
174 3 0 108 109 468
175 3 0 535 468 233
176 3 0 204 536 538
177 3 0 536 537 538
178 3 0 536 234 537
179 3 0 538 537 352
180 3 0 199 539 540
181 3 0 539 473 540
182 3 0 539 339 473
183 3 0 540 473 281
184 3 0 212 541 542
185 3 0 541 467 542
186 3 0 541 233 467
187 3 0 542 467 402
188 3 0 167 543 529
189 3 0 543 544 529
190 3 0 543 316 544
191 3 0 529 544 210
192 3 0 152 545 546
193 3 0 545 537 546
194 3 0 545 352 537
195 3 0 546 537 234
196 3 0 154 547 549
197 3 0 547 548 549
198 3 0 547 358 548
199 3 0 549 548 211
200 3 0 154 549 551
201 3 0 549 550 551
202 3 0 549 211 550
203 3 0 551 550 388
204 3 0 176 552 554
205 3 0 552 553 554
206 3 0 552 298 553
207 3 0 554 553 269
208 3 0 170 555 557
209 3 0 555 556 557
210 3 0 555 406 556
211 3 0 557 556 213
212 3 0 190 558 559
213 3 0 558 436 559
214 3 0 558 308 436
215 3 0 559 436 262
216 3 0 191 560 561
217 3 0 560 439 561
218 3 0 560 309 439
219 3 0 561 439 263
220 3 0 177 562 564
221 3 0 562 563 564
222 3 0 562 271 563
223 3 0 564 563 256
224 3 0 185 565 566
225 3 0 565 563 566
226 3 0 565 256 563
227 3 0 566 563 271
228 3 0 47 48 497
229 3 0 48 496 497
230 3 0 48 49 496
231 3 0 497 496 313
232 3 0 269 553 568
233 3 0 553 567 568
234 3 0 553 298 567
235 3 0 568 567 365
236 3 0 170 557 570
237 3 0 557 569 570
238 3 0 557 213 569
239 3 0 570 569 306
240 3 0 25 571 573
241 3 0 571 572 573
242 3 0 571 400 572
243 3 0 573 572 251
244 3 0 166 574 521
245 3 0 574 575 521
246 3 0 574 266 575
247 3 0 521 575 244
248 3 0 145 576 578
249 3 0 576 577 578
250 3 0 576 266 577
251 3 0 578 577 223
252 3 0 193 579 581
253 3 0 579 580 581
254 3 0 579 302 580
255 3 0 581 580 315
256 3 0 155 582 583
257 3 0 582 457 583
258 3 0 582 385 457
259 3 0 583 457 364
260 3 0 220 454 585
261 3 0 454 584 585
262 3 0 454 267 584
263 3 0 585 584 392
264 3 0 392 584 587
265 3 0 584 586 587
266 3 0 584 267 586
267 3 0 587 586 140
268 3 0 41 460 589
269 3 0 460 588 589
270 3 0 460 214 588
271 3 0 589 588 272
272 3 0 79 80 591
273 3 0 80 590 591
274 3 0 80 81 590
275 3 0 591 590 227
276 3 0 145 578 593
277 3 0 578 592 593
278 3 0 578 223 592
279 3 0 593 592 271
280 3 0 185 566 594
281 3 0 566 592 594
282 3 0 566 271 592
283 3 0 594 592 223
284 3 0 142 595 597
285 3 0 595 596 597
286 3 0 595 318 596
287 3 0 597 596 268
288 3 0 206 598 600
289 3 0 598 599 600
290 3 0 598 248 599
291 3 0 600 599 335
292 3 0 141 601 602
293 3 0 601 599 602
294 3 0 601 335 599
295 3 0 602 599 248
296 3 0 29 30 604
297 3 0 30 603 604
298 3 0 30 31 603
299 3 0 604 603 281
300 3 0 268 596 606
301 3 0 596 605 606
302 3 0 596 318 605
303 3 0 606 605 367
304 3 0 60 61 608
305 3 0 61 607 608
306 3 0 61 62 607
307 3 0 608 607 230
308 3 0 128 129 610
309 3 0 129 609 610
310 3 0 129 130 609
311 3 0 610 609 231
312 3 0 224 611 490
313 3 0 611 612 490
314 3 0 611 325 612
315 3 0 490 612 254
316 3 0 169 613 615
317 3 0 613 614 615
318 3 0 613 351 614
319 3 0 615 614 378
320 3 0 43 616 459
321 3 0 616 617 459
322 3 0 616 293 617
323 3 0 459 617 214
324 3 0 223 577 619
325 3 0 577 618 619
326 3 0 577 266 618
327 3 0 619 618 414
328 3 0 23 24 620
329 3 0 24 573 620
330 3 0 24 25 573
331 3 0 620 573 251
332 3 0 212 442 622
333 3 0 442 621 622
334 3 0 442 295 621
335 3 0 622 621 419
336 3 0 62 623 607
337 3 0 623 514 607
338 3 0 623 262 514
339 3 0 607 514 230
340 3 0 130 624 609
341 3 0 624 516 609
342 3 0 624 263 516
343 3 0 609 516 231
344 3 0 31 625 603
345 3 0 625 626 603
346 3 0 625 387 626
347 3 0 603 626 281
348 3 0 282 627 629
349 3 0 627 628 629
350 3 0 627 383 628
351 3 0 629 628 336
352 3 0 157 630 632
353 3 0 630 631 632
354 3 0 630 214 631
355 3 0 632 631 362
356 3 0 213 633 634
357 3 0 633 572 634
358 3 0 633 251 572
359 3 0 634 572 400
360 3 0 145 534 636
361 3 0 534 635 636
362 3 0 534 278 635
363 3 0 636 635 244
364 3 0 157 637 630
365 3 0 637 638 630
366 3 0 637 314 638
367 3 0 630 638 214
368 3 0 143 639 641
369 3 0 639 640 641
370 3 0 639 401 640
371 3 0 641 640 226
372 3 0 165 642 643
373 3 0 642 522 643
374 3 0 642 228 522
375 3 0 643 522 244
376 3 0 275 644 646
377 3 0 644 645 646
378 3 0 644 339 645
379 3 0 646 645 382
380 3 0 151 647 648
381 3 0 647 644 648
382 3 0 647 339 644
383 3 0 648 644 275
384 3 0 163 649 510
385 3 0 649 650 510
386 3 0 649 234 650
387 3 0 510 650 294
388 3 0 205 651 652
389 3 0 651 618 652
390 3 0 651 414 618
391 3 0 652 618 266
392 3 0 85 86 654
393 3 0 86 653 654
394 3 0 86 87 653
395 3 0 654 653 284
396 3 0 101 655 527
397 3 0 655 656 527
398 3 0 655 321 656
399 3 0 527 656 216
400 3 0 146 657 659
401 3 0 657 658 659
402 3 0 657 279 658
403 3 0 659 658 225
404 3 0 171 660 661
405 3 0 660 658 661
406 3 0 660 225 658
407 3 0 661 658 279
408 3 0 195 662 664
409 3 0 662 663 664
410 3 0 662 245 663
411 3 0 664 663 336
412 3 0 171 665 666
413 3 0 665 462 666
414 3 0 665 226 462
415 3 0 666 462 257
416 3 0 216 656 668
417 3 0 656 667 668
418 3 0 656 321 667
419 3 0 668 667 356
420 3 0 194 669 670
421 3 0 669 629 670
422 3 0 669 282 629
423 3 0 670 629 336
424 3 0 226 640 672
425 3 0 640 671 672
426 3 0 640 401 671
427 3 0 672 671 265
428 3 0 145 673 532
429 3 0 673 674 532
430 3 0 673 408 674
431 3 0 532 674 215
432 3 0 142 597 675
433 3 0 597 470 675
434 3 0 597 268 470
435 3 0 675 470 222
436 3 0 213 676 633
437 3 0 676 677 633
438 3 0 676 329 677
439 3 0 633 677 251
440 3 0 79 591 679
441 3 0 591 678 679
442 3 0 591 227 678
443 3 0 679 678 343
444 3 0 195 664 681
445 3 0 664 680 681
446 3 0 664 336 680
447 3 0 681 680 349
448 3 0 15 16 682
449 3 0 16 519 682
450 3 0 16 17 519
451 3 0 682 519 409
452 3 0 149 683 685
453 3 0 683 684 685
454 3 0 683 217 684
455 3 0 685 684 424
456 3 0 150 686 688
457 3 0 686 687 688
458 3 0 686 218 687
459 3 0 688 687 425
460 3 0 47 499 690
461 3 0 499 689 690
462 3 0 499 219 689
463 3 0 690 689 323
464 3 0 144 691 693
465 3 0 691 692 693
466 3 0 691 250 692
467 3 0 693 692 338
468 3 0 201 694 695
469 3 0 694 692 695
470 3 0 694 338 692
471 3 0 695 692 250
472 3 0 213 556 676
473 3 0 556 696 676
474 3 0 556 406 696
475 3 0 676 696 329
476 3 0 99 528 698
477 3 0 528 697 698
478 3 0 528 216 697
479 3 0 698 697 303
480 3 0 188 699 701
481 3 0 699 700 701
482 3 0 699 289 700
483 3 0 701 700 242
484 3 0 189 702 704
485 3 0 702 703 704
486 3 0 702 290 703
487 3 0 704 703 243
488 3 0 172 705 706
489 3 0 705 700 706
490 3 0 705 242 700
491 3 0 706 700 289
492 3 0 173 707 708
493 3 0 707 703 708
494 3 0 707 243 703
495 3 0 708 703 290
496 3 0 174 709 711
497 3 0 709 710 711
498 3 0 709 287 710
499 3 0 711 710 241
500 3 0 175 712 714
501 3 0 712 713 714
502 3 0 712 288 713
503 3 0 714 713 240
504 3 0 191 715 716
505 3 0 715 710 716
506 3 0 715 241 710
507 3 0 716 710 287
508 3 0 190 717 718
509 3 0 717 713 718
510 3 0 717 240 713
511 3 0 718 713 288
512 3 0 152 719 481
513 3 0 719 720 481
514 3 0 719 353 720
515 3 0 481 720 247
516 3 0 206 721 722
517 3 0 721 720 722
518 3 0 721 247 720
519 3 0 722 720 353
520 3 0 162 491 483
521 3 0 491 492 483
522 3 0 491 254 492
523 3 0 483 492 232
524 3 0 169 489 613
525 3 0 489 723 613
526 3 0 489 297 723
527 3 0 613 723 351
528 3 0 185 724 725
529 3 0 724 667 725
530 3 0 724 356 667
531 3 0 725 667 321
532 3 0 207 726 728
533 3 0 726 727 728
534 3 0 726 324 727
535 3 0 728 727 317
536 3 0 151 729 505
537 3 0 729 484 505
538 3 0 729 257 484
539 3 0 505 484 232
540 3 0 171 661 731
541 3 0 661 730 731
542 3 0 661 279 730
543 3 0 731 730 221
544 3 0 167 531 733
545 3 0 531 732 733
546 3 0 531 286 732
547 3 0 733 732 225
548 3 0 181 734 736
549 3 0 734 735 736
550 3 0 734 329 735
551 3 0 736 735 250
552 3 0 229 737 739
553 3 0 737 738 739
554 3 0 737 409 738
555 3 0 739 738 358
556 3 0 60 608 741
557 3 0 608 740 741
558 3 0 608 230 740
559 3 0 741 740 344
560 3 0 128 610 743
561 3 0 610 742 743
562 3 0 610 231 742
563 3 0 743 742 345
564 3 0 162 463 432
565 3 0 463 672 432
566 3 0 463 226 672
567 3 0 432 672 265
568 3 0 19 20 745
569 3 0 20 744 745
570 3 0 20 21 744
571 3 0 745 744 235
572 3 0 87 746 653
573 3 0 746 747 653
574 3 0 746 371 747
575 3 0 653 747 284
576 3 0 182 748 750
577 3 0 748 749 750
578 3 0 748 219 749
579 3 0 750 749 305
580 3 0 33 751 753
581 3 0 751 752 753
582 3 0 751 316 752
583 3 0 753 752 270
584 3 0 115 116 447
585 3 0 116 754 447
586 3 0 116 117 754
587 3 0 447 754 300
588 3 0 75 76 756
589 3 0 76 755 756
590 3 0 76 77 755
591 3 0 756 755 239
592 3 0 56 57 758
593 3 0 57 757 758
594 3 0 57 58 757
595 3 0 758 757 242
596 3 0 124 125 760
597 3 0 125 759 760
598 3 0 125 126 759
599 3 0 760 759 243
600 3 0 66 67 762
601 3 0 67 761 762
602 3 0 67 68 761
603 3 0 762 761 240
604 3 0 134 135 764
605 3 0 135 763 764
606 3 0 135 136 763
607 3 0 764 763 241
608 3 0 13 765 766
609 3 0 765 737 766
610 3 0 765 409 737
611 3 0 766 737 229
612 3 0 168 767 768
613 3 0 767 739 768
614 3 0 767 229 739
615 3 0 768 739 358
616 3 0 165 769 642
617 3 0 769 770 642
618 3 0 769 337 770
619 3 0 642 770 228
620 3 0 166 523 772
621 3 0 523 771 772
622 3 0 523 228 771
623 3 0 772 771 338
624 3 0 7 8 774
625 3 0 8 773 774
626 3 0 8 9 773
627 3 0 774 773 299
628 3 0 33 34 751
629 3 0 34 775 751
630 3 0 34 35 775
631 3 0 751 775 316
632 3 0 150 776 778
633 3 0 776 777 778
634 3 0 776 287 777
635 3 0 778 777 372
636 3 0 29 604 780
637 3 0 604 779 780
638 3 0 604 281 779
639 3 0 780 779 306
640 3 0 150 781 686
641 3 0 781 782 686
642 3 0 781 310 782
643 3 0 686 782 218
644 3 0 27 28 783
645 3 0 28 780 783
646 3 0 28 29 780
647 3 0 783 780 306
648 3 0 103 104 785
649 3 0 104 784 785
650 3 0 104 105 784
651 3 0 785 784 256
652 3 0 178 786 787
653 3 0 786 580 787
654 3 0 786 315 580
655 3 0 787 580 302
656 3 0 409 518 738
657 3 0 518 548 738
658 3 0 518 211 548
659 3 0 738 548 358
660 3 0 149 788 790
661 3 0 788 789 790
662 3 0 788 246 789
663 3 0 790 789 340
664 3 0 164 791 793
665 3 0 791 792 793
666 3 0 791 264 792
667 3 0 793 792 255
668 3 0 187 794 795
669 3 0 794 678 795
670 3 0 794 343 678
671 3 0 795 678 227
672 3 0 167 733 797
673 3 0 733 796 797
674 3 0 733 225 796
675 3 0 797 796 275
676 3 0 62 63 623
677 3 0 63 798 623
678 3 0 63 64 798
679 3 0 623 798 262
680 3 0 130 131 624
681 3 0 131 799 624
682 3 0 131 132 799
683 3 0 624 799 263
684 3 0 143 800 802
685 3 0 800 801 802
686 3 0 800 391 801
687 3 0 802 801 294
688 3 0 221 446 803
689 3 0 446 801 803
690 3 0 446 294 801
691 3 0 803 801 391
692 3 0 182 804 748
693 3 0 804 689 748
694 3 0 804 323 689
695 3 0 748 689 219
696 3 0 150 778 806
697 3 0 778 805 806
698 3 0 778 372 805
699 3 0 806 805 326
700 3 0 159 807 809
701 3 0 807 808 809
702 3 0 807 227 808
703 3 0 809 808 390
704 3 0 149 790 683
705 3 0 790 810 683
706 3 0 790 340 810
707 3 0 683 810 217
708 3 0 164 811 791
709 3 0 811 812 791
710 3 0 811 330 812
711 3 0 791 812 264
712 3 0 81 813 590
713 3 0 813 814 590
714 3 0 813 291 814
715 3 0 590 814 227
716 3 0 217 815 817
717 3 0 815 816 817
718 3 0 815 179 816
719 3 0 817 816 379
720 3 0 410 818 819
721 3 0 818 815 819
722 3 0 818 179 815
723 3 0 819 815 217
724 3 0 200 495 821
725 3 0 495 820 821
726 3 0 495 220 820
727 3 0 821 820 384
728 3 0 147 822 824
729 3 0 822 823 824
730 3 0 822 305 823
731 3 0 824 823 289
732 3 0 179 825 826
733 3 0 825 727 826
734 3 0 825 317 727
735 3 0 826 727 324
736 3 0 202 827 829
737 3 0 827 828 829
738 3 0 827 278 828
739 3 0 829 828 389
740 3 0 215 830 533
741 3 0 830 828 533
742 3 0 830 389 828
743 3 0 533 828 278
744 3 0 188 831 832
745 3 0 831 740 832
746 3 0 831 344 740
747 3 0 832 740 230
748 3 0 189 833 834
749 3 0 833 742 834
750 3 0 833 345 742
751 3 0 834 742 231
752 3 0 173 835 837
753 3 0 835 836 837
754 3 0 835 421 836
755 3 0 837 836 259
756 3 0 103 785 839
757 3 0 785 838 839
758 3 0 785 256 838
759 3 0 839 838 321
760 3 0 146 659 840
761 3 0 659 732 840
762 3 0 659 225 732
763 3 0 840 732 286
764 3 0 250 735 842
765 3 0 735 841 842
766 3 0 735 329 841
767 3 0 842 841 364
768 3 0 183 843 845
769 3 0 843 844 845
770 3 0 843 252 844
771 3 0 845 844 310
772 3 0 9 846 773
773 3 0 846 847 773
774 3 0 846 412 847
775 3 0 773 847 299
776 3 0 171 731 848
777 3 0 731 803 848
778 3 0 731 221 803
779 3 0 848 803 391
780 3 0 174 849 851
781 3 0 849 850 851
782 3 0 849 260 850
783 3 0 851 850 420
784 3 0 173 524 835
785 3 0 524 852 835
786 3 0 524 300 852
787 3 0 835 852 421
788 3 0 164 853 811
789 3 0 853 854 811
790 3 0 853 280 854
791 3 0 811 854 330
792 3 0 204 855 856
793 3 0 855 854 856
794 3 0 855 330 854
795 3 0 856 854 280
796 3 0 164 857 853
797 3 0 857 858 853
798 3 0 857 331 858
799 3 0 853 858 280
800 3 0 203 859 860
801 3 0 859 858 860
802 3 0 859 280 858
803 3 0 860 858 331
804 3 0 181 736 862
805 3 0 736 861 862
806 3 0 736 250 861
807 3 0 862 861 407
808 3 0 185 594 724
809 3 0 594 863 724
810 3 0 594 223 863
811 3 0 724 863 356
812 3 0 407 864 862
813 3 0 864 865 862
814 3 0 864 322 865
815 3 0 862 865 181
816 3 0 178 787 867
817 3 0 787 866 867
818 3 0 787 302 866
819 3 0 867 866 238
820 3 0 148 868 869
821 3 0 868 866 869
822 3 0 868 238 866
823 3 0 869 866 302
824 3 0 148 870 872
825 3 0 870 871 872
826 3 0 870 292 871
827 3 0 872 871 328
828 3 0 153 873 875
829 3 0 873 874 875
830 3 0 873 383 874
831 3 0 875 874 224
832 3 0 197 876 877
833 3 0 876 874 877
834 3 0 876 224 874
835 3 0 877 874 383
836 3 0 145 636 576
837 3 0 636 575 576
838 3 0 636 244 575
839 3 0 576 575 266
840 3 0 215 878 830
841 3 0 878 879 830
842 3 0 878 319 879
843 3 0 830 879 389
844 3 0 212 542 488
845 3 0 542 880 488
846 3 0 542 402 880
847 3 0 488 880 297
848 3 0 19 745 882
849 3 0 745 881 882
850 3 0 745 235 881
851 3 0 882 881 301
852 3 0 164 793 857
853 3 0 793 883 857
854 3 0 793 255 883
855 3 0 857 883 331
856 3 0 195 884 885
857 3 0 884 883 885
858 3 0 884 331 883
859 3 0 885 883 255
860 3 0 174 851 887
861 3 0 851 886 887
862 3 0 851 420 886
863 3 0 887 886 299
864 3 0 193 581 889
865 3 0 581 888 889
866 3 0 581 315 888
867 3 0 889 888 285
868 3 0 196 890 891
869 3 0 890 812 891
870 3 0 890 264 812
871 3 0 891 812 330
872 3 0 168 892 767
873 3 0 892 893 767
874 3 0 892 394 893
875 3 0 767 893 229
876 3 0 235 894 895
877 3 0 894 864 895
878 3 0 894 322 864
879 3 0 895 864 407
880 3 0 13 14 765
881 3 0 14 682 765
882 3 0 14 15 682
883 3 0 765 682 409
884 3 0 211 526 550
885 3 0 526 896 550
886 3 0 526 301 896
887 3 0 550 896 388
888 3 0 193 897 899
889 3 0 897 898 899
890 3 0 897 295 898
891 3 0 899 898 292
892 3 0 169 900 441
893 3 0 900 898 441
894 3 0 900 292 898
895 3 0 441 898 295
896 3 0 204 901 536
897 3 0 901 650 536
898 3 0 901 294 650
899 3 0 536 650 234
900 3 0 168 902 475
901 3 0 902 903 475
902 3 0 902 274 903
903 3 0 475 903 326
904 3 0 183 904 906
905 3 0 904 905 906
906 3 0 904 386 905
907 3 0 906 905 220
908 3 0 250 907 861
909 3 0 907 908 861
910 3 0 907 298 908
911 3 0 861 908 407
912 3 0 223 619 863
913 3 0 619 909 863
914 3 0 619 414 909
915 3 0 863 909 356
916 3 0 292 910 871
917 3 0 910 911 871
918 3 0 910 378 911
919 3 0 871 911 328
920 3 0 183 906 912
921 3 0 906 585 912
922 3 0 906 220 585
923 3 0 912 585 392
924 3 0 246 913 789
925 3 0 913 914 789
926 3 0 913 423 914
927 3 0 789 914 340
928 3 0 146 915 657
929 3 0 915 916 657
930 3 0 915 253 916
931 3 0 657 916 279
932 3 0 176 917 918
933 3 0 917 881 918
934 3 0 917 301 881
935 3 0 918 881 235
936 3 0 158 919 920
937 3 0 919 909 920
938 3 0 919 356 909
939 3 0 920 909 414
940 3 0 184 921 922
941 3 0 921 458 922
942 3 0 921 222 458
943 3 0 922 458 385
944 3 0 184 487 921
945 3 0 487 923 921
946 3 0 487 348 923
947 3 0 921 923 222
948 3 0 142 675 924
949 3 0 675 923 924
950 3 0 675 222 923
951 3 0 924 923 348
952 3 0 202 925 927
953 3 0 925 926 927
954 3 0 925 350 926
955 3 0 927 926 285
956 3 0 165 643 928
957 3 0 643 635 928
958 3 0 643 244 635
959 3 0 928 635 278
960 3 0 168 768 930
961 3 0 768 929 930
962 3 0 768 358 929
963 3 0 930 929 273
964 3 0 203 931 933
965 3 0 931 932 933
966 3 0 931 349 932
967 3 0 933 932 334
968 3 0 156 934 935
969 3 0 934 879 935
970 3 0 934 389 879
971 3 0 935 879 319
972 3 0 209 936 511
973 3 0 936 614 511
974 3 0 936 378 614
975 3 0 511 614 351
976 3 0 289 823 938
977 3 0 823 937 938
978 3 0 823 305 937
979 3 0 938 937 415
980 3 0 170 474 940
981 3 0 474 939 940
982 3 0 474 339 939
983 3 0 940 939 277
984 3 0 197 941 876
985 3 0 941 611 876
986 3 0 941 325 611
987 3 0 876 611 224
988 3 0 185 725 565
989 3 0 725 838 565
990 3 0 725 321 838
991 3 0 565 838 256
992 3 0 173 708 500
993 3 0 708 942 500
994 3 0 708 290 942
995 3 0 500 942 328
996 3 0 207 728 944
997 3 0 728 943 944
998 3 0 728 317 943
999 3 0 944 943 236
1000 3 0 168 930 902
1001 3 0 930 945 902
1002 3 0 930 273 945
1003 3 0 902 945 274
1004 3 0 183 946 947
1005 3 0 946 945 947
1006 3 0 946 274 945
1007 3 0 947 945 273
1008 3 0 171 848 665
1009 3 0 848 948 665
1010 3 0 848 391 948
1011 3 0 665 948 226
1012 3 0 202 829 925
1013 3 0 829 949 925
1014 3 0 829 389 949
1015 3 0 925 949 350
1016 3 0 170 950 555
1017 3 0 950 951 555
1018 3 0 950 276 951
1019 3 0 555 951 406
1020 3 0 160 437 953
1021 3 0 437 952 953
1022 3 0 437 308 952
1023 3 0 953 952 379
1024 3 0 161 440 955
1025 3 0 440 954 955
1026 3 0 440 309 954
1027 3 0 955 954 380
1028 3 0 217 817 956
1029 3 0 817 952 956
1030 3 0 817 379 952
1031 3 0 956 952 308
1032 3 0 218 957 958
1033 3 0 957 954 958
1034 3 0 957 380 954
1035 3 0 958 954 309
1036 3 0 198 452 960
1037 3 0 452 959 960
1038 3 0 452 247 959
1039 3 0 960 959 390
1040 3 0 206 722 598
1041 3 0 722 961 598
1042 3 0 722 353 961
1043 3 0 598 961 248
1044 3 0 153 875 962
1045 3 0 875 433 962
1046 3 0 875 224 433
1047 3 0 962 433 334
1048 3 0 188 832 964
1049 3 0 832 963 964
1050 3 0 832 230 963
1051 3 0 964 963 354
1052 3 0 189 834 966
1053 3 0 834 965 966
1054 3 0 834 231 965
1055 3 0 966 965 355
1056 3 0 160 967 513
1057 3 0 967 963 513
1058 3 0 967 354 963
1059 3 0 513 963 230
1060 3 0 161 968 515
1061 3 0 968 965 515
1062 3 0 968 355 965
1063 3 0 515 965 231
1064 3 0 171 969 660
1065 3 0 969 970 660
1066 3 0 969 381 970
1067 3 0 660 970 225
1068 3 0 227 814 808
1069 3 0 814 971 808
1070 3 0 814 291 971
1071 3 0 808 971 390
1072 3 0 184 972 508
1073 3 0 972 973 508
1074 3 0 972 276 973
1075 3 0 508 973 277
1076 3 0 170 940 950
1077 3 0 940 973 950
1078 3 0 940 277 973
1079 3 0 950 973 276
1080 3 0 149 974 976
1081 3 0 974 975 976
1082 3 0 974 288 975
1083 3 0 976 975 422
1084 3 0 218 958 687
1085 3 0 958 977 687
1086 3 0 958 309 977
1087 3 0 687 977 425
1088 3 0 217 956 684
1089 3 0 956 978 684
1090 3 0 956 308 978
1091 3 0 684 978 424
1092 3 0 288 979 975
1093 3 0 979 980 975
1094 3 0 979 311 980
1095 3 0 975 980 422
1096 3 0 156 981 982
1097 3 0 981 621 982
1098 3 0 981 419 621
1099 3 0 982 621 295
1100 3 0 95 983 985
1101 3 0 983 984 985
1102 3 0 983 245 984
1103 3 0 985 984 366
1104 3 0 39 40 986
1105 3 0 40 589 986
1106 3 0 40 41 589
1107 3 0 986 589 272
1108 3 0 176 987 917
1109 3 0 987 896 917
1110 3 0 987 388 896
1111 3 0 917 896 301
1112 3 0 187 795 989
1113 3 0 795 988 989
1114 3 0 795 227 988
1115 3 0 989 988 393
1116 3 0 143 641 800
1117 3 0 641 948 800
1118 3 0 641 226 948
1119 3 0 800 948 391
1120 3 0 187 990 992
1121 3 0 990 991 992
1122 3 0 990 311 991
1123 3 0 992 991 239
1124 3 0 175 993 994
1125 3 0 993 991 994
1126 3 0 993 239 991
1127 3 0 994 991 311
1128 3 0 177 995 997
1129 3 0 995 996 997
1130 3 0 995 327 996
1131 3 0 997 996 233
1132 3 0 141 998 999
1133 3 0 998 943 999
1134 3 0 998 236 943
1135 3 0 999 943 317
1136 3 0 39 986 1001
1137 3 0 986 1000 1001
1138 3 0 986 272 1000
1139 3 0 1001 1000 296
1140 3 0 13 766 1002
1141 3 0 766 893 1002
1142 3 0 766 229 893
1143 3 0 1002 893 394
1144 3 0 43 44 616
1145 3 0 44 1003 616
1146 3 0 44 45 1003
1147 3 0 616 1003 293
1148 3 0 165 1004 769
1149 3 0 1004 1005 769
1150 3 0 1004 404 1005
1151 3 0 769 1005 337
1152 3 0 167 1006 543
1153 3 0 1006 752 543
1154 3 0 1006 270 752
1155 3 0 543 752 316
1156 3 0 166 772 1008
1157 3 0 772 1007 1008
1158 3 0 772 338 1007
1159 3 0 1008 1007 403
1160 3 0 144 1009 691
1161 3 0 1009 907 691
1162 3 0 1009 298 907
1163 3 0 691 907 250
1164 3 0 166 1010 574
1165 3 0 1010 1011 574
1166 3 0 1010 367 1011
1167 3 0 574 1011 266
1168 3 0 95 1012 983
1169 3 0 1012 1013 983
1170 3 0 1012 360 1013
1171 3 0 983 1013 245
1172 3 0 215 674 878
1173 3 0 674 1014 878
1174 3 0 674 408 1014
1175 3 0 878 1014 319
1176 3 0 81 82 813
1177 3 0 82 1015 813
1178 3 0 82 83 1015
1179 3 0 813 1015 291
1180 3 0 206 600 1017
1181 3 0 600 1016 1017
1182 3 0 600 335 1016
1183 3 0 1017 1016 312
1184 3 0 107 535 1018
1185 3 0 535 996 1018
1186 3 0 535 233 996
1187 3 0 1018 996 327
1188 3 0 159 1019 807
1189 3 0 1019 988 807
1190 3 0 1019 393 988
1191 3 0 807 988 227
1192 3 0 151 1020 729
1193 3 0 1020 1021 729
1194 3 0 1020 381 1021
1195 3 0 729 1021 257
1196 3 0 141 602 1023
1197 3 0 602 1022 1023
1198 3 0 602 248 1022
1199 3 0 1023 1022 368
1200 3 0 144 1024 1025
1201 3 0 1024 770 1025
1202 3 0 1024 228 770
1203 3 0 1025 770 337
1204 3 0 144 693 1024
1205 3 0 693 771 1024
1206 3 0 693 338 771
1207 3 0 1024 771 228
1208 3 0 216 668 1027
1209 3 0 668 1026 1027
1210 3 0 668 356 1026
1211 3 0 1027 1026 341
1212 3 0 252 1028 844
1213 3 0 1028 1029 844
1214 3 0 1028 416 1029
1215 3 0 844 1029 310
1216 3 0 206 1017 721
1217 3 0 1017 1030 721
1218 3 0 1017 312 1030
1219 3 0 721 1030 247
1220 3 0 146 840 1032
1221 3 0 840 1031 1032
1222 3 0 840 286 1031
1223 3 0 1032 1031 332
1224 3 0 54 1033 1035
1225 3 0 1033 1034 1035
1226 3 0 1033 376 1034
1227 3 0 1035 1034 258
1228 3 0 122 1036 1038
1229 3 0 1036 1037 1038
1230 3 0 1036 377 1037
1231 3 0 1038 1037 259
1232 3 0 138 1039 1041
1233 3 0 1039 1040 1041
1234 3 0 1039 260 1040
1235 3 0 1041 1040 374
1236 3 0 70 1042 1044
1237 3 0 1042 1043 1044
1238 3 0 1042 261 1043
1239 3 0 1044 1043 373
1240 3 0 73 1045 1047
1241 3 0 1045 1046 1047
1242 3 0 1045 375 1046
1243 3 0 1047 1046 261
1244 3 0 153 1048 873
1245 3 0 1048 628 873
1246 3 0 1048 336 628
1247 3 0 873 628 383
1248 3 0 180 1049 1050
1249 3 0 1049 1000 1050
1250 3 0 1049 296 1000
1251 3 0 1050 1000 272
1252 3 0 205 652 1051
1253 3 0 652 1011 1051
1254 3 0 652 266 1011
1255 3 0 1051 1011 367
1256 3 0 97 98 1052
1257 3 0 98 698 1052
1258 3 0 98 99 698
1259 3 0 1052 698 303
1260 3 0 158 1053 919
1261 3 0 1053 1026 919
1262 3 0 1053 341 1026
1263 3 0 919 1026 356
1264 3 0 89 1054 1056
1265 3 0 1054 1055 1056
1266 3 0 1054 264 1055
1267 3 0 1056 1055 371
1268 3 0 21 1057 744
1269 3 0 1057 894 744
1270 3 0 1057 322 894
1271 3 0 744 894 235
1272 3 0 45 46 1058
1273 3 0 46 690 1058
1274 3 0 46 47 690
1275 3 0 1058 690 323
1276 3 0 177 997 1060
1277 3 0 997 1059 1060
1278 3 0 997 233 1059
1279 3 0 1060 1059 319
1280 3 0 77 1061 755
1281 3 0 1061 1062 755
1282 3 0 1061 343 1062
1283 3 0 755 1062 239
1284 3 0 187 992 794
1285 3 0 992 1062 794
1286 3 0 992 239 1062
1287 3 0 794 1062 343
1288 3 0 190 1063 717
1289 3 0 1063 1064 717
1290 3 0 1063 346 1064
1291 3 0 717 1064 240
1292 3 0 191 1065 715
1293 3 0 1065 1066 715
1294 3 0 1065 347 1066
1295 3 0 715 1066 241
1296 3 0 66 762 1067
1297 3 0 762 1064 1067
1298 3 0 762 240 1064
1299 3 0 1067 1064 346
1300 3 0 134 764 1068
1301 3 0 764 1066 1068
1302 3 0 764 241 1066
1303 3 0 1068 1066 347
1304 3 0 58 1069 757
1305 3 0 1069 1070 757
1306 3 0 1069 344 1070
1307 3 0 757 1070 242
1308 3 0 126 1071 759
1309 3 0 1071 1072 759
1310 3 0 1071 345 1072
1311 3 0 759 1072 243
1312 3 0 188 701 831
1313 3 0 701 1070 831
1314 3 0 701 242 1070
1315 3 0 831 1070 344
1316 3 0 189 704 833
1317 3 0 704 1072 833
1318 3 0 704 243 1072
1319 3 0 833 1072 345
1320 3 0 172 1073 705
1321 3 0 1073 1074 705
1322 3 0 1073 376 1074
1323 3 0 705 1074 242
1324 3 0 173 1075 707
1325 3 0 1075 1076 707
1326 3 0 1075 377 1076
1327 3 0 707 1076 243
1328 3 0 175 1077 993
1329 3 0 1077 1078 993
1330 3 0 1077 375 1078
1331 3 0 993 1078 239
1332 3 0 175 714 1080
1333 3 0 714 1079 1080
1334 3 0 714 240 1079
1335 3 0 1080 1079 373
1336 3 0 174 711 1082
1337 3 0 711 1081 1082
1338 3 0 711 241 1081
1339 3 0 1082 1081 374
1340 3 0 168 504 892
1341 3 0 504 1083 892
1342 3 0 504 304 1083
1343 3 0 892 1083 394
1344 3 0 155 1084 1085
1345 3 0 1084 696 1085
1346 3 0 1084 329 696
1347 3 0 1085 696 406
1348 3 0 172 1086 1087
1349 3 0 1086 479 1087
1350 3 0 1086 313 479
1351 3 0 1087 479 258
1352 3 0 192 1088 1089
1353 3 0 1088 1016 1089
1354 3 0 1088 312 1016
1355 3 0 1089 1016 335
1356 3 0 157 1090 637
1357 3 0 1090 1091 637
1358 3 0 1090 249 1091
1359 3 0 637 1091 314
1360 3 0 180 1092 1093
1361 3 0 1092 1091 1093
1362 3 0 1092 314 1091
1363 3 0 1093 1091 249
1364 3 0 207 1094 726
1365 3 0 1094 1095 726
1366 3 0 1094 361 1095
1367 3 0 726 1095 324
1368 3 0 151 648 1020
1369 3 0 648 1096 1020
1370 3 0 648 275 1096
1371 3 0 1020 1096 381
1372 3 0 93 94 1097
1373 3 0 94 985 1097
1374 3 0 94 95 985
1375 3 0 1097 985 366
1376 3 0 195 885 1099
1377 3 0 885 1098 1099
1378 3 0 885 255 1098
1379 3 0 1099 1098 411
1380 3 0 142 1100 1101
1381 3 0 1100 612 1101
1382 3 0 1100 254 612
1383 3 0 1101 612 325
1384 3 0 159 1102 1103
1385 3 0 1102 1030 1103
1386 3 0 1102 247 1030
1387 3 0 1103 1030 312
1388 3 0 87 88 746
1389 3 0 88 1056 746
1390 3 0 88 89 1056
1391 3 0 746 1056 371
1392 3 0 54 55 1033
1393 3 0 55 1104 1033
1394 3 0 55 56 1104
1395 3 0 1033 1104 376
1396 3 0 122 123 1036
1397 3 0 123 1105 1036
1398 3 0 123 124 1105
1399 3 0 1036 1105 377
1400 3 0 68 69 1106
1401 3 0 69 1044 1106
1402 3 0 69 70 1044
1403 3 0 1106 1044 373
1404 3 0 136 137 1107
1405 3 0 137 1041 1107
1406 3 0 137 138 1041
1407 3 0 1107 1041 374
1408 3 0 73 74 1045
1409 3 0 74 1108 1045
1410 3 0 74 75 1108
1411 3 0 1045 1108 375
1412 3 0 154 551 1110
1413 3 0 551 1109 1110
1414 3 0 551 388 1109
1415 3 0 1110 1109 269
1416 3 0 37 38 1111
1417 3 0 38 1001 1111
1418 3 0 38 39 1001
1419 3 0 1111 1001 296
1420 3 0 177 564 995
1421 3 0 564 1112 995
1422 3 0 564 256 1112
1423 3 0 995 1112 327
1424 3 0 159 809 1102
1425 3 0 809 959 1102
1426 3 0 809 390 959
1427 3 0 1102 959 247
1428 3 0 56 758 1104
1429 3 0 758 1074 1104
1430 3 0 758 242 1074
1431 3 0 1104 1074 376
1432 3 0 124 760 1105
1433 3 0 760 1076 1105
1434 3 0 760 243 1076
1435 3 0 1105 1076 377
1436 3 0 136 1107 763
1437 3 0 1107 1081 763
1438 3 0 1107 374 1081
1439 3 0 763 1081 241
1440 3 0 68 1106 761
1441 3 0 1106 1079 761
1442 3 0 1106 373 1079
1443 3 0 761 1079 240
1444 3 0 75 756 1108
1445 3 0 756 1078 1108
1446 3 0 756 239 1078
1447 3 0 1108 1078 375
1448 3 0 153 962 1113
1449 3 0 962 932 1113
1450 3 0 962 334 932
1451 3 0 1113 932 349
1452 3 0 178 1114 786
1453 3 0 1114 1115 786
1454 3 0 1114 252 1115
1455 3 0 786 1115 315
1456 3 0 140 1116 1117
1457 3 0 1116 1115 1117
1458 3 0 1116 315 1115
1459 3 0 1117 1115 252
1460 3 0 212 622 541
1461 3 0 622 1118 541
1462 3 0 622 419 1118
1463 3 0 541 1118 233
1464 3 0 179 826 1120
1465 3 0 826 1119 1120
1466 3 0 826 324 1119
1467 3 0 1120 1119 237
1468 3 0 147 1121 1122
1469 3 0 1121 1119 1122
1470 3 0 1121 237 1119
1471 3 0 1122 1119 324
1472 3 0 148 869 870
1473 3 0 869 1123 870
1474 3 0 869 302 1123
1475 3 0 870 1123 292
1476 3 0 193 899 579
1477 3 0 899 1123 579
1478 3 0 899 292 1123
1479 3 0 579 1123 302
1480 3 0 163 1124 1126
1481 3 0 1124 1125 1126
1482 3 0 1124 333 1125
1483 3 0 1126 1125 248
1484 3 0 111 112 1128
1485 3 0 112 1127 1128
1486 3 0 112 113 1127
1487 3 0 1128 1127 297
1488 3 0 172 1087 1073
1489 3 0 1087 1034 1073
1490 3 0 1087 258 1034
1491 3 0 1073 1034 376
1492 3 0 173 837 1075
1493 3 0 837 1037 1075
1494 3 0 837 259 1037
1495 3 0 1075 1037 377
1496 3 0 175 1129 1077
1497 3 0 1129 1046 1077
1498 3 0 1129 261 1046
1499 3 0 1077 1046 375
1500 3 0 174 1082 849
1501 3 0 1082 1040 849
1502 3 0 1082 374 1040
1503 3 0 849 1040 260
1504 3 0 175 1080 1129
1505 3 0 1080 1043 1129
1506 3 0 1080 373 1043
1507 3 0 1129 1043 261
1508 3 0 23 620 1131
1509 3 0 620 1130 1131
1510 3 0 620 251 1130
1511 3 0 1131 1130 322
1512 3 0 163 1132 649
1513 3 0 1132 1133 649
1514 3 0 1132 417 1133
1515 3 0 649 1133 234
1516 3 0 176 918 1134
1517 3 0 918 895 1134
1518 3 0 918 235 895
1519 3 0 1134 895 407
1520 3 0 33 753 1136
1521 3 0 753 1135 1136
1522 3 0 753 270 1135
1523 3 0 1136 1135 387
1524 3 0 17 18 525
1525 3 0 18 882 525
1526 3 0 18 19 882
1527 3 0 525 882 301
1528 3 0 163 1137 1124
1529 3 0 1137 1138 1124
1530 3 0 1137 253 1138
1531 3 0 1124 1138 333
1532 3 0 248 961 1140
1533 3 0 961 1139 1140
1534 3 0 961 353 1139
1535 3 0 1140 1139 417
1536 3 0 203 933 1141
1537 3 0 933 430 1141
1538 3 0 933 334 430
1539 3 0 1141 430 265
1540 3 0 145 593 673
1541 3 0 593 1142 673
1542 3 0 593 271 1142
1543 3 0 673 1142 408
1544 3 0 199 540 1143
1545 3 0 540 626 1143
1546 3 0 540 281 626
1547 3 0 1143 626 387
1548 3 0 95 96 1012
1549 3 0 96 1144 1012
1550 3 0 96 97 1144
1551 3 0 1012 1144 360
1552 3 0 178 867 1146
1553 3 0 867 1145 1146
1554 3 0 867 238 1145
1555 3 0 1146 1145 380
1556 3 0 179 1120 816
1557 3 0 1120 1147 816
1558 3 0 1120 237 1147
1559 3 0 816 1147 379
1560 3 0 31 32 625
1561 3 0 32 1136 625
1562 3 0 32 33 1136
1563 3 0 625 1136 387
1564 3 0 180 1050 1092
1565 3 0 1050 1148 1092
1566 3 0 1050 272 1148
1567 3 0 1092 1148 314
1568 3 0 214 638 588
1569 3 0 638 1148 588
1570 3 0 638 314 1148
1571 3 0 588 1148 272
1572 3 0 152 546 719
1573 3 0 546 1149 719
1574 3 0 546 234 1149
1575 3 0 719 1149 353
1576 3 0 141 999 1151
1577 3 0 999 1150 1151
1578 3 0 999 317 1150
1579 3 0 1151 1150 283
1580 3 0 177 1060 1152
1581 3 0 1060 1014 1152
1582 3 0 1060 319 1014
1583 3 0 1152 1014 408
1584 3 0 181 865 1153
1585 3 0 865 1130 1153
1586 3 0 865 322 1130
1587 3 0 1153 1130 251
1588 3 0 170 570 472
1589 3 0 570 779 472
1590 3 0 570 306 779
1591 3 0 472 779 281
1592 3 0 208 1154 1156
1593 3 0 1154 1155 1156
1594 3 0 1154 372 1155
1595 3 0 1156 1155 299
1596 3 0 174 887 1157
1597 3 0 887 1155 1157
1598 3 0 887 299 1155
1599 3 0 1157 1155 372
1600 3 0 208 1156 1158
1601 3 0 1156 847 1158
1602 3 0 1156 299 847
1603 3 0 1158 847 412
1604 3 0 194 670 1159
1605 3 0 670 663 1159
1606 3 0 670 336 663
1607 3 0 1159 663 245
1608 3 0 186 1160 1162
1609 3 0 1160 1161 1162
1610 3 0 1160 357 1161
1611 3 0 1162 1161 236
1612 3 0 181 1153 734
1613 3 0 1153 677 734
1614 3 0 1153 251 677
1615 3 0 734 677 329
1616 3 0 183 845 946
1617 3 0 845 1163 946
1618 3 0 845 310 1163
1619 3 0 946 1163 274
1620 3 0 150 1164 781
1621 3 0 1164 1163 781
1622 3 0 1164 274 1163
1623 3 0 781 1163 310
1624 3 0 105 1165 784
1625 3 0 1165 1112 784
1626 3 0 1165 327 1112
1627 3 0 784 1112 256
1628 3 0 147 1122 1166
1629 3 0 1122 1095 1166
1630 3 0 1122 324 1095
1631 3 0 1166 1095 361
1632 3 0 158 1167 1169
1633 3 0 1167 1168 1169
1634 3 0 1167 342 1168
1635 3 0 1169 1168 282
1636 3 0 197 1170 1171
1637 3 0 1170 1168 1171
1638 3 0 1170 282 1168
1639 3 0 1171 1168 342
1640 3 0 186 1162 1173
1641 3 0 1162 1172 1173
1642 3 0 1162 236 1172
1643 3 0 1173 1172 368
1644 3 0 180 1093 1175
1645 3 0 1093 1174 1175
1646 3 0 1093 249 1174
1647 3 0 1175 1174 332
1648 3 0 113 114 1176
1649 3 0 114 512 1176
1650 3 0 114 115 512
1651 3 0 1176 512 351
1652 3 0 141 1023 998
1653 3 0 1023 1172 998
1654 3 0 1023 368 1172
1655 3 0 998 1172 236
1656 3 0 159 1177 1178
1657 3 0 1177 913 1178
1658 3 0 1177 423 913
1659 3 0 1178 913 246
1660 3 0 160 1179 967
1661 3 0 1179 1180 967
1662 3 0 1179 237 1180
1663 3 0 967 1180 354
1664 3 0 161 1181 968
1665 3 0 1181 1182 968
1666 3 0 1181 238 1182
1667 3 0 968 1182 355
1668 3 0 190 559 1063
1669 3 0 559 1183 1063
1670 3 0 559 262 1183
1671 3 0 1063 1183 346
1672 3 0 191 561 1065
1673 3 0 561 1184 1065
1674 3 0 561 263 1184
1675 3 0 1065 1184 347
1676 3 0 64 1185 798
1677 3 0 1185 1183 798
1678 3 0 1185 346 1183
1679 3 0 798 1183 262
1680 3 0 132 1186 799
1681 3 0 1186 1184 799
1682 3 0 1186 347 1184
1683 3 0 799 1184 263
1684 3 0 207 944 1188
1685 3 0 944 1187 1188
1686 3 0 944 236 1187
1687 3 0 1188 1187 398
1688 3 0 225 970 796
1689 3 0 970 1096 796
1690 3 0 970 381 1096
1691 3 0 796 1096 275
1692 3 0 186 1189 1190
1693 3 0 1189 1138 1190
1694 3 0 1189 333 1138
1695 3 0 1190 1138 253
1696 3 0 286 1191 1031
1697 3 0 1191 1192 1031
1698 3 0 1191 395 1192
1699 3 0 1031 1192 332
1700 3 0 180 1193 1049
1701 3 0 1193 1194 1049
1702 3 0 1193 395 1194
1703 3 0 1049 1194 296
1704 3 0 210 1195 1196
1705 3 0 1195 1194 1196
1706 3 0 1195 296 1194
1707 3 0 1196 1194 395
1708 3 0 186 1197 1199
1709 3 0 1197 1198 1199
1710 3 0 1197 359 1198
1711 3 0 1199 1198 249
1712 3 0 45 1058 1003
1713 3 0 1058 1200 1003
1714 3 0 1058 323 1200
1715 3 0 1003 1200 293
1716 3 0 144 1201 1009
1717 3 0 1201 567 1009
1718 3 0 1201 365 567
1719 3 0 1009 567 298
1720 3 0 194 1159 1202
1721 3 0 1159 1013 1202
1722 3 0 1159 245 1013
1723 3 0 1202 1013 360
1724 3 0 147 1203 1121
1725 3 0 1203 1204 1121
1726 3 0 1203 369 1204
1727 3 0 1121 1204 237
1728 3 0 148 1205 868
1729 3 0 1205 1206 868
1730 3 0 1205 370 1206
1731 3 0 868 1206 238
1732 3 0 196 1207 1208
1733 3 0 1207 747 1208
1734 3 0 1207 284 747
1735 3 0 1208 747 371
1736 3 0 183 912 843
1737 3 0 912 1209 843
1738 3 0 912 392 1209
1739 3 0 843 1209 252
1740 3 0 160 953 1179
1741 3 0 953 1147 1179
1742 3 0 953 379 1147
1743 3 0 1179 1147 237
1744 3 0 161 955 1181
1745 3 0 955 1145 1181
1746 3 0 955 380 1145
1747 3 0 1181 1145 238
1748 3 0 149 976 788
1749 3 0 976 1210 788
1750 3 0 976 422 1210
1751 3 0 788 1210 246
1752 3 0 198 1211 450
1753 3 0 1211 1212 450
1754 3 0 1211 284 1212
1755 3 0 450 1212 320
1756 3 0 186 1199 1160
1757 3 0 1199 1213 1160
1758 3 0 1199 249 1213
1759 3 0 1160 1213 357
1760 3 0 157 1214 1090
1761 3 0 1214 1213 1090
1762 3 0 1214 357 1213
1763 3 0 1090 1213 249
1764 3 0 157 632 1216
1765 3 0 632 1215 1216
1766 3 0 632 362 1215
1767 3 0 1216 1215 307
1768 3 0 154 1110 1218
1769 3 0 1110 1217 1218
1770 3 0 1110 269 1217
1771 3 0 1218 1217 384
1772 3 0 200 821 1219
1773 3 0 821 1217 1219
1774 3 0 821 384 1217
1775 3 0 1219 1217 269
1776 3 0 105 106 1165
1777 3 0 106 1018 1165
1778 3 0 106 107 1018
1779 3 0 1165 1018 327
1780 3 0 159 1178 1019
1781 3 0 1178 1220 1019
1782 3 0 1178 246 1220
1783 3 0 1019 1220 393
1784 3 0 195 1221 662
1785 3 0 1221 984 662
1786 3 0 1221 366 984
1787 3 0 662 984 245
1788 3 0 21 22 1057
1789 3 0 22 1131 1057
1790 3 0 22 23 1131
1791 3 0 1057 1131 322
1792 3 0 175 994 712
1793 3 0 994 979 712
1794 3 0 994 311 979
1795 3 0 712 979 288
1796 3 0 248 1125 1022
1797 3 0 1125 1222 1022
1798 3 0 1125 333 1222
1799 3 0 1022 1222 368
1800 3 0 37 1111 1224
1801 3 0 1111 1223 1224
1802 3 0 1111 296 1223
1803 3 0 1224 1223 399
1804 3 0 153 1113 1048
1805 3 0 1113 680 1048
1806 3 0 1113 349 680
1807 3 0 1048 680 336
1808 3 0 182 750 1226
1809 3 0 750 1225 1226
1810 3 0 750 305 1225
1811 3 0 1226 1225 361
1812 3 0 187 1227 1228
1813 3 0 1227 1210 1228
1814 3 0 1227 246 1210
1815 3 0 1228 1210 422
1816 3 0 163 1126 1132
1817 3 0 1126 1140 1132
1818 3 0 1126 248 1140
1819 3 0 1132 1140 417
1820 3 0 142 924 1100
1821 3 0 924 493 1100
1822 3 0 924 348 493
1823 3 0 1100 493 254
1824 3 0 186 1190 1197
1825 3 0 1190 1229 1197
1826 3 0 1190 253 1229
1827 3 0 1197 1229 359
1828 3 0 146 1230 915
1829 3 0 1230 1229 915
1830 3 0 1230 359 1229
1831 3 0 915 1229 253
1832 3 0 199 1231 539
1833 3 0 1231 645 539
1834 3 0 1231 382 645
1835 3 0 539 645 339
1836 3 0 143 1232 639
1837 3 0 1232 1233 639
1838 3 0 1232 280 1233
1839 3 0 639 1233 401
1840 3 0 210 1234 1195
1841 3 0 1234 1223 1195
1842 3 0 1234 399 1223
1843 3 0 1195 1223 296
1844 3 0 140 1235 1116
1845 3 0 1235 888 1116
1846 3 0 1235 285 888
1847 3 0 1116 888 315
1848 3 0 182 1226 1237
1849 3 0 1226 1236 1237
1850 3 0 1226 361 1236
1851 3 0 1237 1236 307
1852 3 0 179 1238 825
1853 3 0 1238 1150 825
1854 3 0 1238 283 1150
1855 3 0 825 1150 317
1856 3 0 111 1128 1239
1857 3 0 1128 880 1239
1858 3 0 1128 297 880
1859 3 0 1239 880 402
1860 3 0 187 989 1227
1861 3 0 989 1220 1227
1862 3 0 989 393 1220
1863 3 0 1227 1220 246
1864 3 0 158 1169 1053
1865 3 0 1169 1240 1053
1866 3 0 1169 282 1240
1867 3 0 1053 1240 341
1868 3 0 194 1241 669
1869 3 0 1241 1240 669
1870 3 0 1241 341 1240
1871 3 0 669 1240 282
1872 3 0 201 695 464
1873 3 0 695 842 464
1874 3 0 695 250 842
1875 3 0 464 842 364
1876 3 0 150 806 1164
1877 3 0 806 903 1164
1878 3 0 806 326 903
1879 3 0 1164 903 274
1880 3 0 167 1242 1006
1881 3 0 1242 1243 1006
1882 3 0 1242 382 1243
1883 3 0 1006 1243 270
1884 3 0 199 1244 1231
1885 3 0 1244 1243 1231
1886 3 0 1244 270 1243
1887 3 0 1231 1243 382
1888 3 0 195 1099 1221
1889 3 0 1099 1245 1221
1890 3 0 1099 411 1245
1891 3 0 1221 1245 366
1892 3 0 178 1246 1114
1893 3 0 1246 1028 1114
1894 3 0 1246 416 1028
1895 3 0 1114 1028 252
1896 3 0 172 1247 1086
1897 3 0 1247 1248 1086
1898 3 0 1247 415 1248
1899 3 0 1086 1248 313
1900 3 0 219 498 1249
1901 3 0 498 1248 1249
1902 3 0 498 313 1248
1903 3 0 1249 1248 415
1904 3 0 183 947 904
1905 3 0 947 1250 904
1906 3 0 947 273 1250
1907 3 0 904 1250 386
1908 3 0 101 102 655
1909 3 0 102 839 655
1910 3 0 102 103 839
1911 3 0 655 839 321
1912 3 0 196 1251 1207
1913 3 0 1251 1212 1207
1914 3 0 1251 320 1212
1915 3 0 1207 1212 284
1916 3 0 97 1052 1144
1917 3 0 1052 1252 1144
1918 3 0 1052 303 1252
1919 3 0 1144 1252 360
1920 3 0 182 1253 804
1921 3 0 1253 1200 804
1922 3 0 1253 293 1200
1923 3 0 804 1200 323
1924 3 0 11 12 1254
1925 3 0 12 1002 1254
1926 3 0 12 13 1002
1927 3 0 1254 1002 394
1928 3 0 184 922 972
1929 3 0 922 1255 972
1930 3 0 922 385 1255
1931 3 0 972 1255 276
1932 3 0 140 1117 587
1933 3 0 1117 1209 587
1934 3 0 1117 252 1209
1935 3 0 587 1209 392
1936 3 0 179 818 1238
1937 3 0 818 1256 1238
1938 3 0 818 410 1256
1939 3 0 1238 1256 283
1940 3 0 83 1257 1015
1941 3 0 1257 1258 1015
1942 3 0 1257 363 1258
1943 3 0 1015 1258 291
1944 3 0 198 1259 1260
1945 3 0 1259 1258 1260
1946 3 0 1259 291 1258
1947 3 0 1260 1258 363
1948 3 0 141 1151 601
1949 3 0 1151 1261 601
1950 3 0 1151 283 1261
1951 3 0 601 1261 335
1952 3 0 192 1089 1262
1953 3 0 1089 1261 1262
1954 3 0 1089 335 1261
1955 3 0 1262 1261 283
1956 3 0 163 509 1137
1957 3 0 509 1263 1137
1958 3 0 509 397 1263
1959 3 0 1137 1263 253
1960 3 0 143 1264 1232
1961 3 0 1264 1265 1232
1962 3 0 1264 418 1265
1963 3 0 1232 1265 280
1964 3 0 148 872 1266
1965 3 0 872 942 1266
1966 3 0 872 328 942
1967 3 0 1266 942 290
1968 3 0 171 666 969
1969 3 0 666 1021 969
1970 3 0 666 257 1021
1971 3 0 969 1021 381
1972 3 0 151 507 647
1973 3 0 507 939 647
1974 3 0 507 277 939
1975 3 0 647 939 339
1976 3 0 205 1267 1269
1977 3 0 1267 1268 1269
1978 3 0 1267 318 1268
1979 3 0 1269 1268 342
1980 3 0 197 1171 1270
1981 3 0 1171 1268 1270
1982 3 0 1171 342 1268
1983 3 0 1270 1268 318
1984 3 0 260 1271 850
1985 3 0 1271 1272 850
1986 3 0 1271 428 1272
1987 3 0 850 1272 420
1988 3 0 428 1273 1272
1989 3 0 1273 1274 1272
1990 3 0 1273 5 1274
1991 3 0 1272 1274 420
1992 3 0 54 1035 1276
1993 3 0 1035 1275 1276
1994 3 0 1035 258 1275
1995 3 0 1276 1275 426
1996 3 0 122 1038 1278
1997 3 0 1038 1277 1278
1998 3 0 1038 259 1277
1999 3 0 1278 1277 427
2000 3 0 51 1279 478
2001 3 0 1279 1275 478
2002 3 0 1279 426 1275
2003 3 0 478 1275 258
2004 3 0 73 1047 1281
2005 3 0 1047 1280 1281
2006 3 0 1047 261 1280
2007 3 0 1281 1280 429
2008 3 0 70 1282 1042
2009 3 0 1282 1280 1042
2010 3 0 1282 429 1280
2011 3 0 1042 1280 261
2012 3 0 138 1283 1039
2013 3 0 1283 1271 1039
2014 3 0 1283 428 1271
2015 3 0 1039 1271 260
2016 3 0 253 1263 916
2017 3 0 1263 1284 916
2018 3 0 1263 397 1284
2019 3 0 916 1284 279
2020 3 0 9 10 846
2021 3 0 10 1285 846
2022 3 0 10 11 1285
2023 3 0 846 1285 412
2024 3 0 119 1286 1288
2025 3 0 1286 1287 1288
2026 3 0 1286 427 1287
2027 3 0 1288 1287 421
2028 3 0 196 1208 890
2029 3 0 1208 1055 890
2030 3 0 1208 371 1055
2031 3 0 890 1055 264
2032 3 0 192 1289 1290
2033 3 0 1289 914 1290
2034 3 0 1289 340 914
2035 3 0 1290 914 423
2036 3 0 259 836 1277
2037 3 0 836 1287 1277
2038 3 0 836 421 1287
2039 3 0 1277 1287 427
2040 3 0 205 1051 1267
2041 3 0 1051 605 1267
2042 3 0 1051 367 605
2043 3 0 1267 605 318
2044 3 0 165 1291 1293
2045 3 0 1291 1292 1293
2046 3 0 1291 413 1292
2047 3 0 1293 1292 267
2048 3 0 192 1262 1294
2049 3 0 1262 1256 1294
2050 3 0 1262 283 1256
2051 3 0 1294 1256 410
2052 3 0 11 1254 1295
2053 3 0 1254 1083 1295
2054 3 0 1254 394 1083
2055 3 0 1295 1083 304
2056 3 0 207 1296 1094
2057 3 0 1296 1236 1094
2058 3 0 1296 307 1236
2059 3 0 1094 1236 361
2060 3 0 140 1297 1235
2061 3 0 1297 1298 1235
2062 3 0 1297 396 1298
2063 3 0 1235 1298 285
2064 3 0 202 927 1299
2065 3 0 927 1298 1299
2066 3 0 927 285 1298
2067 3 0 1299 1298 396
2068 3 0 176 1134 552
2069 3 0 1134 908 552
2070 3 0 1134 407 908
2071 3 0 552 908 298
2072 3 0 197 1270 941
2073 3 0 1270 1300 941
2074 3 0 1270 318 1300
2075 3 0 941 1300 325
2076 3 0 142 1101 595
2077 3 0 1101 1300 595
2078 3 0 1101 325 1300
2079 3 0 595 1300 318
2080 3 0 203 1301 859
2081 3 0 1301 1233 859
2082 3 0 1301 401 1233
2083 3 0 859 1233 280
2084 3 0 77 78 1061
2085 3 0 78 679 1061
2086 3 0 78 79 679
2087 3 0 1061 679 343
2088 3 0 58 59 1069
2089 3 0 59 741 1069
2090 3 0 59 60 741
2091 3 0 1069 741 344
2092 3 0 126 127 1071
2093 3 0 127 743 1071
2094 3 0 127 128 743
2095 3 0 1071 743 345
2096 3 0 64 65 1185
2097 3 0 65 1067 1185
2098 3 0 65 66 1067
2099 3 0 1185 1067 346
2100 3 0 132 133 1186
2101 3 0 133 1068 1186
2102 3 0 133 134 1068
2103 3 0 1186 1068 347
2104 3 0 172 706 1247
2105 3 0 706 938 1247
2106 3 0 706 289 938
2107 3 0 1247 938 415
2108 3 0 200 1219 1302
2109 3 0 1219 568 1302
2110 3 0 1219 269 568
2111 3 0 1302 568 365
2112 3 0 89 1303 1054
2113 3 0 1303 1304 1054
2114 3 0 1303 405 1304
2115 3 0 1054 1304 264
2116 3 0 255 792 1305
2117 3 0 792 1304 1305
2118 3 0 792 264 1304
2119 3 0 1305 1304 405
2120 3 0 154 1306 547
2121 3 0 1306 929 547
2122 3 0 1306 273 929
2123 3 0 547 929 358
2124 3 0 166 1307 1010
2125 3 0 1307 606 1010
2126 3 0 1307 268 606
2127 3 0 1010 606 367
2128 3 0 216 1027 697
2129 3 0 1027 1308 697
2130 3 0 1027 341 1308
2131 3 0 697 1308 303
2132 3 0 204 1309 901
2133 3 0 1309 1310 901
2134 3 0 1309 418 1310
2135 3 0 901 1310 294
2136 3 0 203 1141 1301
2137 3 0 1141 671 1301
2138 3 0 1141 265 671
2139 3 0 1301 671 401
2140 3 0 193 889 1311
2141 3 0 889 926 1311
2142 3 0 889 285 926
2143 3 0 1311 926 350
2144 3 0 203 860 931
2145 3 0 860 1312 931
2146 3 0 860 331 1312
2147 3 0 931 1312 349
2148 3 0 178 1146 1246
2149 3 0 1146 1313 1246
2150 3 0 1146 380 1313
2151 3 0 1246 1313 416
2152 3 0 174 1157 709
2153 3 0 1157 777 709
2154 3 0 1157 372 777
2155 3 0 709 777 287
2156 3 0 11 1295 1285
2157 3 0 1295 1314 1285
2158 3 0 1295 304 1314
2159 3 0 1285 1314 412
2160 3 0 140 586 1297
2161 3 0 586 1315 1297
2162 3 0 586 267 1315
2163 3 0 1297 1315 396
2164 3 0 83 84 1257
2165 3 0 84 1316 1257
2166 3 0 84 85 1316
2167 3 0 1257 1316 363
2168 3 0 188 1317 699
2169 3 0 1317 1318 699
2170 3 0 1317 369 1318
2171 3 0 699 1318 289
2172 3 0 189 1319 702
2173 3 0 1319 1320 702
2174 3 0 1319 370 1320
2175 3 0 702 1320 290
2176 3 0 165 1293 1004
2177 3 0 1293 453 1004
2178 3 0 1293 267 453
2179 3 0 1004 453 404
2180 3 0 85 654 1316
2181 3 0 654 1321 1316
2182 3 0 654 284 1321
2183 3 0 1316 1321 363
2184 3 0 176 554 987
2185 3 0 554 1109 987
2186 3 0 554 269 1109
2187 3 0 987 1109 388
2188 3 0 218 782 1322
2189 3 0 782 1029 1322
2190 3 0 782 310 1029
2191 3 0 1322 1029 416
2192 3 0 166 1008 1307
2193 3 0 1008 471 1307
2194 3 0 1008 403 471
2195 3 0 1307 471 268
2196 3 0 91 1323 1325
2197 3 0 1323 1324 1325
2198 3 0 1323 411 1324
2199 3 0 1325 1324 405
2200 3 0 190 718 1327
2201 3 0 718 1326 1327
2202 3 0 718 288 1326
2203 3 0 1327 1326 424
2204 3 0 191 716 1329
2205 3 0 716 1328 1329
2206 3 0 716 287 1328
2207 3 0 1329 1328 425
2208 3 0 255 1305 1098
2209 3 0 1305 1324 1098
2210 3 0 1305 405 1324
2211 3 0 1098 1324 411
2212 3 0 167 797 1242
2213 3 0 797 646 1242
2214 3 0 797 275 646
2215 3 0 1242 646 382
2216 3 0 199 1143 1244
2217 3 0 1143 1135 1244
2218 3 0 1143 387 1135
2219 3 0 1244 1135 270
2220 3 0 194 1330 1241
2221 3 0 1330 1308 1241
2222 3 0 1330 303 1308
2223 3 0 1241 1308 341
2224 3 0 193 1311 897
2225 3 0 1311 1331 897
2226 3 0 1311 350 1331
2227 3 0 897 1331 295
2228 3 0 156 982 1332
2229 3 0 982 1331 1332
2230 3 0 982 295 1331
2231 3 0 1332 1331 350
2232 3 0 202 1333 827
2233 3 0 1333 1334 827
2234 3 0 1333 413 1334
2235 3 0 827 1334 278
2236 3 0 194 1202 1330
2237 3 0 1202 1252 1330
2238 3 0 1202 360 1252
2239 3 0 1330 1252 303
2240 3 0 182 1335 1253
2241 3 0 1335 1336 1253
2242 3 0 1335 362 1336
2243 3 0 1253 1336 293
2244 3 0 214 617 631
2245 3 0 617 1336 631
2246 3 0 617 293 1336
2247 3 0 631 1336 362
2248 3 0 198 1260 1211
2249 3 0 1260 1321 1211
2250 3 0 1260 363 1321
2251 3 0 1211 1321 284
2252 3 0 155 1337 582
2253 3 0 1337 1255 582
2254 3 0 1337 276 1255
2255 3 0 582 1255 385
2256 3 0 154 1338 1306
2257 3 0 1338 1250 1306
2258 3 0 1338 386 1250
2259 3 0 1306 1250 273
2260 3 0 155 583 1084
2261 3 0 583 841 1084
2262 3 0 583 364 841
2263 3 0 1084 841 329
2264 3 0 165 928 1291
2265 3 0 928 1334 1291
2266 3 0 928 278 1334
2267 3 0 1291 1334 413
2268 3 0 113 1176 1127
2269 3 0 1176 723 1127
2270 3 0 1176 351 723
2271 3 0 1127 723 297
2272 3 0 221 730 444
2273 3 0 730 1284 444
2274 3 0 730 279 1284
2275 3 0 444 1284 397
2276 3 0 159 1103 1177
2277 3 0 1103 1339 1177
2278 3 0 1103 312 1339
2279 3 0 1177 1339 423
2280 3 0 156 1332 934
2281 3 0 1332 949 934
2282 3 0 1332 350 949
2283 3 0 934 949 389
2284 3 0 5 6 1274
2285 3 0 6 1340 1274
2286 3 0 6 7 1340
2287 3 0 1274 1340 420
2288 3 0 117 118 1341
2289 3 0 118 1288 1341
2290 3 0 118 119 1288
2291 3 0 1341 1288 421
2292 3 0 147 824 1203
2293 3 0 824 1318 1203
2294 3 0 824 289 1318
2295 3 0 1203 1318 369
2296 3 0 148 1266 1205
2297 3 0 1266 1320 1205
2298 3 0 1266 290 1320
2299 3 0 1205 1320 370
2300 3 0 177 1152 562
2301 3 0 1152 1142 562
2302 3 0 1152 408 1142
2303 3 0 562 1142 271
2304 3 0 169 615 900
2305 3 0 615 910 900
2306 3 0 615 378 910
2307 3 0 900 910 292
2308 3 0 210 1196 530
2309 3 0 1196 1191 530
2310 3 0 1196 395 1191
2311 3 0 530 1191 286
2312 3 0 155 1085 1337
2313 3 0 1085 951 1337
2314 3 0 1085 406 951
2315 3 0 1337 951 276
2316 3 0 197 877 1170
2317 3 0 877 627 1170
2318 3 0 877 383 627
2319 3 0 1170 627 282
2320 3 0 204 538 855
2321 3 0 538 1342 855
2322 3 0 538 352 1342
2323 3 0 855 1342 330
2324 3 0 233 1118 1059
2325 3 0 1118 1343 1059
2326 3 0 1118 419 1343
2327 3 0 1059 1343 319
2328 3 0 147 1166 822
2329 3 0 1166 1225 822
2330 3 0 1166 361 1225
2331 3 0 822 1225 305
2332 3 0 35 36 1344
2333 3 0 36 1224 1344
2334 3 0 36 37 1224
2335 3 0 1344 1224 399
2336 3 0 1 1345 52
2337 3 0 1345 1279 52
2338 3 0 1345 426 1279
2339 3 0 52 1279 51
2340 3 0 3 1346 120
2341 3 0 1346 1286 120
2342 3 0 1346 427 1286
2343 3 0 120 1286 119
2344 3 0 2 1347 71
2345 3 0 1347 1282 71
2346 3 0 1347 429 1282
2347 3 0 71 1282 70
2348 3 0 0 1348 139
2349 3 0 1348 1283 139
2350 3 0 1348 428 1283
2351 3 0 139 1283 138
2352 3 0 1 53 1345
2353 3 0 53 1276 1345
2354 3 0 53 54 1276
2355 3 0 1345 1276 426
2356 3 0 3 121 1346
2357 3 0 121 1278 1346
2358 3 0 121 122 1278
2359 3 0 1346 1278 427
2360 3 0 2 72 1347
2361 3 0 72 1281 1347
2362 3 0 72 73 1281
2363 3 0 1347 1281 429
2364 3 0 0 4 1348
2365 3 0 4 1273 1348
2366 3 0 4 5 1273
2367 3 0 1348 1273 428
2368 3 0 25 26 571
2369 3 0 26 1349 571
2370 3 0 26 27 1349
2371 3 0 571 1349 400
2372 3 0 91 92 1323
2373 3 0 92 1350 1323
2374 3 0 92 93 1350
2375 3 0 1323 1350 411
2376 3 0 198 960 1259
2377 3 0 960 971 1259
2378 3 0 960 390 971
2379 3 0 1259 971 291
2380 3 0 196 1351 1251
2381 3 0 1351 1352 1251
2382 3 0 1351 352 1352
2383 3 0 1251 1352 320
2384 3 0 109 110 466
2385 3 0 110 1239 466
2386 3 0 110 111 1239
2387 3 0 466 1239 402
2388 3 0 207 1188 1296
2389 3 0 1188 1353 1296
2390 3 0 1188 398 1353
2391 3 0 1296 1353 307
2392 3 0 157 1216 1354
2393 3 0 1216 1353 1354
2394 3 0 1216 307 1353
2395 3 0 1354 1353 398
2396 3 0 89 90 1303
2397 3 0 90 1325 1303
2398 3 0 90 91 1325
2399 3 0 1303 1325 405
2400 3 0 204 856 1309
2401 3 0 856 1265 1309
2402 3 0 856 280 1265
2403 3 0 1309 1265 418
2404 3 0 191 1329 560
2405 3 0 1329 977 560
2406 3 0 1329 425 977
2407 3 0 560 977 309
2408 3 0 190 1327 558
2409 3 0 1327 978 558
2410 3 0 1327 424 978
2411 3 0 558 978 308
2412 3 0 249 1198 1174
2413 3 0 1198 1355 1174
2414 3 0 1198 359 1355
2415 3 0 1174 1355 332
2416 3 0 196 891 1351
2417 3 0 891 1342 1351
2418 3 0 891 330 1342
2419 3 0 1351 1342 352
2420 3 0 182 1237 1335
2421 3 0 1237 1215 1335
2422 3 0 1237 307 1215
2423 3 0 1335 1215 362
2424 3 0 192 1294 1289
2425 3 0 1294 1356 1289
2426 3 0 1294 410 1356
2427 3 0 1289 1356 340
2428 3 0 218 1322 957
2429 3 0 1322 1313 957
2430 3 0 1322 416 1313
2431 3 0 957 1313 380
2432 3 0 149 685 974
2433 3 0 685 1326 974
2434 3 0 685 424 1326
2435 3 0 974 1326 288
2436 3 0 150 688 776
2437 3 0 688 1328 776
2438 3 0 688 425 1328
2439 3 0 776 1328 287
2440 3 0 187 1228 990
2441 3 0 1228 980 990
2442 3 0 1228 422 980
2443 3 0 990 980 311
2444 3 0 152 482 545
2445 3 0 482 1352 545
2446 3 0 482 320 1352
2447 3 0 545 1352 352
2448 3 0 195 681 884
2449 3 0 681 1312 884
2450 3 0 681 349 1312
2451 3 0 884 1312 331
2452 3 0 143 802 1264
2453 3 0 802 1310 1264
2454 3 0 802 294 1310
2455 3 0 1264 1310 418
2456 3 0 213 634 569
2457 3 0 634 1357 569
2458 3 0 634 400 1357
2459 3 0 569 1357 306
2460 3 0 27 783 1349
2461 3 0 783 1357 1349
2462 3 0 783 306 1357
2463 3 0 1349 1357 400
2464 3 0 7 774 1340
2465 3 0 774 886 1340
2466 3 0 774 299 886
2467 3 0 1340 886 420
2468 3 0 146 1032 1230
2469 3 0 1032 1355 1230
2470 3 0 1032 332 1355
2471 3 0 1230 1355 359
2472 3 0 117 1341 754
2473 3 0 1341 852 754
2474 3 0 1341 421 852
2475 3 0 754 852 300
2476 3 0 208 1158 503
2477 3 0 1158 1314 503
2478 3 0 1158 412 1314
2479 3 0 503 1314 304
2480 3 0 219 1249 749
2481 3 0 1249 937 749
2482 3 0 1249 415 937
2483 3 0 749 937 305
2484 3 0 186 1173 1189
2485 3 0 1173 1222 1189
2486 3 0 1173 368 1222
2487 3 0 1189 1222 333
2488 3 0 188 964 1317
2489 3 0 964 1358 1317
2490 3 0 964 354 1358
2491 3 0 1317 1358 369
2492 3 0 189 966 1319
2493 3 0 966 1359 1319
2494 3 0 966 355 1359
2495 3 0 1319 1359 370
2496 3 0 200 1302 1361
2497 3 0 1302 1360 1361
2498 3 0 1302 365 1360
2499 3 0 1361 1360 337
2500 3 0 208 476 1154
2501 3 0 476 805 1154
2502 3 0 476 326 805
2503 3 0 1154 805 372
2504 3 0 144 1025 1201
2505 3 0 1025 1360 1201
2506 3 0 1025 337 1360
2507 3 0 1201 1360 365
2508 3 0 209 501 936
2509 3 0 501 911 936
2510 3 0 501 328 911
2511 3 0 936 911 378
2512 3 0 35 1344 775
2513 3 0 1344 1362 775
2514 3 0 1344 399 1362
2515 3 0 775 1362 316
2516 3 0 210 544 1234
2517 3 0 544 1362 1234
2518 3 0 544 316 1362
2519 3 0 1234 1362 399
2520 3 0 201 520 694
2521 3 0 520 1007 694
2522 3 0 520 403 1007
2523 3 0 694 1007 338
2524 3 0 200 1361 494
2525 3 0 1361 1005 494
2526 3 0 1361 337 1005
2527 3 0 494 1005 404
2528 3 0 237 1204 1180
2529 3 0 1204 1358 1180
2530 3 0 1204 369 1358
2531 3 0 1180 1358 354
2532 3 0 238 1206 1182
2533 3 0 1206 1359 1182
2534 3 0 1206 370 1359
2535 3 0 1182 1359 355
2536 3 0 192 1290 1088
2537 3 0 1290 1339 1088
2538 3 0 1290 423 1339
2539 3 0 1088 1339 312
2540 3 0 180 1175 1193
2541 3 0 1175 1192 1193
2542 3 0 1175 332 1192
2543 3 0 1193 1192 395
2544 3 0 267 1292 1315
2545 3 0 1292 1363 1315
2546 3 0 1292 413 1363
2547 3 0 1315 1363 396
2548 3 0 158 920 1167
2549 3 0 920 1364 1167
2550 3 0 920 414 1364
2551 3 0 1167 1364 342
2552 3 0 236 1161 1187
2553 3 0 1161 1365 1187
2554 3 0 1161 357 1365
2555 3 0 1187 1365 398
2556 3 0 156 935 981
2557 3 0 935 1343 981
2558 3 0 935 319 1343
2559 3 0 981 1343 419
2560 3 0 234 1133 1149
2561 3 0 1133 1139 1149
2562 3 0 1133 417 1139
2563 3 0 1149 1139 353
2564 3 0 217 810 819
2565 3 0 810 1356 819
2566 3 0 810 340 1356
2567 3 0 819 1356 410
2568 3 0 154 1218 1338
2569 3 0 1218 1366 1338
2570 3 0 1218 384 1366
2571 3 0 1338 1366 386
2572 3 0 220 905 820
2573 3 0 905 1366 820
2574 3 0 905 386 1366
2575 3 0 820 1366 384
2576 3 0 157 1354 1214
2577 3 0 1354 1365 1214
2578 3 0 1354 398 1365
2579 3 0 1214 1365 357
2580 3 0 205 1269 651
2581 3 0 1269 1364 651
2582 3 0 1269 342 1364
2583 3 0 651 1364 414
2584 3 0 93 1097 1350
2585 3 0 1097 1245 1350
2586 3 0 1097 366 1245
2587 3 0 1350 1245 411
2588 3 0 202 1299 1333
2589 3 0 1299 1363 1333
2590 3 0 1299 396 1363
2591 3 0 1333 1363 413
