0 -5.0000 -2.0000 0 0
1 5.0000 -2.0000 0 0
2 5.0000 2.0000 0 0
3 -5.0000 2.0000 0 0
4 -4.8000 -2.0000 0 0
5 -4.6000 -2.0000 0 0
6 -4.4000 -2.0000 0 0
7 -4.2000 -2.0000 0 0
8 -4.0000 -2.0000 0 0
9 -3.8000 -2.0000 0 0
10 -3.6000 -2.0000 0 0
11 -3.4000 -2.0000 0 0
12 -3.2000 -2.0000 0 0
13 -3.0000 -2.0000 0 0
14 -2.8000 -2.0000 0 0
15 -2.6000 -2.0000 0 0
16 -2.4000 -2.0000 0 0
17 -2.2000 -2.0000 0 0
18 -2.0000 -2.0000 0 0
19 -1.8000 -2.0000 0 0
20 -1.6000 -2.0000 0 0
21 -1.4000 -2.0000 0 0
22 -1.2000 -2.0000 0 0
23 -1.0000 -2.0000 0 0
24 -0.8000 -2.0000 0 0
25 -0.6000 -2.0000 0 0
26 -0.4000 -2.0000 0 0
27 -0.2000 -2.0000 0 0
28 -0.0000 -2.0000 0 0
29 0.2000 -2.0000 0 0
30 0.4000 -2.0000 0 0
31 0.6000 -2.0000 0 0
32 0.8000 -2.0000 0 0
33 1.0000 -2.0000 0 0
34 1.2000 -2.0000 0 0
35 1.4000 -2.0000 0 0
36 1.6000 -2.0000 0 0
37 1.8000 -2.0000 0 0
38 2.0000 -2.0000 0 0
39 2.2000 -2.0000 0 0
40 2.4000 -2.0000 0 0
41 2.6000 -2.0000 0 0
42 2.8000 -2.0000 0 0
43 3.0000 -2.0000 0 0
44 3.2000 -2.0000 0 0
45 3.4000 -2.0000 0 0
46 3.6000 -2.0000 0 0
47 3.8000 -2.0000 0 0
48 4.0000 -2.0000 0 0
49 4.2000 -2.0000 0 0
50 4.4000 -2.0000 0 0
51 4.6000 -2.0000 0 0
52 4.8000 -2.0000 0 0
53 5.0000 -1.8000 0 0
54 5.0000 -1.6000 0 0
55 5.0000 -1.4000 0 0
56 5.0000 -1.2000 0 0
57 5.0000 -1.0000 0 0
58 5.0000 -0.8000 0 0
59 5.0000 -0.6000 0 0
60 5.0000 -0.4000 0 0
61 5.0000 -0.2000 0 0
62 5.0000 -0.0000 0 0
63 5.0000 0.2000 0 0
64 5.0000 0.4000 0 0
65 5.0000 0.6000 0 0
66 5.0000 0.8000 0 0
67 5.0000 1.0000 0 0
68 5.0000 1.2000 0 0
69 5.0000 1.4000 0 0
70 5.0000 1.6000 0 0
71 5.0000 1.8000 0 0
72 4.8000 2.0000 0 0
73 4.6000 2.0000 0 0
74 4.4000 2.0000 0 0
75 4.2000 2.0000 0 0
76 4.0000 2.0000 0 0
77 3.8000 2.0000 0 0
78 3.6000 2.0000 0 0
79 3.4000 2.0000 0 0
80 3.2000 2.0000 0 0
81 3.0000 2.0000 0 0
82 2.8000 2.0000 0 0
83 2.6000 2.0000 0 0
84 2.4000 2.0000 0 0
85 2.2000 2.0000 0 0
86 2.0000 2.0000 0 0
87 1.8000 2.0000 0 0
88 1.6000 2.0000 0 0
89 1.4000 2.0000 0 0
90 1.2000 2.0000 0 0
91 1.0000 2.0000 0 0
92 0.8000 2.0000 0 0
93 0.6000 2.0000 0 0
94 0.4000 2.0000 0 0
95 0.2000 2.0000 0 0
96 0.0000 2.0000 0 0
97 -0.2000 2.0000 0 0
98 -0.4000 2.0000 0 0
99 -0.6000 2.0000 0 0
100 -0.8000 2.0000 0 0
101 -1.0000 2.0000 0 0
102 -1.2000 2.0000 0 0
103 -1.4000 2.0000 0 0
104 -1.6000 2.0000 0 0
105 -1.8000 2.0000 0 0
106 -2.0000 2.0000 0 0
107 -2.2000 2.0000 0 0
108 -2.4000 2.0000 0 0
109 -2.6000 2.0000 0 0
110 -2.8000 2.0000 0 0
111 -3.0000 2.0000 0 0
112 -3.2000 2.0000 0 0
113 -3.4000 2.0000 0 0
114 -3.6000 2.0000 0 0
115 -3.8000 2.0000 0 0
116 -4.0000 2.0000 0 0
117 -4.2000 2.0000 0 0
118 -4.4000 2.0000 0 0
119 -4.6000 2.0000 0 0
120 -4.8000 2.0000 0 0
121 -5.0000 1.8000 0 0
122 -5.0000 1.6000 0 0
123 -5.0000 1.4000 0 0
124 -5.0000 1.2000 0 0
125 -5.0000 1.0000 0 0
126 -5.0000 0.8000 0 0
127 -5.0000 0.6000 0 0
128 -5.0000 0.4000 0 0
129 -5.0000 0.2000 0 0
130 -5.0000 0.0000 0 0
131 -5.0000 -0.2000 0 0
132 -5.0000 -0.4000 0 0
133 -5.0000 -0.6000 0 0
134 -5.0000 -0.8000 0 0
135 -5.0000 -1.0000 0 0
136 -5.0000 -1.2000 0 0
137 -5.0000 -1.4000 0 0
138 -5.0000 -1.6000 0 0
139 -5.0000 -1.8000 0 0
140 -2.8265 0.0244 0 0
141 2.8082 -0.0128 0 0
142 -0.4000 -0.0000 0 0
143 1.2000 0.3700 0 0
144 -1.6000 -0.6500 0 0
145 -1.6640 0.7023 0 0
146 1.7750 -0.7323 0 0
147 3.7667 -0.7667 0 0
148 -3.7667 0.7667 0 0
149 3.7499 0.7344 0 0
150 -3.7667 -0.7667 0 0
151 0.5848 -0.7324 0 0
152 2.1628 0.8853 0 0
153 0.2356 0.8646 0 0
154 -2.5295 -1.0538 0 0
155 -0.6421 -0.9858 0 0
156 -2.5671 0.9867 0 0
157 2.7850 -1.0764 0 0
158 -0.6627 1.0167 0 0
159 3.0123 1.1286 0 0
160 4.1634 -0.0156 0 0
161 -4.1634 0.0156 0 0
162 0.4621 0.0866 0 0
163 1.9937 0.0792 0 0
164 1.2007 1.2089 0 0
165 -1.9940 -0.0078 0 0
166 -1.2090 -0.0012 0 0
167 1.2247 -1.2467 0 0
168 -3.2411 -1.3101 0 0
169 -3.2345 1.3199 0 0
170 -0.0504 -1.2717 0 0
171 1.1676 -0.3035 0 0
172 4.3405 -1.2758 0 0
173 -4.2609 1.3382 0 0
174 -4.3490 -1.3364 0 0
175 4.3142 1.3221 0 0
176 -1.8803 -1.2993 0 0
177 -1.9384 1.3262 0 0
178 -3.4725 0.1448 0 0
179 3.5303 -0.0630 0 0
180 2.2012 -1.2941 0 0
181 -1.2018 -1.3409 0 0
182 3.4121 -1.3215 0 0
183 -3.0463 -0.5845 0 0
184 -0.0928 -0.5980 0 0
185 -1.3124 1.3099 0 0
186 2.3961 -0.5042 0 0
187 3.6000 1.3883 0 0
188 4.3839 -0.6000 0 0
189 -4.3839 0.6000 0 0
190 4.3825 0.6065 0 0
191 -4.3825 -0.6065 0 0
192 3.1798 0.4975 0 0
193 -3.0892 0.6314 0 0
194 -0.1671 1.4103 0 0
195 0.5946 1.4089 0 0
196 1.7952 1.3851 0 0
197 -0.2972 0.6012 0 0
198 2.4625 1.4182 0 0
199 0.6219 -1.4161 0 0
200 -2.1866 -0.5746 0 0
201 -1.0273 -0.5574 0 0
202 -2.4163 0.4303 0 0
203 0.7990 0.7836 0 0
204 1.5983 0.7717 0 0
205 -0.8463 0.4886 0 0
206 2.6115 0.5648 0 0
207 3.2173 -0.6460 0 0
208 -3.7575 -1.4520 0 0
209 -3.7931 1.4700 0 0
210 1.6466 -1.4726 0 0
211 -2.3880 -1.4882 0 0
212 -2.8156 1.4517 0 0
213 -0.4623 -1.4863 0 0
214 2.8000 -1.5245 0 0
215 -2.0889 0.8177 0 0
216 -0.7865 1.6566 0 0
217 3.7411 0.3499 0 0
218 -3.7658 -0.3686 0 0
219 3.8243 -1.5075 0 0
220 -2.5548 -0.4670 0 0
221 1.4560 -0.0870 0 0
222 -0.6238 -0.4281 0 0
223 -1.2847 0.9280 0 0
224 0.1260 0.4405 0 0
225 1.3170 -0.7576 0 0
226 0.9084 0.0809 0 0
227 3.1715 1.5681 0 0
228 -1.6000 -0.1875 0 0
229 -2.8874 -1.5676 0 0
230 4.5753 -0.1934 0 0
231 -4.5753 0.1934 0 0
232 0.2360 -0.4143 0 0
233 -2.3962 1.5911 0 0
234 1.9512 0.5100 0 0
235 -1.6369 -1.6624 0 0
236 2.8249 -0.4417 0 0
237 3.8671 -0.3283 0 0
238 -3.8617 0.3406 0 0
239 3.9597 1.6196 0 0
240 4.6017 0.9826 0 0
241 -4.6059 -0.9752 0 0
242 4.6017 -0.9826 0 0
243 -4.6007 0.9616 0 0
244 -1.6390 0.2419 0 0
245 0.2066 1.5677 0 0
246 3.4205 0.9959 0 0
247 2.5391 0.9951 0 0
248 2.3959 0.1544 0 0
249 2.3838 -0.9339 0 0
250 -1.2684 -0.9259 0 0
251 -0.8251 -1.6476 0 0
252 -3.1901 -0.1777 0 0
253 1.9815 -0.3668 0 0
254 0.0087 -0.0102 0 0
255 1.0036 1.5264 0 0
256 -1.6026 1.5890 0 0
257 0.7251 -0.3349 0 0
258 4.5781 -1.5781 0 0
259 -4.5929 1.5688 0 0
260 -4.5781 -1.5781 0 0
261 4.5781 1.5781 0 0
262 4.5766 0.2497 0 0
263 -4.5766 -0.2497 0 0
264 1.4161 1.5811 0 0
265 0.6863 0.3816 0 0
266 -1.2073 0.4738 0 0
267 -2.4315 -0.1084 0 0
268 -0.7951 -0.1215 0 0
269 -2.1476 -0.9560 0 0
270 0.9753 -1.5922 0 0
271 -1.5909 1.0892 0 0
272 2.3900 -1.6260 0 0
273 -2.9641 -0.9776 0 0
274 -3.3610 -0.8809 0 0
275 0.9357 -0.9175 0 0
276 -0.2362 -0.9779 0 0
277 0.1495 -0.8490 0 0
278 -2.0622 0.4449 0 0
279 1.5768 -0.3999 0 0
280 1.2000 0.7961 0 0
281 0.3429 -1.5893 0 0
282 -0.3121 1.0167 0 0
283 3.1609 0.1292 0 0
284 2.0716 1.6412 0 0
285 -2.7935 0.3593 0 0
286 1.6283 -1.0814 0 0
287 -4.1378 -0.9082 0 0
288 4.0968 0.9338 0 0
289 4.1210 -0.9478 0 0
290 -4.1502 0.8971 0 0
291 2.7343 1.6778 0 0
292 -3.4108 0.9330 0 0
293 3.1907 -1.6426 0 0
294 1.5821 0.3302 0 0
295 -2.9227 1.0467 0 0
296 1.9588 -1.6326 0 0
297 -3.1502 1.6963 0 0
298 -1.7214 -0.9801 0 0
299 -4.0162 -1.6426 0 0
300 -4.1006 1.6482 0 0
301 -2.0206 -1.6177 0 0
302 -3.4566 0.5085 0 0
303 -0.4047 1.6730 0 0
304 -3.4234 -1.6273 0 0
305 3.7655 -1.1213 0 0
306 -0.1047 -1.6607 0 0
307 3.1480 -1.0075 0 0
308 4.1014 0.3520 0 0
309 -4.1024 -0.3528 0 0
310 -3.4344 -0.4870 0 0
311 3.9312 1.2608 0 0
312 2.9101 0.7812 0 0
313 4.1868 -1.6338 0 0
314 2.5183 -1.2858 0 0
315 -3.1210 0.2106 0 0
316 1.3282 -1.6525 0 0
317 3.1800 -0.2547 0 0
318 -0.5757 0.3054 0 0
319 -2.2649 1.1348 0 0
320 2.1188 1.2538 0 0
321 -1.1787 1.6353 0 0
322 -1.2360 -1.6812 0 0
323 3.5254 -1.6943 0 0
324 3.5270 -0.4953 0 0
325 -0.2109 0.2681 0 0
326 -3.6191 -1.1252 0 0
327 -1.9874 1.7013 0 0
328 -3.8478 1.1111 0 0
329 -0.8246 -1.2052 0 0
330 1.5446 1.1301 0 0
331 0.8554 1.1301 0 0
332 1.9947 -0.9968 0 0
333 2.2702 -0.1742 0 0
334 0.4368 0.6199 0 0
335 2.8837 0.3346 0 0
336 0.1457 1.1631 0 0
337 -1.8906 -0.4064 0 0
338 -1.3453 -0.4188 0 0
339 0.4933 -1.1429 0 0
340 3.4546 0.6063 0 0
341 -0.5506 1.3383 0 0
342 -0.6061 0.7122 0 0
343 3.5902 1.7185 0 0
344 4.7164 -0.5966 0 0
345 -4.7162 0.5936 0 0
346 4.7215 0.6028 0 0
347 -4.7198 -0.6032 0 0
348 -0.2336 -0.2925 0 0
349 0.5160 1.0139 0 0
350 -2.7207 0.7079 0 0
351 -3.5313 1.6946 0 0
352 1.8618 0.9893 0 0
353 2.2842 0.5793 0 0
354 4.2010 -0.3353 0 0
355 -4.2006 0.3362 0 0
356 -0.9535 1.2379 0 0
357 2.6376 -0.7140 0 0
358 -2.7674 -1.2706 0 0
359 2.1077 -0.6930 0 0
360 -0.0774 1.7188 0 0
361 3.4745 -0.9023 0 0
362 3.0672 -1.3145 0 0
363 2.4137 1.7474 0 0
364 -0.8429 -0.8219 0 0
365 -1.9092 -0.7134 0 0
366 0.5120 1.6902 0 0
367 -0.9180 0.2033 0 0
368 2.5518 -0.2066 0 0
369 4.0549 -0.6001 0 0
370 -4.0726 0.5881 0 0
371 1.7133 1.6941 0 0
372 -3.9588 -1.2123 0 0
373 4.6954 1.2845 0 0
374 -4.6954 -1.2845 0 0
375 4.2845 1.6954 0 0
376 4.6954 -1.2845 0 0
377 -4.6954 1.2845 0 0
378 -3.5635 1.3057 0 0
379 3.8563 0.0174 0 0
380 -3.8071 -0.0607 0 0
381 0.9632 -0.6043 0 0
382 0.8554 -1.2520 0 0
383 -0.0660 0.8123 0 0
384 -2.4349 -0.7601 0 0
385 -0.4551 -0.7510 0 0
386 -2.7432 -0.7541 0 0
387 0.6881 -1.7045 0 0
388 -2.2183 -1.2561 0 0
389 -2.3864 0.7370 0 0
390 2.7605 1.3428 0 0
391 1.1983 0.0632 0 0
392 -2.8368 -0.2700 0 0
393 3.3011 1.2702 0 0
394 -3.1583 -1.7105 0 0
395 1.8704 -1.2606 0 0
396 -2.5430 0.1797 0 0
397 1.7634 -0.1521 0 0
398 2.9226 -0.7771 0 0
399 1.6267 -1.7515 0 0
400 -0.4140 -1.7713 0 0
401 0.9465 0.5255 0 0
402 -2.7946 1.7572 0 0
403 -1.0447 -0.2658 0 0
404 -2.1573 -0.2680 0 0
405 1.1815 1.7813 0 0
406 -0.4431 -1.1854 0 0
407 -1.5215 -1.3125 0 0
408 -1.8754 1.0186 0 0
409 -2.6139 -1.7073 0 0
410 3.4133 0.3040 0 0
411 0.7966 1.7671 0 0
412 -3.6808 -1.7364 0 0
413 -2.2773 0.1893 0 0
414 -0.9268 0.8095 0 0
415 4.0311 -1.2862 0 0
416 -3.5176 -0.1767 0 0
417 2.1509 0.3141 0 0
418 1.3951 0.5670 0 0
419 -2.5586 1.2736 0 0
420 -4.3567 -1.7601 0 0
421 -4.3585 1.7617 0 0
422 3.7233 1.0517 0 0
423 3.1955 0.8019 0 0
424 4.0212 0.6277 0 0
425 -4.0273 -0.6296 0 0
426 4.7792 -1.7792 0 0
427 -4.7792 1.7792 0 0
428 -4.7792 -1.7792 0 0
429 4.7792 1.7792 0 0
430 0.5615 0.5007 0 0
431 0.4494 0.3533 0 0
432 0.5742 0.2341 0 0
433 0.2814 0.5302 0 0
434 0.2940 0.2636 0 0
435 4.3700 0.1171 0 0
436 4.3390 0.3008 0 0
437 4.1324 0.1682 0 0
438 -4.3700 -0.1171 0 0
439 -4.3395 -0.3013 0 0
440 -4.1329 -0.1686 0 0
441 -3.0786 1.1833 0 0
442 -2.8691 1.2492 0 0
443 -3.0251 1.3858 0 0
444 1.6097 -0.1196 0 0
445 1.6728 0.0890 0 0
446 1.5190 0.1216 0 0
447 -3.9503 1.8241 0 0
448 -3.9468 1.5591 0 0
449 -3.7965 1.7350 0 0
450 2.2906 1.3360 0 0
451 2.3290 1.1245 0 0
452 2.5008 1.2067 0 0
453 -2.2944 -0.1882 0 0
454 -2.4932 -0.2877 0 0
455 -2.3561 -0.3675 0 0
456 -0.7334 -0.6250 0 0
457 -0.6490 -0.7865 0 0
458 -0.5395 -0.5895 0 0
459 2.9000 -1.7622 0 0
460 2.7000 -1.7622 0 0
461 0.5936 -0.1242 0 0
462 0.8167 -0.1270 0 0
463 0.6852 0.0838 0 0
464 -0.9351 -0.6897 0 0
465 -0.8256 -0.4927 0 0
466 -2.6973 1.8786 0 0
467 -2.5954 1.6741 0 0
468 -2.4981 1.7955 0 0
469 -0.8343 -0.3469 0 0
470 -0.7095 -0.2748 0 0
471 -0.9199 -0.1937 0 0
472 0.1462 -1.4305 0 0
473 0.4181 -1.3661 0 0
474 0.2214 -1.2073 0 0
475 -3.4301 -1.2177 0 0
476 -3.6883 -1.2886 0 0
477 -3.4993 -1.3811 0 0
478 4.5890 -1.7890 0 0
479 4.3825 -1.6060 0 0
480 4.3934 -1.8169 0 0
481 2.3510 0.9402 0 0
482 2.1408 1.0696 0 0
483 0.3490 -0.1639 0 0
484 0.4805 -0.3746 0 0
485 0.0716 -0.5062 0 0
486 0.0012 -0.3534 0 0
487 -0.1632 -0.4453 0 0
488 -2.9829 1.5740 0 0
489 -3.1923 1.5081 0 0
490 0.0673 0.2152 0 0
491 0.2354 0.0382 0 0
492 0.1224 -0.2123 0 0
493 -0.1125 -0.1513 0 0
494 -2.1719 -0.4213 0 0
495 -2.3707 -0.5208 0 0
496 4.1934 -1.8169 0 0
497 3.9934 -1.8169 0 0
498 4.0056 -1.5707 0 0
499 3.8122 -1.7537 0 0
500 -4.0544 1.2246 0 0
501 -3.8204 1.2906 0 0
502 -4.0270 1.4041 0 0
503 -3.5905 -1.5396 0 0
504 -3.3323 -1.4687 0 0
505 0.4104 -0.5734 0 0
506 0.1928 -0.6317 0 0
507 0.3671 -0.7907 0 0
508 0.0283 -0.7235 0 0
509 1.8785 -0.0365 0 0
510 1.7879 0.2047 0 0
511 -3.6622 1.5823 0 0
512 -3.6656 1.8473 0 0
513 4.3694 -0.1045 0 0
514 4.5760 0.0281 0 0
515 -4.3694 0.1045 0 0
516 -4.5760 -0.0281 0 0
517 -2.2940 -1.7441 0 0
518 -2.5009 -1.5978 0 0
519 -2.4069 -1.8537 0 0
520 -1.0360 -0.4116 0 0
521 -1.4240 0.1203 0 0
522 -1.6195 0.0272 0 0
523 -1.4045 -0.0944 0 0
524 -4.1808 1.4932 0 0
525 -2.1103 -1.8088 0 0
526 -2.2043 -1.5529 0 0
527 -0.8933 1.8283 0 0
528 -0.6933 1.8283 0 0
529 1.4357 -1.3596 0 0
530 1.6374 -1.2770 0 0
531 1.4265 -1.1640 0 0
532 -1.8765 0.7600 0 0
533 -2.0756 0.6313 0 0
534 -1.8631 0.5736 0 0
535 -2.2981 1.7955 0 0
536 1.7747 0.6408 0 0
537 1.9065 0.7497 0 0
538 1.7300 0.8805 0 0
539 0.5576 -1.2795 0 0
540 0.4824 -1.5027 0 0
541 -2.6059 1.5214 0 0
542 -2.8051 1.6044 0 0
543 1.2765 -1.4496 0 0
544 1.4874 -1.5626 0 0
545 2.0123 0.9373 0 0
546 2.0570 0.6977 0 0
547 -2.6485 -1.1622 0 0
548 -2.5777 -1.3794 0 0
549 -2.4587 -1.2710 0 0
550 -2.3031 -1.3722 0 0
551 -2.3739 -1.1549 0 0
552 -1.8009 -1.1397 0 0
553 -1.9345 -0.9681 0 0
554 -2.0139 -1.1277 0 0
555 -0.2468 -1.2285 0 0
556 -0.4527 -1.3358 0 0
557 -0.2564 -1.3790 0 0
558 4.2419 0.4792 0 0
559 4.4796 0.4281 0 0
560 -4.2425 -0.4797 0 0
561 -4.4796 -0.4281 0 0
562 -1.7647 1.2077 0 0
563 -1.5968 1.3391 0 0
564 -1.7705 1.4576 0 0
565 -1.4575 1.4495 0 0
566 -1.4517 1.1996 0 0
567 -1.8153 -0.8468 0 0
568 -2.0284 -0.8347 0 0
569 -0.2835 -1.5735 0 0
570 -0.0776 -1.4662 0 0
571 -0.5070 -1.8856 0 0
572 -0.6195 -1.7095 0 0
573 -0.7125 -1.8238 0 0
574 -1.2082 0.2363 0 0
575 -1.4232 0.3579 0 0
576 -1.4357 0.5881 0 0
577 -1.2460 0.7009 0 0
578 -1.4744 0.8152 0 0
579 -3.2729 0.5699 0 0
580 -3.2888 0.3595 0 0
581 -3.1051 0.4210 0 0
582 -0.5486 -0.8684 0 0
583 -0.7425 -0.9039 0 0
584 -2.6342 -0.1892 0 0
585 -2.6958 -0.3685 0 0
586 -2.6290 -0.0420 0 0
587 -2.8316 -0.1228 0 0
588 2.5950 -1.5752 0 0
589 2.4950 -1.8130 0 0
590 3.0857 1.7840 0 0
591 3.2857 1.7840 0 0
592 -1.4378 1.0086 0 0
593 -1.6275 0.8958 0 0
594 -1.2986 1.1190 0 0
595 -0.4879 0.1527 0 0
596 -0.6854 0.0920 0 0
597 -0.5976 -0.0608 0 0
598 2.5037 0.3596 0 0
599 2.6398 0.2445 0 0
600 2.7476 0.4497 0 0
601 2.8459 0.1609 0 0
602 2.6021 0.0708 0 0
603 0.4715 -1.7946 0 0
604 0.2715 -1.7946 0 0
605 -0.7469 0.2544 0 0
606 -0.8566 0.0409 0 0
607 4.7876 -0.0967 0 0
608 4.7876 -0.2967 0 0
609 -4.7876 0.0967 0 0
610 -4.7876 0.2967 0 0
611 -0.0424 0.3543 0 0
612 -0.1011 0.1290 0 0
613 -3.3829 1.5073 0 0
614 -3.5474 1.5002 0 0
615 -3.3990 1.3128 0 0
616 3.0954 -1.8213 0 0
617 2.9954 -1.5835 0 0
618 -1.0670 0.6417 0 0
619 -1.1058 0.8688 0 0
620 -0.9125 -1.8238 0 0
621 -2.7406 1.1602 0 0
622 -2.6871 1.3626 0 0
623 4.7883 0.1248 0 0
624 -4.7883 -0.1248 0 0
625 0.6441 -1.8523 0 0
626 0.5155 -1.6469 0 0
627 -0.1890 0.9145 0 0
628 0.0398 0.9877 0 0
629 -0.0832 1.0899 0 0
630 2.7925 -1.3004 0 0
631 2.9336 -1.4195 0 0
632 2.9261 -1.1955 0 0
633 -0.6437 -1.5670 0 0
634 -0.4381 -1.6288 0 0
635 -1.8506 0.3434 0 0
636 -1.6515 0.4721 0 0
637 2.6517 -1.1811 0 0
638 2.6592 -1.4051 0 0
639 1.0733 0.4477 0 0
640 0.9275 0.3032 0 0
641 1.0542 0.2254 0 0
642 -1.7970 -0.0977 0 0
643 -1.8165 0.1171 0 0
644 0.7145 -1.0302 0 0
645 0.6743 -1.1975 0 0
646 0.8956 -1.0847 0 0
647 0.5390 -0.9377 0 0
648 0.7602 -0.8249 0 0
649 1.9724 0.2946 0 0
650 1.7667 0.4201 0 0
651 -0.8865 0.6491 0 0
652 -1.0268 0.4812 0 0
653 1.9358 1.8206 0 0
654 2.1358 1.8206 0 0
655 -1.0893 1.8177 0 0
656 -0.9826 1.6460 0 0
657 1.6759 -0.5661 0 0
658 1.4469 -0.5787 0 0
659 1.5460 -0.7449 0 0
660 1.2423 -0.5305 0 0
661 1.3722 -0.3517 0 0
662 0.4006 1.4883 0 0
663 0.1761 1.3654 0 0
664 0.3701 1.2860 0 0
665 1.0380 -0.1113 0 0
666 0.9463 -0.3192 0 0
667 -1.0661 1.4366 0 0
668 -0.8700 1.4473 0 0
669 -0.2396 1.2135 0 0
670 -0.0107 1.2867 0 0
671 0.8164 0.4535 0 0
672 0.7974 0.2312 0 0
673 -1.7697 0.8604 0 0
674 -1.9822 0.9181 0 0
675 -0.5119 -0.2140 0 0
676 -0.6434 -1.3458 0 0
677 -0.8248 -1.4264 0 0
678 3.3808 1.6433 0 0
679 3.4951 1.8593 0 0
680 0.3308 1.0885 0 0
681 0.5553 1.2114 0 0
682 -2.6069 -1.8537 0 0
683 3.7455 0.5422 0 0
684 3.8811 0.4888 0 0
685 3.8856 0.6811 0 0
686 -3.7662 -0.5676 0 0
687 -3.8966 -0.4991 0 0
688 -3.8970 -0.6981 0 0
689 3.6749 -1.6009 0 0
690 3.6627 -1.8472 0 0
691 -1.4342 -0.7880 0 0
692 -1.3069 -0.6724 0 0
693 -1.4727 -0.5344 0 0
694 -1.1863 -0.4881 0 0
695 -1.1479 -0.7417 0 0
696 -0.6339 -1.1953 0 0
697 -0.5956 1.6648 0 0
698 -0.5024 1.8365 0 0
699 4.2524 -0.7739 0 0
700 4.3613 -0.9652 0 0
701 4.4928 -0.7913 0 0
702 -4.2671 0.7485 0 0
703 -4.3755 0.9293 0 0
704 -4.4923 0.7808 0 0
705 4.4711 -1.1292 0 0
706 4.2307 -1.1118 0 0
707 -4.4308 1.1499 0 0
708 -4.2055 1.1176 0 0
709 -4.2434 -1.1223 0 0
710 -4.3718 -0.9417 0 0
711 -4.4774 -1.1558 0 0
712 4.2055 1.1280 0 0
713 4.3493 0.9582 0 0
714 4.4579 1.1524 0 0
715 -4.4942 -0.7908 0 0
716 -4.2601 -0.7574 0 0
717 4.4921 0.7946 0 0
718 4.2397 0.7701 0 0
719 2.2235 0.7323 0 0
720 2.4116 0.7872 0 0
721 2.5753 0.7799 0 0
722 2.4478 0.5721 0 0
723 -3.3407 1.6955 0 0
724 -1.1330 1.2739 0 0
725 -1.2455 1.4726 0 0
726 3.3721 -0.5706 0 0
727 3.3535 -0.3750 0 0
728 3.1986 -0.4504 0 0
729 0.6549 -0.5337 0 0
730 1.5164 -0.2434 0 0
731 1.3118 -0.1953 0 0
732 1.4726 -0.9195 0 0
733 1.2709 -1.0021 0 0
734 -1.0132 -1.2731 0 0
735 -1.0465 -1.0656 0 0
736 -1.2351 -1.1334 0 0
737 -2.7506 -1.6374 0 0
738 -2.6906 -1.4890 0 0
739 -2.8274 -1.4191 0 0
740 4.6458 -0.3950 0 0
741 4.8582 -0.4983 0 0
742 -4.6458 0.3935 0 0
743 -4.8581 0.4968 0 0
744 -1.5185 -1.8312 0 0
745 -1.7185 -1.8312 0 0
746 1.7566 1.8470 0 0
747 1.8924 1.6677 0 0
748 3.6182 -1.4145 0 0
749 3.7949 -1.3144 0 0
750 3.5888 -1.2214 0 0
751 1.1641 -1.8262 0 0
752 1.1517 -1.6223 0 0
753 0.9876 -1.7961 0 0
754 -4.1503 1.8241 0 0
755 3.8798 1.8098 0 0
756 4.0798 1.8098 0 0
757 4.8009 -0.8913 0 0
758 4.8009 -1.0913 0 0
759 -4.8003 0.8808 0 0
760 -4.8003 1.0808 0 0
761 4.8009 1.0913 0 0
762 4.8009 0.8913 0 0
763 -4.8029 -1.0876 0 0
764 -4.8029 -0.8876 0 0
765 -2.8069 -1.8537 0 0
766 -2.9437 -1.7838 0 0
767 -3.0643 -1.4388 0 0
768 -3.0043 -1.2903 0 0
769 -1.9423 -0.2071 0 0
770 -1.7453 -0.2970 0 0
771 -1.4727 -0.3031 0 0
772 -1.2772 -0.2100 0 0
773 -3.9081 -1.8213 0 0
774 -4.1081 -1.8213 0 0
775 1.3641 -1.8262 0 0
776 -3.9522 -0.8374 0 0
777 -4.0483 -1.0603 0 0
778 -3.8627 -0.9895 0 0
779 0.1191 -1.6250 0 0
780 0.0476 -1.8304 0 0
781 -3.6006 -0.6268 0 0
782 -3.6001 -0.4278 0 0
783 -0.1524 -1.8304 0 0
784 -1.7013 1.7945 0 0
785 -1.5013 1.7945 0 0
786 -3.2968 0.1777 0 0
787 -3.4646 0.3266 0 0
788 3.5852 0.8652 0 0
789 3.4376 0.8011 0 0
790 3.6023 0.6704 0 0
791 1.3084 1.3950 0 0
792 1.2098 1.5538 0 0
793 1.1021 1.3677 0 0
794 3.5951 1.5534 0 0
795 3.3857 1.4782 0 0
796 1.1264 -0.8375 0 0
797 1.0802 -1.0821 0 0
798 4.7883 0.3248 0 0
799 -4.7883 -0.3248 0 0
800 1.1992 0.2166 0 0
801 1.3902 0.1967 0 0
802 1.3910 0.3501 0 0
803 1.3271 -0.0119 0 0
804 3.4688 -1.5079 0 0
805 -3.7889 -1.1688 0 0
806 -3.6929 -0.9459 0 0
807 3.0919 1.3483 0 0
808 2.9660 1.4554 0 0
809 2.8864 1.2357 0 0
810 3.5978 0.4781 0 0
811 1.3726 1.1695 0 0
812 1.4803 1.3556 0 0
813 2.8672 1.8389 0 0
814 2.9529 1.6229 0 0
815 3.6357 0.1434 0 0
816 3.6933 -0.0228 0 0
817 3.7987 0.1837 0 0
818 3.4718 0.1205 0 0
819 3.5772 0.3269 0 0
820 -2.4949 -0.6135 0 0
821 -2.3107 -0.6674 0 0
822 3.7661 -0.9440 0 0
823 3.9432 -1.0345 0 0
824 3.9438 -0.8572 0 0
825 3.3552 -0.1589 0 0
826 3.5286 -0.2791 0 0
827 -2.2393 0.4376 0 0
828 -2.2243 0.5910 0 0
829 -2.4014 0.5837 0 0
830 -2.2376 0.7774 0 0
831 4.5501 -0.5983 0 0
832 4.4796 -0.3967 0 0
833 -4.5501 0.5968 0 0
834 -4.4796 0.3967 0 0
835 -4.3097 1.5499 0 0
836 -4.4757 1.6653 0 0
837 -4.4269 1.4535 0 0
838 -1.3906 1.6122 0 0
839 -1.2893 1.8177 0 0
840 1.7016 -0.9068 0 0
841 -0.8338 -1.0136 0 0
842 -1.0557 -0.8739 0 0
843 -3.1182 -0.3811 0 0
844 -3.3123 -0.3324 0 0
845 -3.2404 -0.5358 0 0
846 -3.7404 -1.8682 0 0
847 -3.8485 -1.6895 0 0
848 1.1830 -0.1202 0 0
849 -4.4635 -1.4572 0 0
850 -4.4674 -1.6691 0 0
851 -4.3529 -1.5482 0 0
852 -4.2296 1.7050 0 0
853 1.2003 1.0025 0 0
854 1.3723 0.9631 0 0
855 1.5714 0.9509 0 0
856 1.3991 0.7839 0 0
857 1.0281 1.1695 0 0
858 1.0277 0.9631 0 0
859 0.9995 0.7899 0 0
860 0.8272 0.9569 0 0
861 -1.3950 -1.1192 0 0
862 -1.3616 -1.3267 0 0
863 -1.1191 1.0830 0 0
864 -1.3787 -1.4969 0 0
865 -1.2189 -1.5111 0 0
866 -3.6591 0.4245 0 0
867 -3.6671 0.2427 0 0
868 -3.8142 0.5536 0 0
869 -3.6116 0.6376 0 0
870 -3.5887 0.8498 0 0
871 -3.6293 1.0221 0 0
872 -3.8072 0.9389 0 0
873 0.0848 0.8385 0 0
874 0.0300 0.6264 0 0
875 0.1808 0.6525 0 0
876 -0.0856 0.5208 0 0
877 -0.1816 0.7068 0 0
878 -2.1769 0.9762 0 0
879 -2.3256 0.9359 0 0
880 -2.9724 1.7267 0 0
881 -1.8288 -1.6401 0 0
882 -1.9103 -1.8088 0 0
883 0.9295 1.3283 0 0
884 0.7250 1.2695 0 0
885 0.7991 1.4677 0 0
886 -4.1865 -1.7014 0 0
887 -4.1826 -1.4895 0 0
888 -2.9573 0.2850 0 0
889 -2.9414 0.4953 0 0
890 1.6056 1.4831 0 0
891 1.6699 1.2576 0 0
892 -3.1997 -1.5103 0 0
893 -3.0229 -1.6390 0 0
894 -1.4365 -1.6718 0 0
895 -1.5792 -1.4875 0 0
896 -2.1194 -1.4369 0 0
897 -3.0059 0.8390 0 0
898 -3.1667 0.9899 0 0
899 -3.2500 0.7822 0 0
900 -3.3227 1.1264 0 0
901 1.5902 0.5509 0 0
902 -3.3011 -1.0955 0 0
903 -3.4900 -1.0031 0 0
904 -2.8948 -0.6693 0 0
905 -2.6490 -0.6105 0 0
906 -2.8006 -0.5257 0 0
907 -1.4949 -0.9530 0 0
908 -1.6215 -1.1463 0 0
909 -0.9402 1.0237 0 0
910 -3.4872 1.1194 0 0
911 -3.7057 1.2084 0 0
912 -2.9416 -0.4272 0 0
913 3.3080 0.8989 0 0
914 3.3250 0.7041 0 0
915 1.8782 -0.5495 0 0
916 1.7791 -0.3833 0 0
917 -1.9504 -1.4585 0 0
918 -1.7586 -1.4809 0 0
919 -0.8081 1.1273 0 0
920 -0.7948 0.9131 0 0
921 -0.3583 -0.5131 0 0
922 -0.2740 -0.6745 0 0
923 -0.4287 -0.3603 0 0
924 -0.3168 -0.1462 0 0
925 -2.5685 0.5691 0 0
926 -2.7571 0.5336 0 0
927 -2.6049 0.3948 0 0
928 -2.0281 0.2186 0 0
929 -2.8658 -1.1241 0 0
930 -3.1026 -1.1439 0 0
931 0.6575 0.8988 0 0
932 0.4764 0.8169 0 0
933 0.6179 0.7018 0 0
934 -2.4768 0.8619 0 0
935 -2.4160 1.0607 0 0
936 -3.6783 1.3879 0 0
937 3.8983 -1.2037 0 0
938 4.0761 -1.1170 0 0
939 0.3214 -0.9960 0 0
940 0.0495 -1.0604 0 0
941 -0.2540 0.4347 0 0
942 -3.9990 1.0041 0 0
943 3.0025 -0.3482 0 0
944 3.0211 -0.5438 0 0
945 -3.1626 -0.9292 0 0
946 -3.2037 -0.7327 0 0
947 -3.0052 -0.7811 0 0
948 1.0534 0.0720 0 0
949 -2.5535 0.7224 0 0
950 -0.1433 -1.1248 0 0
951 -0.3396 -1.0816 0 0
952 3.9788 0.1847 0 0
953 4.0099 0.0009 0 0
954 -3.9548 -0.2068 0 0
955 -3.9852 -0.0226 0 0
956 3.9212 0.3510 0 0
957 -3.7864 -0.2147 0 0
958 -3.9341 -0.3607 0 0
959 2.6498 1.1689 0 0
960 2.6115 1.3805 0 0
961 2.3401 0.3669 0 0
962 0.3362 0.7422 0 0
963 4.3882 -0.2644 0 0
964 4.2925 -0.4676 0 0
965 -4.3880 0.2648 0 0
966 -4.2923 0.4681 0 0
967 4.1822 -0.1754 0 0
968 -4.1820 0.1759 0 0
969 1.0654 -0.4539 0 0
970 1.1401 -0.6809 0 0
971 2.7474 1.5103 0 0
972 -0.1645 -0.7880 0 0
973 -0.0433 -0.9135 0 0
974 3.9234 0.8341 0 0
975 3.9101 0.9927 0 0
976 3.7366 0.8930 0 0
977 -4.0649 -0.4912 0 0
978 4.0613 0.4898 0 0
979 4.0140 1.0973 0 0
980 3.8273 1.1562 0 0
981 -2.5629 1.1301 0 0
982 -2.7449 1.0167 0 0
983 0.2033 1.7839 0 0
984 0.3593 1.6290 0 0
985 0.3560 1.8451 0 0
986 2.2950 -1.8130 0 0
987 -2.0493 -1.2777 0 0
988 3.2363 1.4192 0 0
989 3.4505 1.3292 0 0
990 3.7656 1.3245 0 0
991 3.9454 1.4402 0 0
992 3.7798 1.5039 0 0
993 4.1369 1.4708 0 0
994 4.1227 1.2915 0 0
995 -1.9629 1.5137 0 0
996 -2.1918 1.6462 0 0
997 -2.1673 1.4586 0 0
998 2.8166 -0.2272 0 0
999 2.9941 -0.1338 0 0
1000 2.1744 -1.6293 0 0
1001 2.0794 -1.8163 0 0
1002 -3.0791 -1.8553 0 0
1003 3.2954 -1.8213 0 0
1004 -2.0756 -0.1379 0 0
1005 -2.0240 -0.3372 0 0
1006 1.1000 -1.4194 0 0
1007 -1.1950 -0.3423 0 0
1008 -1.1269 -0.1335 0 0
1009 -1.6607 -0.8150 0 0
1010 -1.0635 0.1010 0 0
1011 -1.0627 0.3386 0 0
1012 0.0613 1.8594 0 0
1013 0.0646 1.6433 0 0
1014 -2.0702 1.0767 0 0
1015 2.6672 1.8389 0 0
1016 2.8969 0.5579 0 0
1017 2.7608 0.6730 0 0
1018 -2.0937 1.8506 0 0
1019 3.1567 1.1994 0 0
1020 0.7740 -0.6684 0 0
1021 0.8441 -0.4696 0 0
1022 2.4739 -0.0261 0 0
1023 2.6800 -0.1097 0 0
1024 -1.6000 -0.4188 0 0
1025 -1.7453 -0.5282 0 0
1026 -0.7521 1.2881 0 0
1027 -0.6686 1.4974 0 0
1028 -3.3539 -0.1772 0 0
1029 -3.4760 -0.3319 0 0
1030 2.7246 0.8881 0 0
1031 1.8115 -1.0391 0 0
1032 1.8848 -0.8645 0 0
1033 4.8477 -1.4423 0 0
1034 4.6367 -1.4313 0 0
1035 4.7890 -1.5890 0 0
1036 -4.8477 1.4423 0 0
1037 -4.6442 1.4267 0 0
1038 -4.7965 1.5844 0 0
1039 -4.7890 -1.5890 0 0
1040 -4.6367 -1.4313 0 0
1041 -4.8477 -1.4423 0 0
1042 4.7890 1.5890 0 0
1043 4.6367 1.4313 0 0
1044 4.8477 1.4423 0 0
1045 4.4423 1.8477 0 0
1046 4.4313 1.6367 0 0
1047 4.5890 1.7890 0 0
1048 0.1906 1.0138 0 0
1049 2.0800 -1.4633 0 0
1050 2.2956 -1.4600 0 0
1051 -0.8822 0.3460 0 0
1052 -0.3024 1.8365 0 0
1053 -0.6067 1.1775 0 0
1054 1.4080 1.7906 0 0
1055 1.5647 1.6376 0 0
1056 1.5566 1.8470 0 0
1057 -1.3180 -1.8406 0 0
1058 3.4627 -1.8472 0 0
1059 -2.3305 1.3629 0 0
1060 -2.1016 1.2305 0 0
1061 3.6951 1.8593 0 0
1062 3.7749 1.6690 0 0
1063 4.5520 0.6047 0 0
1064 4.6616 0.7927 0 0
1065 -4.5511 -0.6048 0 0
1066 -4.6628 -0.7892 0 0
1067 4.8607 0.7014 0 0
1068 -4.8599 -0.7016 0 0
1069 4.8582 -0.6983 0 0
1070 4.6591 -0.7896 0 0
1071 -4.8581 0.6968 0 0
1072 -4.6585 0.7776 0 0
1073 4.5180 -1.2802 0 0
1074 4.6486 -1.1336 0 0
1075 -4.4781 1.3114 0 0
1076 -4.6480 1.1231 0 0
1077 4.2994 1.5088 0 0
1078 4.1221 1.6575 0 0
1079 4.6486 1.1336 0 0
1080 4.5048 1.3033 0 0
1081 -4.6506 -1.1299 0 0
1082 -4.5222 -1.3105 0 0
1083 -3.2909 -1.6689 0 0
1084 -0.7333 -1.0955 0 0
1085 -0.5426 -1.0856 0 0
1086 4.2637 -1.4548 0 0
1087 4.4593 -1.4269 0 0
1088 3.0450 0.6393 0 0
1089 3.0318 0.4161 0 0
1090 2.5844 -1.0052 0 0
1091 2.4511 -1.1099 0 0
1092 2.3598 -1.2900 0 0
1093 2.2925 -1.1140 0 0
1094 3.3459 -0.7742 0 0
1095 3.5008 -0.6988 0 0
1096 0.9494 -0.7609 0 0
1097 0.5560 1.8451 0 0
1098 0.9001 1.6468 0 0
1099 0.6956 1.5880 0 0
1100 -0.1956 -0.0051 0 0
1101 -0.3054 0.1340 0 0
1102 2.7757 1.0618 0 0
1103 2.9612 0.9549 0 0
1104 4.8477 -1.2423 0 0
1105 -4.8477 1.2423 0 0
1106 4.8477 1.2423 0 0
1107 -4.8477 -1.2423 0 0
1108 4.2423 1.8477 0 0
1109 -2.1829 -1.1061 0 0
1110 -2.3385 -1.0049 0 0
1111 1.8794 -1.8163 0 0
1112 -1.7950 1.6451 0 0
1113 0.3758 0.9392 0 0
1114 -3.3313 -0.0165 0 0
1115 -3.1555 0.0164 0 0
1116 -2.9737 0.1175 0 0
1117 -3.0083 -0.0767 0 0
1118 -2.4774 1.4323 0 0
1119 3.6970 -0.4118 0 0
1120 3.6987 -0.1957 0 0
1121 3.8169 -0.5475 0 0
1122 3.6468 -0.6310 0 0
1123 -3.4337 0.7207 0 0
1124 2.1319 -0.0475 0 0
1125 2.3331 -0.0099 0 0
1126 2.1948 0.1168 0 0
1127 -3.2751 1.8481 0 0
1128 -3.0751 1.8481 0 0
1129 4.4461 1.4501 0 0
1130 -1.0305 -1.6644 0 0
1131 -1.1180 -1.8406 0 0
1132 2.0723 0.1967 0 0
1133 2.0511 0.4121 0 0
1134 -1.7009 -1.3059 0 0
1135 0.8317 -1.6483 0 0
1136 0.8441 -1.8523 0 0
1137 1.9876 -0.1438 0 0
1138 2.1258 -0.2705 0 0
1139 2.2175 0.4467 0 0
1140 2.2734 0.2343 0 0
1141 0.7427 0.5826 0 0
1142 -1.7332 1.0539 0 0
1143 0.6550 -1.5603 0 0
1144 -0.1387 1.8594 0 0
1145 -3.8344 0.1399 0 0
1146 -3.6398 0.0420 0 0
1147 3.8617 -0.1554 0 0
1148 2.4541 -1.4559 0 0
1149 2.1177 0.5447 0 0
1150 3.1705 -0.0627 0 0
1151 2.9845 0.0582 0 0
1152 -1.9069 1.1724 0 0
1153 -1.0134 -1.4943 0 0
1154 -3.8582 -1.3322 0 0
1155 -3.9875 -1.4275 0 0
1156 -3.8869 -1.5473 0 0
1157 -4.1539 -1.2744 0 0
1158 -3.7191 -1.5942 0 0
1159 0.0198 1.4890 0 0
1160 2.5169 -0.6091 0 0
1161 2.7313 -0.5778 0 0
1162 2.6105 -0.4729 0 0
1163 -3.3977 -0.6840 0 0
1164 -3.5638 -0.8238 0 0
1165 -1.8937 1.8506 0 0
1166 3.6206 -0.8345 0 0
1167 -0.6344 0.8644 0 0
1168 -0.4591 0.8644 0 0
1169 -0.4874 1.0167 0 0
1170 -0.3046 0.8089 0 0
1171 -0.4517 0.6567 0 0
1172 2.6884 -0.3241 0 0
1173 2.4740 -0.3554 0 0
1174 2.1892 -0.9654 0 0
1175 2.0979 -1.1454 0 0
1176 -3.4656 1.8473 0 0
1177 3.1039 0.9652 0 0
1178 3.2164 1.0622 0 0
1179 4.0152 -0.1719 0 0
1180 4.0340 -0.3318 0 0
1181 -4.0125 0.1781 0 0
1182 -4.0311 0.3384 0 0
1183 4.6491 0.4263 0 0
1184 -4.6482 -0.4264 0 0
1185 4.8607 0.5014 0 0
1186 -4.8599 -0.5016 0 0
1187 2.8738 -0.6094 0 0
1188 3.0699 -0.7116 0 0
1189 2.3332 -0.3392 0 0
1190 2.1888 -0.4355 0 0
1191 1.7493 -1.1710 0 0
1192 1.9325 -1.1287 0 0
1193 2.0358 -1.2773 0 0
1194 1.9146 -1.4466 0 0
1195 1.8027 -1.5526 0 0
1196 1.7585 -1.3666 0 0
1197 2.2519 -0.5986 0 0
1198 2.2457 -0.8135 0 0
1199 2.3899 -0.7191 0 0
1200 3.3581 -1.6685 0 0
1201 -1.7546 -0.6817 0 0
1202 -0.1222 1.5645 0 0
1203 3.9108 -0.6834 0 0
1204 3.9610 -0.4642 0 0
1205 -3.9196 0.6774 0 0
1206 -3.9671 0.4643 0 0
1207 1.9334 1.5132 0 0
1208 1.7542 1.5396 0 0
1209 -3.0135 -0.2238 0 0
1210 3.5719 1.0238 0 0
1211 2.2670 1.5297 0 0
1212 2.0952 1.4475 0 0
1213 2.5107 -0.8240 0 0
1214 2.7113 -0.8952 0 0
1215 3.1076 -1.1610 0 0
1216 2.9665 -1.0420 0 0
1217 -2.2912 -0.8581 0 0
1218 -2.4822 -0.9069 0 0
1219 -2.1671 -0.7653 0 0
1220 3.3608 1.1331 0 0
1221 0.5533 1.5496 0 0
1222 2.4110 -0.1904 0 0
1223 1.7927 -1.6921 0 0
1224 1.7134 -1.8758 0 0
1225 3.6200 -1.0118 0 0
1226 3.4433 -1.1119 0 0
1227 3.5103 1.1921 0 0
1228 3.6617 1.2200 0 0
1229 2.0446 -0.5299 0 0
1230 1.9413 -0.7126 0 0
1231 0.7386 -1.3341 0 0
1232 1.2000 0.5831 0 0
1233 1.0733 0.6608 0 0
1234 1.6367 -1.6121 0 0
1235 -2.8100 0.1919 0 0
1236 3.3113 -0.9549 0 0
1237 3.2801 -1.1645 0 0
1238 3.3456 0.0331 0 0
1239 -2.8973 1.8786 0 0
1240 -0.4313 1.1775 0 0
1241 -0.3588 1.3743 0 0
1242 1.0401 -1.2493 0 0
1243 0.9153 -1.4221 0 0
1244 0.7986 -1.5041 0 0
1245 0.6543 1.7287 0 0
1246 -3.4951 -0.0159 0 0
1247 4.1858 -1.2810 0 0
1248 4.1090 -1.4600 0 0
1249 3.9277 -1.3969 0 0
1250 -2.8537 -0.8659 0 0
1251 1.9570 1.3195 0 0
1252 -0.2411 1.6959 0 0
1253 3.3014 -1.4820 0 0
1254 -3.2791 -1.8553 0 0
1255 -0.3456 -0.8644 0 0
1256 3.2871 0.2166 0 0
1257 2.5068 1.8737 0 0
1258 2.5740 1.7126 0 0
1259 2.5984 1.5480 0 0
1260 2.4381 1.5828 0 0
1261 3.0223 0.2319 0 0
1262 3.1704 0.3134 0 0
1263 1.8725 -0.2594 0 0
1264 1.2975 0.4685 0 0
1265 1.2975 0.6816 0 0
1266 -3.9584 0.8319 0 0
1267 -0.7110 0.3970 0 0
1268 -0.5909 0.5088 0 0
1269 -0.7262 0.6004 0 0
1270 -0.4365 0.4533 0 0
1271 -4.6786 -1.6786 0 0
1272 -4.5679 -1.7696 0 0
1273 -4.6896 -1.8896 0 0
1274 -4.4784 -1.8800 0 0
1275 4.6786 -1.6786 0 0
1276 4.8896 -1.6896 0 0
1277 -4.6860 1.6740 0 0
1278 -4.8896 1.6896 0 0
1279 4.6896 -1.8896 0 0
1280 4.6786 1.6786 0 0
1281 4.6896 1.8896 0 0
1282 4.8896 1.6896 0 0
1283 -4.8896 -1.6896 0 0
1284 1.6701 -0.2760 0 0
1285 -3.5404 -1.8682 0 0
1286 -4.6896 1.8896 0 0
1287 -4.5688 1.7704 0 0
1288 -4.4793 1.8808 0 0
1289 3.3172 0.5519 0 0
1290 3.1877 0.6497 0 0
1291 -2.1356 0.0907 0 0
1292 -2.3544 0.0405 0 0
1293 -2.2127 -0.0581 0 0
1294 3.2966 0.4008 0 0
1295 -3.4117 -1.8136 0 0
1296 3.1826 -0.8268 0 0
1297 -2.6847 0.1020 0 0
1298 -2.6682 0.2695 0 0
1299 -2.4796 0.3050 0 0
1300 -0.3933 0.2868 0 0
1301 0.8728 0.6545 0 0
1302 -2.0479 -0.6440 0 0
1303 1.2908 1.8906 0 0
1304 1.2988 1.6812 0 0
1305 1.0925 1.6538 0 0
1306 -2.7468 -1.0157 0 0
1307 -1.0021 -0.0614 0 0
1308 -0.4777 1.5056 0 0
1309 1.4967 0.6693 0 0
1310 1.4886 0.4486 0 0
1311 -2.9049 0.6696 0 0
1312 0.6857 1.0720 0 0
1313 -3.6624 -0.1187 0 0
1314 -3.5521 -1.6818 0 0
1315 -2.4872 0.0357 0 0
1316 2.3068 1.8737 0 0
1317 4.2194 -0.6001 0 0
1318 4.0879 -0.7740 0 0
1319 -4.2283 0.5940 0 0
1320 -4.1114 0.7426 0 0
1321 2.2426 1.6943 0 0
1322 -3.6417 -0.2726 0 0
1323 0.8983 1.8836 0 0
1324 0.9891 1.7742 0 0
1325 1.0908 1.8906 0 0
1326 4.0590 0.7807 0 0
1327 4.2019 0.6171 0 0
1328 -4.0825 -0.7689 0 0
1329 -4.2049 -0.6180 0 0
1330 -0.2859 1.5416 0 0
1331 -2.8217 0.8773 0 0
1332 -2.6439 0.8473 0 0
1333 -2.3468 0.3098 0 0
1334 -2.1697 0.3171 0 0
1335 3.2396 -1.3180 0 0
1336 3.1289 -1.4786 0 0
1337 -0.4391 -0.9818 0 0
1338 -2.6364 -0.9039 0 0
1339 3.0528 0.7915 0 0
1340 -4.2784 -1.8800 0 0
1341 -4.2793 1.8808 0 0
1342 1.7032 1.0597 0 0
1343 -2.4117 1.2042 0 0
1344 1.5134 -1.8758 0 0
1345 4.8896 -1.8896 0 0
1346 -4.8896 1.8896 0 0
1347 4.8896 1.8896 0 0
1348 -4.8896 -1.8896 0 0
1349 -0.3070 -1.8856 0 0
1350 0.6983 1.8836 0 0
1351 1.8285 1.1872 0 0
1352 1.9903 1.1216 0 0
1353 3.0353 -0.8923 0 0
1354 2.8538 -0.9268 0 0
1355 2.0512 -0.8449 0 0
1356 3.4340 0.4551 0 0
1357 -0.2594 -1.7160 0 0
1358 4.1280 -0.4677 0 0
1359 -4.1366 0.4622 0 0
1360 -1.8999 -0.5599 0 0
1361 -2.0386 -0.4905 0 0
1362 1.4775 -1.7020 0 0
1363 -2.4101 0.1845 0 0
1364 -0.7664 0.7609 0 0
1365 2.7801 -0.7456 0 0
1366 -2.5891 -0.7571 0 0
