0 0.4750 0.0000 0 -1
1 0.9750 0.0000 0 -1
2 0.9250 0.0000 0 -1
3 0.8750 0.0000 0 -1
4 0.8250 0.0000 0 -1
5 0.7750 0.0000 0 -1
6 0.7250 0.0000 0 -1
7 0.6750 0.0000 0 -1
8 0.6250 0.0000 0 -1
9 0.5750 0.0000 0 -1
10 0.5250 0.0000 0 -1
11 1.0250 0.0000 0 -1
12 0.4250 0.0000 0 -1
13 0.3750 0.0000 0 -1
14 0.3250 0.0000 0 -1
15 0.2750 0.0000 0 -1
16 0.2250 0.0000 0 -1
17 0.1750 0.0000 0 -1
18 0.1250 0.0000 0 -1
19 0.0750 0.0000 0 -1
20 0.0250 0.0000 0 -1
21 1.5250 0.0000 0 -1
22 1.9750 0.0000 0 -1
23 1.9250 0.0000 0 -1
24 1.8750 0.0000 0 -1
25 1.8250 0.0000 0 -1
26 1.7750 0.0000 0 -1
27 1.7250 0.0000 0 -1
28 1.6750 0.0000 0 -1
29 1.6250 0.0000 0 -1
30 1.5750 0.0000 0 -1
31 1.9500 0.0000 0 -1
32 1.4750 0.0000 0 -1
33 1.4250 0.0000 0 -1
34 1.3750 0.0000 0 -1
35 1.3250 0.0000 0 -1
36 1.2750 0.0000 0 -1
37 1.2250 0.0000 0 -1
38 1.1750 0.0000 0 -1
39 1.1250 0.0000 0 -1
40 1.0750 0.0000 0 -1
41 0.4500 0.0000 0 -1
42 0.9000 0.0000 0 -1
43 0.8500 0.0000 0 -1
44 0.8000 0.0000 0 -1
45 0.7500 0.0000 0 -1
46 0.7000 0.0000 0 -1
47 0.6500 0.0000 0 -1
48 0.6000 0.0000 0 -1
49 0.5500 0.0000 0 -1
50 0.5000 0.0000 0 -1
51 0.9500 0.0000 0 -1
52 0.4000 0.0000 0 -1
53 0.3500 0.0000 0 -1
54 0.3000 0.0000 0 -1
55 0.2500 0.0000 0 -1
56 0.2000 0.0000 0 -1
57 0.1500 0.0000 0 -1
58 0.1000 0.0000 0 -1
59 0.0500 0.0000 0 -1
60 2.0000 0.0000 0 -1
61 1.4500 0.0000 0 -1
62 1.9000 0.0000 0 -1
63 1.8500 0.0000 0 -1
64 1.8000 0.0000 0 -1
65 1.7500 0.0000 0 -1
66 1.7000 0.0000 0 -1
67 1.6500 0.0000 0 -1
68 1.6000 0.0000 0 -1
69 1.5500 0.0000 0 -1
70 1.5000 0.0000 0 -1
71 0.0000 0.0000 0 -1
72 1.4000 0.0000 0 -1
73 1.3500 0.0000 0 -1
74 1.3000 0.0000 0 -1
75 1.2500 0.0000 0 -1
76 1.2000 0.0000 0 -1
77 1.1500 0.0000 0 -1
78 1.1000 0.0000 0 -1
79 1.0500 0.0000 0 -1
80 1.0000 0.0000 0 -1
81 2.0000 0.0250 -1 0
82 2.0000 0.4750 -1 0
83 2.0000 0.4250 -1 0
84 2.0000 0.3750 -1 0
85 2.0000 0.3250 -1 0
86 2.0000 0.2750 -1 0
87 2.0000 0.2250 -1 0
88 2.0000 0.1750 -1 0
89 2.0000 0.1250 -1 0
90 2.0000 0.0750 -1 0
91 2.0000 0.5000 -1 0
92 2.0000 0.4500 -1 0
93 2.0000 0.4000 -1 0
94 2.0000 0.3500 -1 0
95 2.0000 0.3000 -1 0
96 2.0000 0.2500 -1 0
97 2.0000 0.2000 -1 0
98 2.0000 0.1500 -1 0
99 2.0000 0.1000 -1 0
100 2.0000 0.0500 -1 0
101 2.0000 0.5250 -1 0
102 2.0000 0.9750 -1 0
103 2.0000 0.9250 -1 0
104 2.0000 0.8750 -1 0
105 2.0000 0.8250 -1 0
106 2.0000 0.7750 -1 0
107 2.0000 0.7250 -1 0
108 2.0000 0.6750 -1 0
109 2.0000 0.6250 -1 0
110 2.0000 0.5750 -1 0
111 2.0000 1.0000 -1 0
112 2.0000 0.9500 -1 0
113 2.0000 0.9000 -1 0
114 2.0000 0.8500 -1 0
115 2.0000 0.8000 -1 0
116 2.0000 0.7500 -1 0
117 2.0000 0.7000 -1 0
118 2.0000 0.6500 -1 0
119 2.0000 0.6000 -1 0
120 2.0000 0.5500 -1 0
121 1.4750 1.0000 0 0
122 1.0250 1.0000 0 0
123 1.0750 1.0000 0 0
124 1.1250 1.0000 0 0
125 1.1750 1.0000 0 0
126 1.2250 1.0000 0 0
127 1.2750 1.0000 0 0
128 1.3250 1.0000 0 0
129 1.3750 1.0000 0 0
130 1.4250 1.0000 0 0
131 0.9750 1.0000 0 0
132 1.5250 1.0000 0 0
133 1.5750 1.0000 0 0
134 1.6250 1.0000 0 0
135 1.6750 1.0000 0 0
136 1.7250 1.0000 0 0
137 1.7750 1.0000 0 0
138 1.8250 1.0000 0 0
139 1.8750 1.0000 0 0
140 1.9250 1.0000 0 0
141 0.4750 1.0000 0 0
142 0.0250 1.0000 0 0
143 0.0750 1.0000 0 0
144 0.1250 1.0000 0 0
145 0.1750 1.0000 0 0
146 0.2250 1.0000 0 0
147 0.2750 1.0000 0 0
148 0.3250 1.0000 0 0
149 0.3750 1.0000 0 0
150 0.4250 1.0000 0 0
151 1.9750 1.0000 0 0
152 0.5250 1.0000 0 0
153 0.5750 1.0000 0 0
154 0.6250 1.0000 0 0
155 0.6750 1.0000 0 0
156 0.7250 1.0000 0 0
157 0.7750 1.0000 0 0
158 0.8250 1.0000 0 0
159 0.8750 1.0000 0 0
160 0.9250 1.0000 0 0
161 1.5000 1.0000 0 0
162 1.0500 1.0000 0 0
163 1.1000 1.0000 0 0
164 1.1500 1.0000 0 0
165 1.2000 1.0000 0 0
166 1.2500 1.0000 0 0
167 1.3000 1.0000 0 0
168 1.3500 1.0000 0 0
169 1.4000 1.0000 0 0
170 1.4500 1.0000 0 0
171 1.0000 1.0000 0 0
172 1.5500 1.0000 0 0
173 1.6000 1.0000 0 0
174 1.6500 1.0000 0 0
175 1.7000 1.0000 0 0
176 1.7500 1.0000 0 0
177 1.8000 1.0000 0 0
178 1.8500 1.0000 0 0
179 1.9000 1.0000 0 0
180 1.9500 1.0000 0 0
181 0.5000 1.0000 0 0
182 0.0500 1.0000 0 0
183 0.1000 1.0000 0 0
184 0.1500 1.0000 0 0
185 0.2000 1.0000 0 0
186 0.2500 1.0000 0 0
187 0.3000 1.0000 0 0
188 0.3500 1.0000 0 0
189 0.4000 1.0000 0 0
190 0.4500 1.0000 0 0
191 0.0000 1.0000 -1 0
192 0.5500 1.0000 0 0
193 0.6000 1.0000 0 0
194 0.6500 1.0000 0 0
195 0.7000 1.0000 0 0
196 0.7500 1.0000 0 0
197 0.8000 1.0000 0 0
198 0.8500 1.0000 0 0
199 0.9000 1.0000 0 0
200 0.9500 1.0000 0 0
201 0.0000 0.9750 -1 0
202 0.0000 0.5250 -1 0
203 0.0000 0.5750 -1 0
204 0.0000 0.6250 -1 0
205 0.0000 0.6750 -1 0
206 0.0000 0.7250 -1 0
207 0.0000 0.7750 -1 0
208 0.0000 0.8250 -1 0
209 0.0000 0.8750 -1 0
210 0.0000 0.9250 -1 0
211 0.0000 0.5000 -1 0
212 0.0000 0.5500 -1 0
213 0.0000 0.6000 -1 0
214 0.0000 0.6500 -1 0
215 0.0000 0.7000 -1 0
216 0.0000 0.7500 -1 0
217 0.0000 0.8000 -1 0
218 0.0000 0.8500 -1 0
219 0.0000 0.9000 -1 0
220 0.0000 0.9500 -1 0
221 0.0000 0.4750 -1 0
222 0.0000 0.0250 -1 0
223 0.0000 0.0750 -1 0
224 0.0000 0.1250 -1 0
225 0.0000 0.1750 -1 0
226 0.0000 0.2250 -1 0
227 0.0000 0.2750 -1 0
228 0.0000 0.3250 -1 0
229 0.0000 0.3750 -1 0
230 0.0000 0.4250 -1 0
231 0.0000 0.4500 -1 0
232 0.0000 0.0500 -1 0
233 0.0000 0.1000 -1 0
234 0.0000 0.1500 -1 0
235 0.0000 0.2000 -1 0
236 0.0000 0.2500 -1 0
237 0.0000 0.3000 -1 0
238 0.0000 0.3500 -1 0
239 0.0000 0.4000 -1 0
240 1.9500 0.5000 0 0
241 1.9000 0.5000 0 0
242 1.8500 0.5000 0 0
243 1.8000 0.5000 0 0
244 1.7500 0.5000 0 0
245 1.7000 0.5000 0 0
246 1.6500 0.5000 0 0
247 1.6000 0.5000 0 0
248 1.5500 0.5000 0 0
249 1.5000 0.5000 0 0
250 1.4500 0.5000 0 0
251 1.4000 0.5000 0 0
252 1.3500 0.5000 0 0
253 1.3000 0.5000 0 0
254 1.2500 0.5000 0 0
255 1.2000 0.5000 0 0
256 1.1500 0.5000 0 0
257 1.1000 0.5000 0 0
258 1.0500 0.5000 0 0
259 1.0000 0.5000 0 0
260 0.9500 0.5000 0 0
261 0.9000 0.5000 0 0
262 0.8500 0.5000 0 0
263 0.8000 0.5000 0 0
264 0.7500 0.5000 0 0
265 0.7000 0.5000 0 0
266 0.6500 0.5000 0 0
267 0.6000 0.5000 0 0
268 0.5500 0.5000 0 0
269 0.5000 0.5000 0 0
270 0.4500 0.5000 0 0
271 0.4000 0.5000 0 0
272 0.3500 0.5000 0 0
273 0.3000 0.5000 0 0
274 0.2500 0.5000 0 0
275 0.2000 0.5000 0 0
276 0.1500 0.5000 0 0
277 0.1000 0.5000 0 0
278 0.0500 0.5000 0 0
279 1.6538 0.2610 0 0
280 1.3511 0.2488 0 0
281 1.0513 0.2606 0 0
282 0.3462 0.2390 0 0
283 0.6399 0.2516 0 0
284 0.8511 0.2105 0 0
285 1.8224 0.3204 0 0
286 0.1776 0.1796 0 0
287 1.5000 0.3300 0 0
288 1.2018 0.3284 0 0
289 0.5122 0.1655 0 0
290 1.2066 0.1634 0 0
291 1.5140 0.1612 0 0
292 0.4860 0.3388 0 0
293 0.1574 0.3426 0 0
294 1.8426 0.1574 0 0
295 0.7834 0.3373 0 0
296 0.9304 0.3405 0 0
297 0.7283 0.1387 0 0
298 0.9723 0.1369 0 0
299 1.6788 0.1579 0 0
300 0.3212 0.3421 0 0
301 1.6506 0.3823 0 0
302 1.3500 0.3800 0 0
303 0.3494 0.1177 0 0
304 1.3505 0.1173 0 0
305 0.6487 0.4044 0 0
306 1.0584 0.3783 0 0
307 1.1050 0.1230 0 0
308 0.6052 0.1183 0 0
309 1.6020 0.1099 0 0
310 0.3980 0.3901 0 0
311 0.0976 0.2513 0 0
312 1.9024 0.2487 0 0
313 0.2407 0.2753 0 0
314 1.7593 0.2247 0 0
315 1.7541 0.4037 0 0
316 0.2459 0.0963 0 0
317 1.8939 0.3939 0 0
318 0.1061 0.1061 0 0
319 0.8503 0.0693 0 0
320 0.9511 0.2350 0 0
321 0.7530 0.2334 0 0
322 0.8566 0.4046 0 0
323 0.5537 0.4124 0 0
324 1.4463 0.0885 0 0
325 0.5426 0.2549 0 0
326 1.1392 0.2316 0 0
327 1.4585 0.2468 0 0
328 1.4507 0.4085 0 0
329 1.5500 0.4091 0 0
330 1.2501 0.4094 0 0
331 0.4477 0.0890 0 0
332 1.1397 0.4123 0 0
333 1.2478 0.2472 0 0
334 1.5525 0.2519 0 0
335 0.4491 0.2478 0 0
336 1.2557 0.0891 0 0
337 0.2720 0.1816 0 0
338 1.7280 0.3184 0 0
339 0.8555 0.2934 0 0
340 0.0921 0.4079 0 0
341 1.9079 0.0921 0 0
342 0.7488 0.4148 0 0
343 1.7659 0.0925 0 0
344 0.2341 0.4075 0 0
345 1.1735 0.0751 0 0
346 0.5330 0.0746 0 0
347 1.4221 0.3228 0 0
348 0.9804 0.4161 0 0
349 1.2802 0.3228 0 0
350 1.5814 0.3268 0 0
351 0.4209 0.1718 0 0
352 0.4675 0.4283 0 0
353 1.5324 0.0719 0 0
354 1.4241 0.1725 0 0
355 0.5954 0.3295 0 0
356 0.7012 0.3150 0 0
357 1.1047 0.3213 0 0
358 1.2823 0.1732 0 0
359 1.0273 0.0761 0 0
360 0.0831 0.3286 0 0
361 1.9169 0.1714 0 0
362 1.0063 0.3173 0 0
363 0.6752 0.0756 0 0
364 0.9417 0.0715 0 0
365 0.4001 0.3116 0 0
366 1.6002 0.1884 0 0
367 0.7589 0.0717 0 0
368 0.0743 0.1771 0 0
369 1.9257 0.3229 0 0
370 1.0410 0.1772 0 0
371 0.6619 0.1745 0 0
372 1.6693 0.0721 0 0
373 0.3307 0.4279 0 0
374 1.8261 0.4285 0 0
375 0.1739 0.0715 0 0
376 0.5924 0.1930 0 0
377 1.8352 0.2290 0 0
378 0.1648 0.2710 0 0
379 0.8944 0.1450 0 0
380 0.8060 0.1448 0 0
381 1.0515 0.4471 0 0
382 0.1567 0.4316 0 0
383 1.8433 0.0684 0 0
384 1.9442 0.4442 0 0
385 0.0558 0.0558 0 0
386 1.7224 0.1252 0 0
387 1.7626 0.1586 0 0
388 1.7190 0.1913 0 0
389 0.2776 0.3748 0 0
390 0.2374 0.3414 0 0
391 0.2810 0.3087 0 0
392 1.8042 0.1250 0 0
393 1.8009 0.1911 0 0
394 0.1958 0.3750 0 0
395 0.1991 0.3089 0 0
396 1.6253 0.4411 0 0
397 1.6753 0.4411 0 0
398 1.3250 0.4400 0 0
399 1.3750 0.4400 0 0
400 0.3747 0.0589 0 0
401 0.3247 0.0589 0 0
402 1.3753 0.0587 0 0
403 1.3253 0.0587 0 0
404 0.6243 0.4522 0 0
405 0.6743 0.4522 0 0
406 1.1729 0.1975 0 0
407 1.1221 0.1773 0 0
408 1.1558 0.1432 0 0
409 1.0901 0.2044 0 0
410 1.0730 0.1501 0 0
411 1.6663 0.2094 0 0
412 1.7065 0.2428 0 0
413 0.3337 0.2906 0 0
414 0.2935 0.2572 0 0
415 0.8783 0.4523 0 0
416 0.9185 0.4104 0 0
417 0.9402 0.4581 0 0
418 1.7024 0.3930 0 0
419 1.7270 0.4518 0 0
420 0.2976 0.1070 0 0
421 0.2730 0.0482 0 0
422 1.6270 0.2247 0 0
423 1.6395 0.1732 0 0
424 0.3731 0.2753 0 0
425 0.3607 0.3268 0 0
426 1.0462 0.2189 0 0
427 1.0953 0.2461 0 0
428 0.6987 0.4096 0 0
429 0.7244 0.4574 0 0
430 0.5768 0.4562 0 0
431 0.6012 0.4084 0 0
432 1.4231 0.0443 0 0
433 1.3984 0.1029 0 0
434 1.5750 0.4545 0 0
435 1.6003 0.3957 0 0
436 1.4003 0.3943 0 0
437 1.4253 0.4543 0 0
438 1.2750 0.4547 0 0
439 1.3000 0.3947 0 0
440 0.4238 0.0445 0 0
441 0.3985 0.1034 0 0
442 0.0460 0.4040 0 0
443 0.0460 0.4540 0 0
444 1.9540 0.0960 0 0
445 1.9540 0.0460 0 0
446 0.0960 0.4540 0 0
447 1.9040 0.0460 0 0
448 0.9554 0.3783 0 0
449 0.8935 0.3726 0 0
450 1.3508 0.1830 0 0
451 1.3873 0.1449 0 0
452 1.3876 0.2106 0 0
453 1.3167 0.2110 0 0
454 1.3164 0.1452 0 0
455 1.6909 0.2897 0 0
456 1.6893 0.3503 0 0
457 1.6522 0.3216 0 0
458 0.3091 0.2103 0 0
459 0.3107 0.1497 0 0
460 0.3478 0.1784 0 0
461 1.3031 0.1032 0 0
462 1.2778 0.0445 0 0
463 1.6160 0.3546 0 0
464 1.6176 0.2939 0 0
465 1.3506 0.3144 0 0
466 1.3151 0.3514 0 0
467 1.3156 0.2858 0 0
468 0.3851 0.1448 0 0
469 0.3836 0.2054 0 0
470 1.3866 0.2858 0 0
471 1.3860 0.3514 0 0
472 1.7330 0.0462 0 0
473 1.7176 0.0823 0 0
474 1.6847 0.0360 0 0
475 0.2670 0.4538 0 0
476 0.2824 0.4177 0 0
477 0.3153 0.4640 0 0
478 1.1367 0.0375 0 0
479 1.1392 0.0990 0 0
480 1.1025 0.0615 0 0
481 0.2170 0.4538 0 0
482 1.7830 0.0462 0 0
483 1.6011 0.1491 0 0
484 1.6404 0.1339 0 0
485 0.3991 0.3508 0 0
486 0.3596 0.3661 0 0
487 0.6750 0.3597 0 0
488 0.7250 0.3649 0 0
489 1.4753 0.4543 0 0
490 1.5003 0.4088 0 0
491 1.5250 0.4545 0 0
492 0.6026 0.0592 0 0
493 0.5691 0.0964 0 0
494 0.5665 0.0373 0 0
495 1.0662 0.0995 0 0
496 1.0636 0.0381 0 0
497 0.6706 0.2833 0 0
498 0.6483 0.3223 0 0
499 0.6176 0.2906 0 0
500 0.0488 0.2257 0 0
501 0.0488 0.2757 0 0
502 1.9512 0.2743 0 0
503 1.9512 0.2243 0 0
504 0.8533 0.2519 0 0
505 0.8043 0.2634 0 0
506 0.8021 0.2219 0 0
507 0.7682 0.2854 0 0
508 0.8195 0.3154 0 0
509 1.7770 0.4518 0 0
510 0.2230 0.0482 0 0
511 1.1900 0.1192 0 0
512 0.8561 0.3490 0 0
513 0.8929 0.3169 0 0
514 0.8200 0.3710 0 0
515 0.6376 0.0378 0 0
516 0.6402 0.0970 0 0
517 1.0067 0.1570 0 0
518 0.9960 0.2061 0 0
519 0.9617 0.1859 0 0
520 0.7661 0.3761 0 0
521 0.7423 0.3262 0 0
522 1.6741 0.1150 0 0
523 0.3259 0.3850 0 0
524 0.5226 0.1200 0 0
525 0.5587 0.1419 0 0
526 0.6220 0.3669 0 0
527 0.8752 0.0346 0 0
528 0.8252 0.0346 0 0
529 1.5250 0.3695 0 0
530 1.4753 0.3693 0 0
531 0.5988 0.1557 0 0
532 0.5523 0.1792 0 0
533 0.9902 0.4581 0 0
534 1.1699 0.4562 0 0
535 1.1949 0.4109 0 0
536 1.2250 0.4547 0 0
537 1.0012 0.2478 0 0
538 0.7407 0.1860 0 0
539 0.7075 0.2040 0 0
540 0.6951 0.1566 0 0
541 1.6010 0.0549 0 0
542 1.5672 0.0909 0 0
543 1.5662 0.0360 0 0
544 0.3990 0.4451 0 0
545 0.4328 0.4092 0 0
546 0.4338 0.4641 0 0
547 0.9227 0.1900 0 0
548 0.9333 0.1409 0 0
549 0.5268 0.4562 0 0
550 1.4731 0.0443 0 0
551 1.2259 0.3689 0 0
552 1.1708 0.3704 0 0
553 0.8283 0.4523 0 0
554 0.4738 0.0445 0 0
555 0.6509 0.2131 0 0
556 0.6965 0.2425 0 0
557 1.1867 0.0375 0 0
558 1.7752 0.3194 0 0
559 1.7436 0.2716 0 0
560 1.7908 0.2726 0 0
561 0.2248 0.1806 0 0
562 0.2564 0.2284 0 0
563 0.2092 0.2274 0 0
564 1.2278 0.0445 0 0
565 1.7883 0.3620 0 0
566 1.7411 0.3610 0 0
567 0.2117 0.1380 0 0
568 0.2589 0.1390 0 0
569 1.8624 0.2845 0 0
570 1.9140 0.2858 0 0
571 1.8740 0.3216 0 0
572 0.1376 0.2155 0 0
573 0.0860 0.2142 0 0
574 0.1260 0.1784 0 0
575 1.8242 0.3744 0 0
576 1.7901 0.4161 0 0
577 0.1758 0.1256 0 0
578 0.2099 0.0839 0 0
579 0.5274 0.2102 0 0
580 0.4959 0.2514 0 0
581 0.4807 0.2066 0 0
582 0.4676 0.2933 0 0
583 0.5143 0.2969 0 0
584 1.1705 0.2800 0 0
585 1.1935 0.2394 0 0
586 1.2248 0.2878 0 0
587 1.4793 0.2884 0 0
588 1.5055 0.2493 0 0
589 1.5262 0.2909 0 0
590 1.2272 0.2053 0 0
591 1.5332 0.2065 0 0
592 1.4863 0.2040 0 0
593 1.8582 0.3571 0 0
594 1.8600 0.4112 0 0
595 0.1418 0.1429 0 0
596 0.1400 0.0888 0 0
597 1.8389 0.1932 0 0
598 1.7972 0.2269 0 0
599 0.1611 0.3068 0 0
600 0.2028 0.2731 0 0
601 0.7744 0.4574 0 0
602 0.8027 0.4097 0 0
603 0.9011 0.2227 0 0
604 0.9033 0.2642 0 0
605 0.9407 0.2877 0 0
606 1.0780 0.2910 0 0
607 1.0555 0.3193 0 0
608 1.0288 0.2889 0 0
609 1.9469 0.3969 0 0
610 1.9098 0.3584 0 0
611 1.9628 0.3614 0 0
612 0.0531 0.1031 0 0
613 0.0902 0.1416 0 0
614 0.0372 0.1386 0 0
615 1.1199 0.4562 0 0
616 0.5165 0.0373 0 0
617 0.9208 0.0358 0 0
618 0.8960 0.0704 0 0
619 0.7672 0.1417 0 0
620 0.7795 0.1891 0 0
621 0.8727 0.1777 0 0
622 1.5162 0.0360 0 0
623 0.4838 0.4641 0 0
624 0.8046 0.0705 0 0
625 0.7795 0.0359 0 0
626 1.6347 0.0360 0 0
627 1.6356 0.0910 0 0
628 0.3653 0.4640 0 0
629 0.3644 0.4090 0 0
630 1.5580 0.1355 0 0
631 1.5571 0.1748 0 0
632 0.4420 0.3645 0 0
633 0.4431 0.3252 0 0
634 1.4413 0.2097 0 0
635 1.4048 0.2478 0 0
636 0.5690 0.2922 0 0
637 0.5913 0.2533 0 0
638 0.1370 0.0358 0 0
639 0.1031 0.0531 0 0
640 1.8630 0.4642 0 0
641 1.8969 0.4469 0 0
642 0.6876 0.0378 0 0
643 0.0372 0.1886 0 0
644 1.9628 0.3114 0 0
645 1.5232 0.1166 0 0
646 0.4768 0.3835 0 0
647 1.0323 0.3478 0 0
648 1.0815 0.3498 0 0
649 1.0136 0.0381 0 0
650 0.8286 0.1776 0 0
651 1.8688 0.2389 0 0
652 1.8761 0.2002 0 0
653 1.9097 0.2100 0 0
654 0.1312 0.2611 0 0
655 0.1239 0.2998 0 0
656 0.0903 0.2900 0 0
657 1.8798 0.1644 0 0
658 0.1202 0.3356 0 0
659 0.0415 0.3143 0 0
660 0.0415 0.3643 0 0
661 1.9585 0.1857 0 0
662 1.9585 0.1357 0 0
663 1.2146 0.0821 0 0
664 0.9180 0.1083 0 0
665 0.8723 0.1071 0 0
666 1.5669 0.2894 0 0
667 1.6032 0.2564 0 0
668 0.4350 0.2098 0 0
669 0.3976 0.2434 0 0
670 1.2640 0.2850 0 0
671 1.2994 0.2480 0 0
672 0.1712 0.2253 0 0
673 1.8288 0.2747 0 0
674 0.9787 0.2761 0 0
675 0.9683 0.3289 0 0
676 1.8130 0.4642 0 0
677 0.1870 0.0358 0 0
678 1.4403 0.2848 0 0
679 1.0757 0.4736 0 0
680 1.0956 0.4297 0 0
681 1.0990 0.3953 0 0
682 1.0549 0.4127 0 0
683 0.4903 0.0818 0 0
684 1.1222 0.3668 0 0
685 1.1533 0.3249 0 0
686 1.1220 0.2765 0 0
687 0.7271 0.2742 0 0
688 0.8282 0.1070 0 0
689 0.7825 0.1082 0 0
690 0.0876 0.3683 0 0
691 1.9124 0.1317 0 0
692 0.1571 0.3871 0 0
693 0.1244 0.4198 0 0
694 0.1247 0.3753 0 0
695 1.8429 0.1129 0 0
696 1.8756 0.0802 0 0
697 1.8753 0.1247 0 0
698 0.4800 0.1273 0 0
699 1.4364 0.3657 0 0
700 1.4610 0.3264 0 0
701 0.1954 0.4196 0 0
702 1.8046 0.0804 0 0
703 1.4894 0.0802 0 0
704 0.5106 0.4203 0 0
705 0.0809 0.0809 0 0
706 0.0779 0.0279 0 0
707 1.9721 0.4221 0 0
708 1.9191 0.4191 0 0
709 1.9221 0.4721 0 0
710 0.0279 0.0779 0 0
711 1.2651 0.2102 0 0
712 0.5407 0.3341 0 0
713 0.5745 0.3710 0 0
714 0.5198 0.3756 0 0
715 1.4691 0.1669 0 0
716 1.4352 0.1305 0 0
717 1.4801 0.1249 0 0
718 1.5763 0.2201 0 0
719 0.4246 0.2797 0 0
720 1.0194 0.3972 0 0
721 0.9934 0.3667 0 0
722 1.5657 0.3680 0 0
723 1.2651 0.3661 0 0
724 1.5407 0.3284 0 0
725 1.2410 0.3256 0 0
726 0.4343 0.1304 0 0
727 0.4666 0.1686 0 0
728 1.2311 0.1262 0 0
729 1.2690 0.1311 0 0
730 1.2445 0.1683 0 0
731 0.5675 0.2240 0 0
732 0.7295 0.0359 0 0
733 0.6161 0.2223 0 0
734 0.9708 0.0358 0 0
735 0.6685 0.1251 0 0
736 0.6335 0.1464 0 0
737 0.7017 0.1071 0 0
738 0.9998 0.1065 0 0
739 1.0342 0.1267 0 0
740 0.9570 0.1042 0 0
741 0.0279 0.0279 0 0
742 1.9721 0.4721 0 0
743 0.8502 0.1449 0 0
744 0.1284 0.4658 0 0
745 0.1784 0.4658 0 0
746 1.8716 0.0342 0 0
747 1.8216 0.0342 0 0
748 1.0257 0.4736 0 0
749 0.7436 0.1052 0 0
750 0.9845 0.0738 0 0
751 0.7171 0.0737 0 0
752 0.6271 0.1837 0 0
753 1.0160 0.4316 0 0
754 1.7006 0.1416 0 0
755 1.7207 0.1583 0 0
756 1.6989 0.1746 0 0
757 1.7425 0.1419 0 0
758 1.7408 0.1750 0 0
759 1.7441 0.1088 0 0
760 1.7642 0.1255 0 0
761 1.7609 0.1917 0 0
762 1.7391 0.2080 0 0
763 0.2994 0.3584 0 0
764 0.2793 0.3417 0 0
765 0.3011 0.3254 0 0
766 0.2575 0.3581 0 0
767 0.2592 0.3250 0 0
768 0.2559 0.3912 0 0
769 0.2358 0.3745 0 0
770 0.2391 0.3083 0 0
771 0.2609 0.2920 0 0
772 1.7851 0.1087 0 0
773 1.7834 0.1418 0 0
774 1.8026 0.1580 0 0
775 1.7817 0.1748 0 0
776 1.8234 0.1412 0 0
777 1.8217 0.1742 0 0
778 1.7801 0.2079 0 0
779 0.2149 0.3913 0 0
780 0.2166 0.3582 0 0
781 0.1974 0.3420 0 0
782 0.2183 0.3252 0 0
783 0.1766 0.3588 0 0
784 0.1783 0.3258 0 0
785 0.2199 0.2921 0 0
786 1.6750 0.5000 0 0
787 1.6627 0.4706 0 0
788 1.6877 0.4706 0 0
789 1.6377 0.4706 0 0
790 1.6503 0.4411 0 0
791 1.6250 0.5000 0 0
792 1.6127 0.4706 0 0
793 1.6380 0.4117 0 0
794 1.6630 0.4117 0 0
795 1.3750 0.5000 0 0
796 1.3625 0.4700 0 0
797 1.3875 0.4700 0 0
798 1.3375 0.4700 0 0
799 1.3500 0.4400 0 0
800 1.3250 0.5000 0 0
801 1.3125 0.4700 0 0
802 1.3375 0.4100 0 0
803 1.3625 0.4100 0 0
804 0.3373 0.0294 0 0
805 0.3123 0.0294 0 0
806 0.3623 0.0294 0 0
807 0.3497 0.0589 0 0
808 0.3873 0.0294 0 0
809 0.3620 0.0883 0 0
810 0.3370 0.0883 0 0
811 1.3376 0.0293 0 0
812 1.3126 0.0293 0 0
813 1.3626 0.0293 0 0
814 1.3503 0.0587 0 0
815 1.3876 0.0293 0 0
816 1.3629 0.0880 0 0
817 1.3379 0.0880 0 0
818 0.6750 0.5000 0 0
819 0.6622 0.4761 0 0
820 0.6872 0.4761 0 0
821 0.6372 0.4761 0 0
822 0.6493 0.4522 0 0
823 0.6250 0.5000 0 0
824 0.6122 0.4761 0 0
825 0.6365 0.4283 0 0
826 0.6615 0.4283 0 0
827 1.1897 0.1804 0 0
828 1.1644 0.1703 0 0
829 1.1812 0.1533 0 0
830 1.1475 0.1874 0 0
831 1.1390 0.1602 0 0
832 1.1561 0.2145 0 0
833 1.1307 0.2044 0 0
834 1.1136 0.1501 0 0
835 1.1304 0.1331 0 0
836 1.0976 0.1637 0 0
837 1.0890 0.1365 0 0
838 1.1061 0.1908 0 0
839 1.0816 0.1772 0 0
840 1.1147 0.2180 0 0
841 1.0656 0.1908 0 0
842 1.0570 0.1636 0 0
843 1.6601 0.2352 0 0
844 1.6864 0.2261 0 0
845 1.6802 0.2519 0 0
846 1.6927 0.2004 0 0
847 1.7128 0.2171 0 0
848 1.6725 0.1837 0 0
849 1.7329 0.2338 0 0
850 0.3399 0.2648 0 0
851 0.3136 0.2739 0 0
852 0.3198 0.2481 0 0
853 0.3073 0.2996 0 0
854 0.2872 0.2829 0 0
855 0.3275 0.3163 0 0
856 0.2671 0.2662 0 0
857 0.8891 0.4762 0 0
858 0.9093 0.4552 0 0
859 0.9201 0.4790 0 0
860 0.8984 0.4313 0 0
861 0.9294 0.4342 0 0
862 0.8674 0.4285 0 0
863 0.8875 0.4075 0 0
864 0.9495 0.4132 0 0
865 0.9603 0.4371 0 0
866 1.7012 0.4465 0 0
867 1.7135 0.4759 0 0
868 1.6888 0.4170 0 0
869 1.7147 0.4224 0 0
870 1.6765 0.3876 0 0
871 1.7282 0.3983 0 0
872 1.7406 0.4277 0 0
873 0.2988 0.0535 0 0
874 0.2865 0.0241 0 0
875 0.3112 0.0830 0 0
876 0.2853 0.0776 0 0
877 0.3235 0.1124 0 0
878 0.2718 0.1017 0 0
879 0.2594 0.0723 0 0
880 1.6404 0.2428 0 0
881 1.6467 0.2171 0 0
882 1.6333 0.1989 0 0
883 1.6529 0.1913 0 0
884 1.6136 0.2065 0 0
885 1.6199 0.1808 0 0
886 1.6591 0.1655 0 0
887 0.3597 0.2572 0 0
888 0.3534 0.2829 0 0
889 0.3669 0.3011 0 0
890 0.3472 0.3087 0 0
891 0.3866 0.2934 0 0
892 0.3804 0.3192 0 0
893 0.3409 0.3344 0 0
894 1.0487 0.2397 0 0
895 1.0707 0.2325 0 0
896 1.0733 0.2533 0 0
897 1.0681 0.2116 0 0
898 1.0927 0.2252 0 0
899 1.0436 0.1980 0 0
900 1.1172 0.2388 0 0
901 0.6994 0.4548 0 0
902 0.7122 0.4787 0 0
903 0.6865 0.4309 0 0
904 0.7116 0.4335 0 0
905 0.6737 0.4070 0 0
906 0.7238 0.4122 0 0
907 0.7366 0.4361 0 0
908 0.5884 0.4781 0 0
909 0.6006 0.4542 0 0
910 0.5890 0.4323 0 0
911 0.6128 0.4303 0 0
912 0.5653 0.4343 0 0
913 0.5774 0.4104 0 0
914 0.6249 0.4064 0 0
915 1.4116 0.0221 0 0
916 1.3992 0.0515 0 0
917 1.4108 0.0736 0 0
918 1.3868 0.0808 0 0
919 1.4347 0.0664 0 0
920 1.4223 0.0957 0 0
921 1.3745 0.1101 0 0
922 1.5875 0.4773 0 0
923 1.6002 0.4478 0 0
924 1.5877 0.4251 0 0
925 1.6128 0.4184 0 0
926 1.5625 0.4318 0 0
927 1.5752 0.4024 0 0
928 1.6255 0.3890 0 0
929 1.4002 0.4471 0 0
930 1.4127 0.4771 0 0
931 1.3877 0.4171 0 0
932 1.4128 0.4243 0 0
933 1.3752 0.3871 0 0
934 1.4255 0.4014 0 0
935 1.4380 0.4314 0 0
936 1.2875 0.4773 0 0
937 1.3000 0.4473 0 0
938 1.2875 0.4247 0 0
939 1.3125 0.4173 0 0
940 1.2625 0.4320 0 0
941 1.2750 0.4020 0 0
942 1.3250 0.3873 0 0
943 0.4119 0.0223 0 0
944 0.3993 0.0517 0 0
945 0.4112 0.0740 0 0
946 0.3866 0.0811 0 0
947 0.4357 0.0668 0 0
948 0.4231 0.0962 0 0
949 0.3739 0.1106 0 0
950 0.0230 0.4520 0 0
951 0.0230 0.4770 0 0
952 0.0230 0.4270 0 0
953 0.0460 0.4290 0 0
954 0.0230 0.4020 0 0
955 0.0691 0.4059 0 0
956 0.0691 0.4309 0 0
957 1.9770 0.0480 0 0
958 1.9770 0.0230 0 0
959 1.9770 0.0730 0 0
960 1.9540 0.0710 0 0
961 1.9770 0.0980 0 0
962 1.9309 0.0941 0 0
963 1.9309 0.0691 0 0
964 0.0480 0.4770 0 0
965 0.0250 0.5000 0 0
966 0.0710 0.4540 0 0
967 0.0730 0.4770 0 0
968 0.0941 0.4309 0 0
969 0.0980 0.4770 0 0
970 0.0750 0.5000 0 0
971 1.9520 0.0230 0 0
972 1.9290 0.0460 0 0
973 1.9270 0.0230 0 0
974 1.9059 0.0691 0 0
975 1.9020 0.0230 0 0
976 0.9429 0.3594 0 0
977 0.9244 0.3754 0 0
978 0.9119 0.3565 0 0
979 0.9370 0.3943 0 0
980 0.9060 0.3915 0 0
981 0.9679 0.3972 0 0
982 0.8750 0.3886 0 0
983 1.3510 0.2159 0 0
984 1.3692 0.1968 0 0
985 1.3694 0.2297 0 0
986 1.3691 0.1640 0 0
987 1.3875 0.1778 0 0
988 1.3507 0.1502 0 0
989 1.3689 0.1311 0 0
990 1.4057 0.1587 0 0
991 1.4059 0.1916 0 0
992 1.3339 0.2299 0 0
993 1.3338 0.1970 0 0
994 1.3166 0.1781 0 0
995 1.3336 0.1641 0 0
996 1.2995 0.1921 0 0
997 1.2994 0.1592 0 0
998 1.3335 0.1313 0 0
999 1.6724 0.2753 0 0
1000 1.6716 0.3056 0 0
1001 1.6530 0.2913 0 0
1002 1.6901 0.3200 0 0
1003 1.6708 0.3360 0 0
1004 1.7095 0.3040 0 0
1005 1.7087 0.3344 0 0
1006 1.6700 0.3663 0 0
1007 1.6514 0.3519 0 0
1008 0.3276 0.2247 0 0
1009 0.3284 0.1944 0 0
1010 0.3470 0.2087 0 0
1011 0.3099 0.1800 0 0
1012 0.3292 0.1640 0 0
1013 0.2905 0.1960 0 0
1014 0.2913 0.1656 0 0
1015 0.3300 0.1337 0 0
1016 0.3486 0.1481 0 0
1017 1.3016 0.0516 0 0
1018 1.2889 0.0223 0 0
1019 1.3142 0.0809 0 0
1020 1.2905 0.0739 0 0
1021 1.3268 0.1103 0 0
1022 1.2794 0.0962 0 0
1023 1.2668 0.0668 0 0
1024 1.6349 0.3078 0 0
1025 1.6357 0.2774 0 0
1026 1.6341 0.3381 0 0
1027 1.6168 0.3242 0 0
1028 1.6333 0.3684 0 0
1029 1.5987 0.3407 0 0
1030 1.5995 0.3104 0 0
1031 1.3508 0.2816 0 0
1032 1.3331 0.3001 0 0
1033 1.3334 0.2673 0 0
1034 1.3328 0.3329 0 0
1035 1.3154 0.3186 0 0
1036 1.3503 0.3472 0 0
1037 1.3325 0.3657 0 0
1038 1.2976 0.3371 0 0
1039 1.2979 0.3043 0 0
1040 0.3657 0.1919 0 0
1041 0.3649 0.2222 0 0
1042 0.3665 0.1616 0 0
1043 0.3843 0.1751 0 0
1044 0.3673 0.1313 0 0
1045 0.4030 0.1583 0 0
1046 0.4022 0.1886 0 0
1047 1.3689 0.2673 0 0
1048 1.3686 0.3001 0 0
1049 1.3863 0.3186 0 0
1050 1.3683 0.3329 0 0
1051 1.4043 0.3043 0 0
1052 1.4041 0.3371 0 0
1053 1.3680 0.3657 0 0
1054 1.7165 0.0231 0 0
1055 1.7088 0.0411 0 0
1056 1.6923 0.0180 0 0
1057 1.7253 0.0643 0 0
1058 1.7011 0.0591 0 0
1059 1.7494 0.0694 0 0
1060 1.7418 0.0874 0 0
1061 1.6935 0.0772 0 0
1062 1.6770 0.0540 0 0
1063 0.2835 0.4769 0 0
1064 0.2912 0.4589 0 0
1065 0.3077 0.4820 0 0
1066 0.2747 0.4357 0 0
1067 0.2989 0.4409 0 0
1068 0.2506 0.4306 0 0
1069 0.2582 0.4126 0 0
1070 0.3065 0.4228 0 0
1071 0.3230 0.4460 0 0
1072 1.1184 0.0188 0 0
1073 1.1196 0.0495 0 0
1074 1.1013 0.0307 0 0
1075 1.1380 0.0683 0 0
1076 1.1209 0.0802 0 0
1077 1.1551 0.0563 0 0
1078 1.1564 0.0871 0 0
1079 1.1221 0.1110 0 0
1080 1.1038 0.0922 0 0
1081 0.2750 0.5000 0 0
1082 0.2585 0.4769 0 0
1083 0.2335 0.4769 0 0
1084 0.2420 0.4538 0 0
1085 0.2250 0.5000 0 0
1086 0.2085 0.4769 0 0
1087 0.2256 0.4306 0 0
1088 1.7415 0.0231 0 0
1089 1.7665 0.0231 0 0
1090 1.7580 0.0462 0 0
1091 1.7915 0.0231 0 0
1092 1.7744 0.0694 0 0
1093 1.6399 0.1535 0 0
1094 1.6596 0.1459 0 0
1095 1.6203 0.1611 0 0
1096 1.6207 0.1415 0 0
1097 1.6006 0.1687 0 0
1098 1.6015 0.1295 0 0
1099 1.6212 0.1219 0 0
1100 0.3601 0.3465 0 0
1101 0.3404 0.3541 0 0
1102 0.3799 0.3388 0 0
1103 0.3794 0.3585 0 0
1104 0.3996 0.3312 0 0
1105 0.3986 0.3705 0 0
1106 0.3788 0.3781 0 0
1107 0.6618 0.3820 0 0
1108 0.6868 0.3846 0 0
1109 0.7000 0.3623 0 0
1110 0.7119 0.3873 0 0
1111 0.6881 0.3373 0 0
1112 0.7131 0.3400 0 0
1113 0.7369 0.3899 0 0
1114 1.4877 0.4771 0 0
1115 1.5002 0.4544 0 0
1116 1.5125 0.4773 0 0
1117 1.4878 0.4315 0 0
1118 1.5127 0.4317 0 0
1119 1.4630 0.4314 0 0
1120 1.4755 0.4087 0 0
1121 1.5252 0.4090 0 0
1122 1.5375 0.4318 0 0
1123 0.6013 0.0296 0 0
1124 0.5845 0.0482 0 0
1125 0.5833 0.0186 0 0
1126 0.5858 0.0778 0 0
1127 0.5678 0.0669 0 0
1128 0.6039 0.0887 0 0
1129 0.5871 0.1074 0 0
1130 0.5511 0.0855 0 0
1131 0.5498 0.0559 0 0
1132 1.0831 0.0498 0 0
1133 1.0818 0.0190 0 0
1134 1.0843 0.0805 0 0
1135 1.0649 0.0688 0 0
1136 1.0856 0.1113 0 0
1137 1.0467 0.0878 0 0
1138 1.0455 0.0571 0 0
1139 0.6552 0.2675 0 0
1140 0.6441 0.2869 0 0
1141 0.6288 0.2711 0 0
1142 0.6594 0.3028 0 0
1143 0.6330 0.3064 0 0
1144 0.6859 0.2992 0 0
1145 0.6748 0.3186 0 0
1146 0.6218 0.3259 0 0
1147 0.6065 0.3100 0 0
1148 0.0244 0.2628 0 0
1149 0.0244 0.2878 0 0
1150 0.0244 0.2378 0 0
1151 0.0488 0.2507 0 0
1152 0.0244 0.2128 0 0
1153 0.0732 0.2385 0 0
1154 0.0732 0.2635 0 0
1155 1.9756 0.2372 0 0
1156 1.9756 0.2122 0 0
1157 1.9756 0.2622 0 0
1158 1.9512 0.2493 0 0
1159 1.9756 0.2872 0 0
1160 1.9268 0.2615 0 0
1161 1.9268 0.2365 0 0
1162 0.8522 0.2312 0 0
1163 0.8277 0.2369 0 0
1164 0.8266 0.2162 0 0
1165 0.8288 0.2577 0 0
1166 0.8032 0.2427 0 0
1167 0.8544 0.2727 0 0
1168 0.8299 0.2784 0 0
1169 0.7787 0.2484 0 0
1170 0.7776 0.2277 0 0
1171 0.7758 0.3113 0 0
1172 0.7938 0.3004 0 0
1173 0.8014 0.3263 0 0
1174 0.7863 0.2744 0 0
1175 0.8119 0.2894 0 0
1176 0.7606 0.2594 0 0
1177 0.8375 0.3044 0 0
1178 1.7750 0.5000 0 0
1179 1.7635 0.4759 0 0
1180 1.7885 0.4759 0 0
1181 1.7385 0.4759 0 0
1182 1.7520 0.4518 0 0
1183 1.7250 0.5000 0 0
1184 1.7656 0.4277 0 0
1185 0.2365 0.0241 0 0
1186 0.2115 0.0241 0 0
1187 0.2615 0.0241 0 0
1188 0.2480 0.0482 0 0
1189 0.2344 0.0723 0 0
1190 1.1729 0.1312 0 0
1191 1.1983 0.1413 0 0
1192 1.1475 0.1211 0 0
1193 1.1646 0.1091 0 0
1194 1.1817 0.0972 0 0
1195 0.8932 0.3447 0 0
1196 0.9116 0.3287 0 0
1197 0.8748 0.3608 0 0
1198 0.8745 0.3330 0 0
1199 0.8563 0.3768 0 0
1200 0.8558 0.3212 0 0
1201 0.8742 0.3052 0 0
1202 0.8197 0.3432 0 0
1203 0.8017 0.3541 0 0
1204 0.8378 0.3322 0 0
1205 0.8380 0.3600 0 0
1206 0.8383 0.3878 0 0
1207 0.6188 0.0189 0 0
1208 0.6201 0.0485 0 0
1209 0.6389 0.0674 0 0
1210 0.6214 0.0781 0 0
1211 0.6564 0.0567 0 0
1212 0.6577 0.0863 0 0
1213 0.6227 0.1077 0 0
1214 0.9895 0.1469 0 0
1215 0.9842 0.1715 0 0
1216 0.9670 0.1614 0 0
1217 1.0014 0.1816 0 0
1218 0.9789 0.1960 0 0
1219 1.0238 0.1671 0 0
1220 1.0185 0.1916 0 0
1221 0.9735 0.2205 0 0
1222 0.9564 0.2105 0 0
1223 0.7748 0.3567 0 0
1224 0.7542 0.3511 0 0
1225 0.7629 0.3317 0 0
1226 0.7456 0.3705 0 0
1227 0.7337 0.3455 0 0
1228 0.7574 0.3955 0 0
1229 0.7218 0.3206 0 0
1230 1.6764 0.1365 0 0
1231 1.6982 0.1201 0 0
1232 1.6958 0.0986 0 0
1233 1.7200 0.1037 0 0
1234 1.6717 0.0935 0 0
1235 0.3236 0.3635 0 0
1236 0.3018 0.3799 0 0
1237 0.3042 0.4014 0 0
1238 0.2800 0.3963 0 0
1239 0.3283 0.4065 0 0
1240 0.5174 0.1427 0 0
1241 0.5407 0.1310 0 0
1242 0.5355 0.1537 0 0
1243 0.5459 0.1082 0 0
1244 0.5639 0.1192 0 0
1245 0.5278 0.0973 0 0
1246 0.5819 0.1301 0 0
1247 0.6353 0.3857 0 0
1248 0.6485 0.3633 0 0
1249 0.6352 0.3446 0 0
1250 0.6616 0.3410 0 0
1251 0.6087 0.3482 0 0
1252 0.8376 0.0173 0 0
1253 0.8126 0.0173 0 0
1254 0.8626 0.0173 0 0
1255 0.8502 0.0346 0 0
1256 0.8876 0.0173 0 0
1257 0.8627 0.0519 0 0
1258 0.8377 0.0519 0 0
1259 1.5125 0.3498 0 0
1260 1.5002 0.3694 0 0
1261 1.4877 0.3496 0 0
1262 1.5127 0.3892 0 0
1263 1.4878 0.3890 0 0
1264 1.5375 0.3893 0 0
1265 1.4630 0.3889 0 0
1266 0.5555 0.1606 0 0
1267 0.5323 0.1723 0 0
1268 0.5787 0.1488 0 0
1269 0.5755 0.1674 0 0
1270 0.6020 0.1370 0 0
1271 0.5956 0.1743 0 0
1272 0.5723 0.1861 0 0
1273 0.9750 0.5000 0 0
1274 0.9701 0.4790 0 0
1275 0.9951 0.4790 0 0
1276 0.9451 0.4790 0 0
1277 0.9652 0.4581 0 0
1278 0.9250 0.5000 0 0
1279 0.9853 0.4371 0 0
1280 1.1849 0.4781 0 0
1281 1.1974 0.4554 0 0
1282 1.2125 0.4773 0 0
1283 1.1824 0.4335 0 0
1284 1.2100 0.4328 0 0
1285 1.1548 0.4343 0 0
1286 1.1673 0.4116 0 0
1287 1.2225 0.4101 0 0
1288 1.2375 0.4320 0 0
1289 1.0262 0.2542 0 0
1290 1.0237 0.2333 0 0
1291 0.9986 0.2269 0 0
1292 1.0211 0.2125 0 0
1293 0.9761 0.2414 0 0
1294 0.7345 0.1623 0 0
1295 0.7179 0.1713 0 0
1296 0.7117 0.1476 0 0
1297 0.7241 0.1950 0 0
1298 0.7013 0.1803 0 0
1299 0.7469 0.2097 0 0
1300 0.7303 0.2187 0 0
1301 0.6847 0.1892 0 0
1302 0.6785 0.1656 0 0
1303 1.6005 0.0275 0 0
1304 1.5836 0.0454 0 0
1305 1.5831 0.0180 0 0
1306 1.5841 0.0729 0 0
1307 1.5667 0.0634 0 0
1308 1.6015 0.0824 0 0
1309 1.5846 0.1004 0 0
1310 1.5498 0.0814 0 0
1311 1.5493 0.0539 0 0
1312 0.3995 0.4725 0 0
1313 0.4164 0.4546 0 0
1314 0.4169 0.4821 0 0
1315 0.4159 0.4271 0 0
1316 0.4333 0.4367 0 0
1317 0.3985 0.4176 0 0
1318 0.4154 0.3997 0 0
1319 0.4502 0.4187 0 0
1320 0.4507 0.4462 0 0
1321 0.9475 0.1634 0 0
1322 0.9528 0.1389 0 0
1323 0.9422 0.1880 0 0
1324 0.9280 0.1655 0 0
1325 0.9369 0.2125 0 0
1326 0.9085 0.1675 0 0
1327 0.9139 0.1430 0 0
1328 0.5750 0.5000 0 0
1329 0.5634 0.4781 0 0
1330 0.5384 0.4781 0 0
1331 0.5518 0.4562 0 0
1332 0.5250 0.5000 0 0
1333 0.5134 0.4781 0 0
1334 0.5403 0.4343 0 0
1335 1.4366 0.0221 0 0
1336 1.4616 0.0221 0 0
1337 1.4481 0.0443 0 0
1338 1.4866 0.0221 0 0
1339 1.4597 0.0664 0 0
1340 1.2139 0.3487 0 0
1341 1.1983 0.3696 0 0
1342 1.1863 0.3494 0 0
1343 1.2104 0.3899 0 0
1344 1.1828 0.3906 0 0
1345 1.2380 0.3891 0 0
1346 1.1552 0.3914 0 0
1347 0.8750 0.5000 0 0
1348 0.8641 0.4762 0 0
1349 0.8391 0.4762 0 0
1350 0.8533 0.4523 0 0
1351 0.8250 0.5000 0 0
1352 0.8141 0.4762 0 0
1353 0.8424 0.4285 0 0
1354 1.5750 0.5000 0 0
1355 1.5625 0.4773 0 0
1356 1.5375 0.4773 0 0
1357 1.5500 0.4545 0 0
1358 1.5250 0.5000 0 0
1359 1.4750 0.5000 0 0
1360 1.4627 0.4771 0 0
1361 1.4377 0.4771 0 0
1362 1.4503 0.4543 0 0
1363 1.4250 0.5000 0 0
1364 1.2750 0.5000 0 0
1365 1.2625 0.4773 0 0
1366 1.2375 0.4773 0 0
1367 1.2500 0.4547 0 0
1368 1.2250 0.5000 0 0
1369 0.4369 0.0223 0 0
1370 0.4619 0.0223 0 0
1371 0.4488 0.0445 0 0
1372 0.4869 0.0223 0 0
1373 0.4607 0.0668 0 0
1374 0.6454 0.2323 0 0
1375 0.6737 0.2278 0 0
1376 0.6682 0.2471 0 0
1377 0.6792 0.2085 0 0
1378 0.7020 0.2233 0 0
1379 0.6564 0.1938 0 0
1380 0.7248 0.2380 0 0
1381 1.1434 0.0188 0 0
1382 1.1684 0.0188 0 0
1383 1.1617 0.0375 0 0
1384 1.1934 0.0188 0 0
1385 1.1801 0.0563 0 0
1386 1.7988 0.3199 0 0
1387 1.7830 0.2960 0 0
1388 1.8066 0.2965 0 0
1389 1.7594 0.2955 0 0
1390 1.7672 0.2721 0 0
1391 1.7516 0.3189 0 0
1392 1.7358 0.2950 0 0
1393 1.7514 0.2481 0 0
1394 1.7750 0.2486 0 0
1395 0.2012 0.1801 0 0
1396 0.2170 0.2040 0 0
1397 0.1934 0.2035 0 0
1398 0.2406 0.2045 0 0
1399 0.2328 0.2279 0 0
1400 0.2484 0.1811 0 0
1401 0.2642 0.2050 0 0
1402 0.2486 0.2519 0 0
1403 0.2250 0.2514 0 0
1404 1.2389 0.0223 0 0
1405 1.2139 0.0223 0 0
1406 1.2639 0.0223 0 0
1407 1.2528 0.0445 0 0
1408 1.2418 0.0668 0 0
1409 1.8053 0.3412 0 0
1410 1.7817 0.3407 0 0
1411 1.7647 0.3615 0 0
1412 1.7581 0.3402 0 0
1413 1.7712 0.3828 0 0
1414 1.7476 0.3823 0 0
1415 1.7346 0.3397 0 0
1416 0.1947 0.1588 0 0
1417 0.2183 0.1593 0 0
1418 0.2353 0.1385 0 0
1419 0.2419 0.1598 0 0
1420 0.2288 0.1172 0 0
1421 0.2524 0.1177 0 0
1422 0.2654 0.1603 0 0
1423 1.8424 0.3025 0 0
1424 1.8682 0.3031 0 0
1425 1.8482 0.3210 0 0
1426 1.8882 0.2852 0 0
1427 1.8940 0.3037 0 0
1428 1.8824 0.2666 0 0
1429 1.9082 0.2672 0 0
1430 1.9198 0.3043 0 0
1431 1.8999 0.3223 0 0
1432 0.1576 0.1975 0 0
1433 0.1318 0.1969 0 0
1434 0.1518 0.1790 0 0
1435 0.1118 0.2148 0 0
1436 0.1060 0.1963 0 0
1437 0.1176 0.2334 0 0
1438 0.0918 0.2328 0 0
1439 0.0802 0.1957 0 0
1440 0.1001 0.1777 0 0
1441 1.8233 0.3474 0 0
1442 1.8062 0.3682 0 0
1443 1.8072 0.3952 0 0
1444 1.7892 0.3890 0 0
1445 1.8252 0.4014 0 0
1446 1.8081 0.4223 0 0
1447 1.7721 0.4099 0 0
1448 0.1767 0.1526 0 0
1449 0.1938 0.1318 0 0
1450 0.1928 0.1048 0 0
1451 0.2108 0.1110 0 0
1452 0.1748 0.0986 0 0
1453 0.1919 0.0777 0 0
1454 0.2279 0.0901 0 0
1455 0.5198 0.1878 0 0
1456 0.5041 0.2084 0 0
1457 0.4965 0.1860 0 0
1458 0.5117 0.2308 0 0
1459 0.4883 0.2290 0 0
1460 0.5350 0.2326 0 0
1461 0.5193 0.2532 0 0
1462 0.4725 0.2496 0 0
1463 0.4649 0.2272 0 0
1464 0.4768 0.3160 0 0
1465 0.4909 0.2951 0 0
1466 0.5002 0.3178 0 0
1467 0.4817 0.2723 0 0
1468 0.5051 0.2741 0 0
1469 0.4583 0.2705 0 0
1470 0.5285 0.2759 0 0
1471 1.1861 0.3042 0 0
1472 1.1976 0.2839 0 0
1473 1.2133 0.3081 0 0
1474 1.1820 0.2597 0 0
1475 1.2091 0.2636 0 0
1476 1.1549 0.2558 0 0
1477 1.1663 0.2355 0 0
1478 1.2206 0.2433 0 0
1479 1.2363 0.2675 0 0
1480 1.4896 0.3092 0 0
1481 1.5028 0.2897 0 0
1482 1.5131 0.3105 0 0
1483 1.4924 0.2689 0 0
1484 1.5159 0.2701 0 0
1485 1.4689 0.2676 0 0
1486 1.4820 0.2481 0 0
1487 1.5290 0.2506 0 0
1488 1.5394 0.2714 0 0
1489 1.2169 0.1843 0 0
1490 1.2000 0.2014 0 0
1491 1.2103 0.2223 0 0
1492 1.1832 0.2184 0 0
1493 1.2375 0.2262 0 0
1494 1.5236 0.1839 0 0
1495 1.5098 0.2053 0 0
1496 1.5001 0.1826 0 0
1497 1.5194 0.2279 0 0
1498 1.4959 0.2267 0 0
1499 1.5429 0.2292 0 0
1500 1.4724 0.2254 0 0
1501 1.8403 0.3388 0 0
1502 1.8412 0.3658 0 0
1503 1.8591 0.3842 0 0
1504 1.8421 0.3928 0 0
1505 1.8760 0.3755 0 0
1506 1.8769 0.4025 0 0
1507 1.8430 0.4198 0 0
1508 0.1597 0.1612 0 0
1509 0.1588 0.1342 0 0
1510 0.1409 0.1158 0 0
1511 0.1579 0.1072 0 0
1512 0.1240 0.1245 0 0
1513 0.1231 0.0975 0 0
1514 0.1570 0.0802 0 0
1515 1.6987 0.2663 0 0
1516 1.7251 0.2572 0 0
1517 1.7173 0.2806 0 0
1518 0.3013 0.2337 0 0
1519 0.2749 0.2428 0 0
1520 0.2827 0.2194 0 0
1521 1.8407 0.1753 0 0
1522 1.8199 0.1921 0 0
1523 1.8180 0.2100 0 0
1524 1.7991 0.2090 0 0
1525 1.8370 0.2111 0 0
1526 1.8162 0.2280 0 0
1527 1.7782 0.2258 0 0
1528 0.1593 0.3247 0 0
1529 0.1801 0.3079 0 0
1530 0.1820 0.2900 0 0
1531 0.2009 0.2910 0 0
1532 0.1630 0.2889 0 0
1533 0.1838 0.2720 0 0
1534 0.2218 0.2742 0 0
1535 0.7872 0.4787 0 0
1536 0.8013 0.4549 0 0
1537 0.7885 0.4336 0 0
1538 0.8155 0.4310 0 0
1539 0.7616 0.4361 0 0
1540 0.7757 0.4123 0 0
1541 0.8296 0.4072 0 0
1542 0.8761 0.2166 0 0
1543 0.8772 0.2373 0 0
1544 0.9022 0.2435 0 0
1545 0.8783 0.2581 0 0
1546 0.9261 0.2289 0 0
1547 0.9272 0.2496 0 0
1548 0.8794 0.2788 0 0
1549 0.9168 0.3023 0 0
1550 0.9355 0.3141 0 0
1551 0.8981 0.2906 0 0
1552 0.9220 0.2760 0 0
1553 0.9459 0.2614 0 0
1554 1.0647 0.2758 0 0
1555 1.0534 0.2899 0 0
1556 1.0400 0.2748 0 0
1557 1.0668 0.3051 0 0
1558 1.0422 0.3041 0 0
1559 1.0914 0.3062 0 0
1560 1.0801 0.3203 0 0
1561 1.0309 0.3183 0 0
1562 1.0176 0.3031 0 0
1563 1.9735 0.3985 0 0
1564 1.9549 0.3792 0 0
1565 1.9814 0.3807 0 0
1566 1.9284 0.3777 0 0
1567 1.9363 0.3599 0 0
1568 1.9204 0.3954 0 0
1569 1.9018 0.3761 0 0
1570 1.9177 0.3406 0 0
1571 1.9442 0.3422 0 0
1572 0.0265 0.1015 0 0
1573 0.0451 0.1208 0 0
1574 0.0186 0.1193 0 0
1575 0.0716 0.1223 0 0
1576 0.0637 0.1401 0 0
1577 0.0796 0.1046 0 0
1578 0.0982 0.1239 0 0
1579 0.0823 0.1594 0 0
1580 0.0558 0.1578 0 0
1581 1.8661 0.3394 0 0
1582 1.8919 0.3400 0 0
1583 1.8840 0.3578 0 0
1584 0.1339 0.1606 0 0
1585 0.1081 0.1600 0 0
1586 0.1160 0.1422 0 0
1587 1.1750 0.5000 0 0
1588 1.1599 0.4781 0 0
1589 1.1349 0.4781 0 0
1590 1.1449 0.4562 0 0
1591 1.1250 0.5000 0 0
1592 1.1099 0.4781 0 0
1593 1.1298 0.4343 0 0
1594 0.5333 0.0186 0 0
1595 0.5083 0.0186 0 0
1596 0.5583 0.0186 0 0
1597 0.5415 0.0373 0 0
1598 0.5248 0.0559 0 0
1599 1.6958 0.3716 0 0
1600 1.7152 0.3557 0 0
1601 1.7217 0.3770 0 0
1602 0.3042 0.1284 0 0
1603 0.2848 0.1443 0 0
1604 0.2783 0.1230 0 0
1605 0.9104 0.0179 0 0
1606 0.8980 0.0352 0 0
1607 0.9084 0.0531 0 0
1608 0.8856 0.0525 0 0
1609 0.9313 0.0536 0 0
1610 0.9188 0.0710 0 0
1611 0.8732 0.0698 0 0
1612 0.7477 0.1402 0 0
1613 0.7539 0.1639 0 0
1614 0.7733 0.1654 0 0
1615 0.7601 0.1876 0 0
1616 0.7866 0.1432 0 0
1617 0.7928 0.1669 0 0
1618 0.7663 0.2113 0 0
1619 0.7930 0.3735 0 0
1620 0.8113 0.3903 0 0
1621 0.7844 0.3929 0 0
1622 0.8619 0.1941 0 0
1623 0.8869 0.2002 0 0
1624 0.8977 0.1839 0 0
1625 0.9119 0.2064 0 0
1626 0.8836 0.1614 0 0
1627 1.5331 0.0180 0 0
1628 1.5081 0.0180 0 0
1629 1.5581 0.0180 0 0
1630 1.5412 0.0360 0 0
1631 1.5243 0.0539 0 0
1632 0.4750 0.5000 0 0
1633 0.4669 0.4821 0 0
1634 0.4919 0.4821 0 0
1635 0.4419 0.4821 0 0
1636 0.4588 0.4641 0 0
1637 0.4250 0.5000 0 0
1638 0.4757 0.4462 0 0
1639 0.8023 0.0352 0 0
1640 0.7897 0.0179 0 0
1641 0.8149 0.0526 0 0
1642 0.7920 0.0532 0 0
1643 0.8275 0.0699 0 0
1644 0.7818 0.0711 0 0
1645 0.7692 0.0538 0 0
1646 1.6173 0.0180 0 0
1647 1.6178 0.0455 0 0
1648 1.6352 0.0635 0 0
1649 1.6183 0.0729 0 0
1650 1.6520 0.0540 0 0
1651 1.6525 0.0815 0 0
1652 1.6188 0.1004 0 0
1653 0.3827 0.4820 0 0
1654 0.3822 0.4545 0 0
1655 0.3648 0.4365 0 0
1656 0.3817 0.4271 0 0
1657 0.3480 0.4460 0 0
1658 0.3475 0.4185 0 0
1659 0.3812 0.3996 0 0
1660 1.5360 0.1484 0 0
1661 1.5575 0.1552 0 0
1662 1.5356 0.1680 0 0
1663 1.5795 0.1423 0 0
1664 1.5791 0.1620 0 0
1665 1.5800 0.1227 0 0
1666 1.5787 0.1816 0 0
1667 0.4640 0.3516 0 0
1668 0.4425 0.3448 0 0
1669 0.4645 0.3320 0 0
1670 0.4205 0.3576 0 0
1671 0.4211 0.3380 0 0
1672 0.4200 0.3773 0 0
1673 0.4216 0.3184 0 0
1674 1.3962 0.2292 0 0
1675 1.3780 0.2483 0 0
1676 1.4145 0.2102 0 0
1677 1.4231 0.2287 0 0
1678 1.4327 0.1911 0 0
1679 1.4499 0.2282 0 0
1680 1.4317 0.2473 0 0
1681 0.6044 0.2719 0 0
1682 0.6156 0.2525 0 0
1683 0.5933 0.2914 0 0
1684 0.5801 0.2728 0 0
1685 0.5822 0.3109 0 0
1686 0.5558 0.2736 0 0
1687 0.5670 0.2541 0 0
1688 0.1185 0.0179 0 0
1689 0.1200 0.0444 0 0
1690 0.1015 0.0265 0 0
1691 0.1385 0.0623 0 0
1692 0.1215 0.0709 0 0
1693 0.1555 0.0537 0 0
1694 0.1046 0.0796 0 0
1695 1.8815 0.4821 0 0
1696 1.8800 0.4556 0 0
1697 1.8985 0.4735 0 0
1698 1.8615 0.4377 0 0
1699 1.8785 0.4291 0 0
1700 1.8445 0.4463 0 0
1701 1.8954 0.4204 0 0
1702 0.6438 0.0189 0 0
1703 0.6688 0.0189 0 0
1704 0.6626 0.0378 0 0
1705 0.6938 0.0189 0 0
1706 0.6814 0.0567 0 0
1707 0.0186 0.1693 0 0
1708 0.0186 0.1943 0 0
1709 0.0186 0.1443 0 0
1710 0.0372 0.1636 0 0
1711 0.0558 0.1828 0 0
1712 1.9814 0.3307 0 0
1713 1.9814 0.3057 0 0
1714 1.9814 0.3557 0 0
1715 1.9628 0.3364 0 0
1716 1.9442 0.3172 0 0
1717 1.5186 0.1389 0 0
1718 1.5406 0.1261 0 0
1719 1.5452 0.1037 0 0
1720 1.5626 0.1132 0 0
1721 1.5278 0.0943 0 0
1722 0.4814 0.3611 0 0
1723 0.4594 0.3740 0 0
1724 0.4548 0.3964 0 0
1725 0.4374 0.3868 0 0
1726 0.4722 0.4059 0 0
1727 1.0453 0.3631 0 0
1728 1.0569 0.3488 0 0
1729 1.0699 0.3641 0 0
1730 1.0439 0.3336 0 0
1731 1.0685 0.3346 0 0
1732 1.0193 0.3325 0 0
1733 1.0931 0.3356 0 0
1734 1.0318 0.0190 0 0
1735 1.0068 0.0190 0 0
1736 1.0568 0.0190 0 0
1737 1.0386 0.0381 0 0
1738 1.0205 0.0571 0 0
1739 0.8153 0.1998 0 0
1740 0.8398 0.1940 0 0
1741 0.7908 0.2055 0 0
1742 0.8040 0.1833 0 0
1743 0.8173 0.1612 0 0
1744 1.8856 0.2438 0 0
1745 1.8892 0.2244 0 0
1746 1.9060 0.2293 0 0
1747 1.8724 0.2195 0 0
1748 1.8929 0.2051 0 0
1749 1.8520 0.2339 0 0
1750 1.8556 0.2146 0 0
1751 1.8965 0.1858 0 0
1752 1.9133 0.1907 0 0
1753 0.1144 0.2562 0 0
1754 0.1108 0.2756 0 0
1755 0.0940 0.2707 0 0
1756 0.1276 0.2805 0 0
1757 0.1071 0.2949 0 0
1758 0.1480 0.2661 0 0
1759 0.1444 0.2854 0 0
1760 0.1035 0.3142 0 0
1761 0.0867 0.3093 0 0
1762 1.8575 0.1967 0 0
1763 1.8593 0.1788 0 0
1764 1.8779 0.1823 0 0
1765 1.8612 0.1609 0 0
1766 1.8984 0.1679 0 0
1767 0.1425 0.3033 0 0
1768 0.1407 0.3212 0 0
1769 0.1221 0.3177 0 0
1770 0.1388 0.3391 0 0
1771 0.1016 0.3321 0 0
1772 0.0208 0.3572 0 0
1773 0.0208 0.3822 0 0
1774 0.0208 0.3322 0 0
1775 0.0415 0.3393 0 0
1776 0.0208 0.3072 0 0
1777 0.0623 0.3215 0 0
1778 0.0623 0.3465 0 0
1779 1.9792 0.1428 0 0
1780 1.9792 0.1178 0 0
1781 1.9792 0.1678 0 0
1782 1.9585 0.1607 0 0
1783 1.9792 0.1928 0 0
1784 1.9377 0.1785 0 0
1785 1.9377 0.1535 0 0
1786 1.6572 0.1244 0 0
1787 1.6380 0.1124 0 0
1788 1.6549 0.1030 0 0
1789 0.3428 0.3756 0 0
1790 0.3620 0.3876 0 0
1791 0.3451 0.3970 0 0
1792 1.2073 0.0410 0 0
1793 1.2212 0.0633 0 0
1794 1.2006 0.0598 0 0
1795 1.2351 0.0856 0 0
1796 1.1940 0.0786 0 0
1797 1.9570 0.2929 0 0
1798 1.9384 0.2986 0 0
1799 1.9326 0.2801 0 0
1800 0.0430 0.2071 0 0
1801 0.0616 0.2014 0 0
1802 0.0674 0.2199 0 0
1803 0.8842 0.0888 0 0
1804 0.8613 0.0882 0 0
1805 0.9070 0.0893 0 0
1806 0.8952 0.1077 0 0
1807 0.9299 0.0899 0 0
1808 0.9062 0.1266 0 0
1809 0.8834 0.1261 0 0
1810 1.6104 0.2752 0 0
1811 1.6285 0.2587 0 0
1812 1.5923 0.2916 0 0
1813 1.5850 0.2729 0 0
1814 1.5742 0.3081 0 0
1815 1.5597 0.2706 0 0
1816 1.5778 0.2541 0 0
1817 0.3906 0.2244 0 0
1818 0.3719 0.2412 0 0
1819 0.4093 0.2076 0 0
1820 0.4163 0.2266 0 0
1821 0.4280 0.1908 0 0
1822 0.4421 0.2288 0 0
1823 0.4234 0.2456 0 0
1824 1.3075 0.2669 0 0
1825 1.3253 0.2484 0 0
1826 1.2898 0.2854 0 0
1827 1.2817 0.2665 0 0
1828 1.2721 0.3039 0 0
1829 1.2559 0.2661 0 0
1830 1.2736 0.2476 0 0
1831 0.1744 0.2024 0 0
1832 0.1544 0.2204 0 0
1833 0.1512 0.2432 0 0
1834 0.1344 0.2383 0 0
1835 0.1680 0.2481 0 0
1836 1.8256 0.2976 0 0
1837 1.8456 0.2796 0 0
1838 1.8488 0.2568 0 0
1839 1.8656 0.2617 0 0
1840 1.8320 0.2519 0 0
1841 1.0150 0.2684 0 0
1842 1.0037 0.2825 0 0
1843 0.9899 0.2620 0 0
1844 0.9925 0.2967 0 0
1845 0.9649 0.2556 0 0
1846 0.9545 0.3083 0 0
1847 0.9493 0.3347 0 0
1848 0.9597 0.2819 0 0
1849 0.9735 0.3025 0 0
1850 0.9873 0.3231 0 0
1851 0.0452 0.2950 0 0
1852 0.0696 0.2828 0 0
1853 0.0659 0.3022 0 0
1854 1.9548 0.2050 0 0
1855 1.9304 0.2172 0 0
1856 1.9341 0.1978 0 0
1857 1.8750 0.5000 0 0
1858 1.8565 0.4821 0 0
1859 1.8315 0.4821 0 0
1860 1.8380 0.4642 0 0
1861 1.8250 0.5000 0 0
1862 1.8065 0.4821 0 0
1863 1.8195 0.4463 0 0
1864 0.1435 0.0179 0 0
1865 0.1685 0.0179 0 0
1866 0.1620 0.0358 0 0
1867 0.1935 0.0179 0 0
1868 0.1805 0.0537 0 0
1869 1.3957 0.2668 0 0
1870 1.4226 0.2663 0 0
1871 1.4135 0.2853 0 0
1872 1.4494 0.2658 0 0
1873 1.4312 0.3038 0 0
1874 1.0879 0.4868 0 0
1875 1.0978 0.4649 0 0
1876 1.0857 0.4516 0 0
1877 1.1077 0.4430 0 0
1878 1.0636 0.4603 0 0
1879 1.0735 0.4384 0 0
1880 1.1177 0.4210 0 0
1881 1.0787 0.3868 0 0
1882 1.0770 0.4040 0 0
1883 1.0566 0.3955 0 0
1884 1.0973 0.4125 0 0
1885 1.0753 0.4212 0 0
1886 1.1194 0.4038 0 0
1887 1.0532 0.4299 0 0
1888 0.4952 0.0409 0 0
1889 0.5034 0.0595 0 0
1890 0.4821 0.0632 0 0
1891 0.5117 0.0782 0 0
1892 0.4690 0.0854 0 0
1893 0.1902 0.2264 0 0
1894 0.2060 0.2503 0 0
1895 0.1870 0.2492 0 0
1896 1.8098 0.2736 0 0
1897 1.7940 0.2497 0 0
1898 1.8130 0.2508 0 0
1899 1.0903 0.3726 0 0
1900 1.1019 0.3583 0 0
1901 1.1106 0.3811 0 0
1902 1.1135 0.3441 0 0
1903 1.1310 0.3896 0 0
1904 1.1620 0.3476 0 0
1905 1.1775 0.3266 0 0
1906 1.1465 0.3686 0 0
1907 1.1377 0.3459 0 0
1908 1.1290 0.3231 0 0
1909 1.0866 0.2685 0 0
1910 1.1086 0.2613 0 0
1911 1.1000 0.2837 0 0
1912 1.1306 0.2540 0 0
1913 1.1133 0.2989 0 0
1914 0.6835 0.2629 0 0
1915 0.7118 0.2584 0 0
1916 0.6989 0.2788 0 0
1917 0.7401 0.2538 0 0
1918 0.7142 0.2946 0 0
1919 0.7553 0.3058 0 0
1920 0.7347 0.3002 0 0
1921 0.7477 0.2798 0 0
1922 0.8392 0.0881 0 0
1923 0.8164 0.0887 0 0
1924 0.8053 0.1076 0 0
1925 0.7935 0.0894 0 0
1926 0.8171 0.1259 0 0
1927 0.7942 0.1265 0 0
1928 0.7707 0.0900 0 0
1929 0.0438 0.3841 0 0
1930 0.0645 0.3663 0 0
1931 0.0668 0.3861 0 0
1932 0.0853 0.3485 0 0
1933 0.0898 0.3881 0 0
1934 1.9562 0.1159 0 0
1935 1.9355 0.1337 0 0
1936 1.9332 0.1139 0 0
1937 1.9147 0.1515 0 0
1938 1.9102 0.1119 0 0
1939 0.1572 0.3648 0 0
1940 0.1409 0.3812 0 0
1941 0.1411 0.3589 0 0
1942 0.1407 0.4034 0 0
1943 0.1246 0.3975 0 0
1944 0.1569 0.4093 0 0
1945 0.1406 0.4257 0 0
1946 0.1082 0.4138 0 0
1947 0.1084 0.3916 0 0
1948 1.8428 0.1352 0 0
1949 1.8591 0.1188 0 0
1950 1.8589 0.1411 0 0
1951 1.8593 0.0966 0 0
1952 1.8754 0.1025 0 0
1953 1.8431 0.0907 0 0
1954 1.8594 0.0743 0 0
1955 1.8918 0.0862 0 0
1956 1.8916 0.1084 0 0
1957 0.4961 0.1464 0 0
1958 0.5013 0.1236 0 0
1959 0.4851 0.1045 0 0
1960 0.5065 0.1009 0 0
1961 0.4638 0.1081 0 0
1962 0.7750 0.5000 0 0
1963 0.7622 0.4787 0 0
1964 0.7372 0.4787 0 0
1965 0.7494 0.4574 0 0
1966 0.7250 0.5000 0 0
1967 1.3932 0.3728 0 0
1968 1.4112 0.3585 0 0
1969 1.4184 0.3800 0 0
1970 1.4292 0.3443 0 0
1971 1.4435 0.3871 0 0
1972 1.4682 0.3478 0 0
1973 1.4805 0.3282 0 0
1974 1.4559 0.3675 0 0
1975 1.4487 0.3460 0 0
1976 1.4416 0.3246 0 0
1977 0.1764 0.3811 0 0
1978 0.1956 0.3973 0 0
1979 0.1762 0.4033 0 0
1980 0.2147 0.4135 0 0
1981 0.1761 0.4256 0 0
1982 1.8236 0.1189 0 0
1983 1.8044 0.1027 0 0
1984 1.8238 0.0967 0 0
1985 1.7853 0.0865 0 0
1986 1.8239 0.0744 0 0
1987 0.3750 0.5000 0 0
1988 0.3577 0.4820 0 0
1989 0.3327 0.4820 0 0
1990 0.3403 0.4640 0 0
1991 0.3250 0.5000 0 0
1992 1.6423 0.0180 0 0
1993 1.6673 0.0180 0 0
1994 1.6597 0.0360 0 0
1995 1.4947 0.0401 0 0
1996 1.5028 0.0581 0 0
1997 1.4812 0.0623 0 0
1998 1.5109 0.0761 0 0
1999 1.4678 0.0844 0 0
2000 0.5053 0.4602 0 0
2001 0.4972 0.4422 0 0
2002 0.5187 0.4383 0 0
2003 0.4891 0.4243 0 0
2004 0.5322 0.4164 0 0
2005 0.0905 0.0405 0 0
2006 0.0889 0.0139 0 0
2007 0.0920 0.0670 0 0
2008 0.0794 0.0544 0 0
2009 0.0935 0.0935 0 0
2010 0.0684 0.0684 0 0
2011 0.0668 0.0418 0 0
2012 1.9861 0.4111 0 0
2013 1.9595 0.4095 0 0
2014 1.9456 0.4206 0 0
2015 1.9330 0.4080 0 0
2016 1.9582 0.4332 0 0
2017 1.9316 0.4316 0 0
2018 1.9065 0.4065 0 0
2019 1.9095 0.4595 0 0
2020 1.9111 0.4861 0 0
2021 1.9080 0.4330 0 0
2022 1.9206 0.4456 0 0
2023 1.9332 0.4582 0 0
2024 0.0139 0.0889 0 0
2025 0.0405 0.0905 0 0
2026 0.0544 0.0794 0 0
2027 0.0670 0.0920 0 0
2028 0.0418 0.0668 0 0
2029 1.7950 0.4580 0 0
2030 1.7836 0.4339 0 0
2031 1.8015 0.4401 0 0
2032 0.2050 0.0420 0 0
2033 0.2164 0.0661 0 0
2034 0.1985 0.0599 0 0
2035 1.3081 0.2295 0 0
2036 1.2823 0.2291 0 0
2037 1.2909 0.2106 0 0
2038 1.2564 0.2287 0 0
2039 1.2737 0.1917 0 0
2040 0.5133 0.3365 0 0
2041 0.5303 0.3549 0 0
2042 0.5029 0.3572 0 0
2043 0.5576 0.3526 0 0
2044 0.5472 0.3733 0 0
2045 0.5680 0.3318 0 0
2046 0.5849 0.3502 0 0
2047 0.5641 0.3917 0 0
2048 0.5368 0.3940 0 0
2049 1.4915 0.1641 0 0
2050 1.4746 0.1459 0 0
2051 1.4971 0.1431 0 0
2052 1.4521 0.1487 0 0
2053 1.4577 0.1277 0 0
2054 1.4466 0.1697 0 0
2055 1.4296 0.1515 0 0
2056 1.4407 0.1095 0 0
2057 1.4632 0.1067 0 0
2058 0.5275 0.3155 0 0
2059 0.5417 0.2945 0 0
2060 0.5548 0.3132 0 0
2061 1.4777 0.1855 0 0
2062 1.4638 0.2069 0 0
2063 1.4552 0.1883 0 0
2064 1.5452 0.1907 0 0
2065 1.5667 0.1975 0 0
2066 1.5548 0.2133 0 0
2067 1.5883 0.2042 0 0
2068 1.5644 0.2360 0 0
2069 0.4553 0.3092 0 0
2070 0.4338 0.3024 0 0
2071 0.4461 0.2865 0 0
2072 0.4124 0.2956 0 0
2073 0.4369 0.2637 0 0
2074 0.4983 0.3795 0 0
2075 0.5152 0.3980 0 0
2076 0.4937 0.4019 0 0
2077 1.5017 0.1207 0 0
2078 1.4847 0.1026 0 0
2079 1.5063 0.0984 0 0
2080 1.4702 0.3074 0 0
2081 1.4507 0.3056 0 0
2082 1.4598 0.2866 0 0
2083 1.0389 0.3878 0 0
2084 1.0259 0.3725 0 0
2085 1.0064 0.3820 0 0
2086 1.0129 0.3573 0 0
2087 0.9999 0.4067 0 0
2088 0.9869 0.3914 0 0
2089 0.9998 0.3420 0 0
2090 0.9619 0.3536 0 0
2091 0.9809 0.3478 0 0
2092 0.9744 0.3725 0 0
2093 1.6082 0.3751 0 0
2094 1.5830 0.3818 0 0
2095 1.5909 0.3613 0 0
2096 1.5579 0.3885 0 0
2097 1.5735 0.3474 0 0
2098 1.3076 0.3730 0 0
2099 1.2826 0.3804 0 0
2100 1.2901 0.3587 0 0
2101 1.2576 0.3877 0 0
2102 1.2726 0.3444 0 0
2103 1.5203 0.3292 0 0
2104 1.5329 0.3490 0 0
2105 1.5532 0.3482 0 0
2106 1.5454 0.3688 0 0
2107 1.5610 0.3276 0 0
2108 1.2214 0.3270 0 0
2109 1.2335 0.3472 0 0
2110 1.2530 0.3458 0 0
2111 1.2455 0.3675 0 0
2112 1.2606 0.3242 0 0
2113 0.3918 0.1241 0 0
2114 0.4164 0.1169 0 0
2115 0.4097 0.1376 0 0
2116 0.4410 0.1097 0 0
2117 0.4276 0.1511 0 0
2118 0.4894 0.1671 0 0
2119 0.4733 0.1479 0 0
2120 0.4504 0.1495 0 0
2121 0.4571 0.1288 0 0
2122 0.4437 0.1702 0 0
2123 1.2189 0.1448 0 0
2124 1.2378 0.1473 0 0
2125 1.2255 0.1658 0 0
2126 1.2501 0.1287 0 0
2127 1.2567 0.1497 0 0
2128 1.2434 0.1077 0 0
2129 1.2623 0.1101 0 0
2130 1.2757 0.1521 0 0
2131 1.2634 0.1707 0 0
2132 1.3098 0.1242 0 0
2133 1.2927 0.1382 0 0
2134 1.2861 0.1172 0 0
2135 1.2106 0.1227 0 0
2136 1.2023 0.1007 0 0
2137 1.2228 0.1042 0 0
2138 0.5399 0.1947 0 0
2139 0.5599 0.2016 0 0
2140 0.5475 0.2171 0 0
2141 0.5799 0.2085 0 0
2142 0.5551 0.2395 0 0
2143 0.6116 0.3877 0 0
2144 0.5879 0.3897 0 0
2145 0.5983 0.3690 0 0
2146 1.3929 0.1239 0 0
2147 1.4168 0.1167 0 0
2148 1.4113 0.1377 0 0
2149 1.1619 0.3024 0 0
2150 1.1376 0.3007 0 0
2151 1.1462 0.2782 0 0
2152 1.2329 0.3067 0 0
2153 1.2444 0.2864 0 0
2154 1.2525 0.3053 0 0
2155 1.5335 0.3097 0 0
2156 1.5466 0.2901 0 0
2157 1.5538 0.3089 0 0
2158 0.4736 0.1876 0 0
2159 0.4578 0.2082 0 0
2160 0.4508 0.1892 0 0
2161 0.7397 0.0179 0 0
2162 0.7147 0.0179 0 0
2163 0.7647 0.0179 0 0
2164 0.7545 0.0359 0 0
2165 0.7442 0.0538 0 0
2166 0.6037 0.2378 0 0
2167 0.6280 0.2370 0 0
2168 0.5794 0.2386 0 0
2169 0.5918 0.2231 0 0
2170 0.6043 0.2076 0 0
2171 0.9354 0.0179 0 0
2172 0.9604 0.0179 0 0
2173 0.9458 0.0358 0 0
2174 0.9854 0.0179 0 0
2175 0.9563 0.0536 0 0
2176 1.2358 0.1868 0 0
2177 1.2548 0.1892 0 0
2178 1.2461 0.2077 0 0
2179 0.6369 0.1217 0 0
2180 0.6194 0.1324 0 0
2181 0.6544 0.1110 0 0
2182 0.6510 0.1358 0 0
2183 0.6719 0.1004 0 0
2184 0.6652 0.1498 0 0
2185 0.6477 0.1605 0 0
2186 0.6984 0.1319 0 0
2187 0.7150 0.1229 0 0
2188 0.6818 0.1408 0 0
2189 0.6851 0.1161 0 0
2190 0.6885 0.0914 0 0
2191 0.9861 0.1217 0 0
2192 1.0032 0.1318 0 0
2193 1.0170 0.1166 0 0
2194 1.0204 0.1418 0 0
2195 1.0135 0.0913 0 0
2196 1.0307 0.1014 0 0
2197 1.0376 0.1519 0 0
2198 1.0696 0.1248 0 0
2199 1.0536 0.1384 0 0
2200 1.0502 0.1131 0 0
2201 0.9452 0.1226 0 0
2202 0.9646 0.1205 0 0
2203 0.9257 0.1246 0 0
2204 0.9375 0.1062 0 0
2205 0.9493 0.0879 0 0
2206 0.0139 0.0139 0 0
2207 0.0139 0.0389 0 0
2208 0.0279 0.0529 0 0
2209 0.0139 0.0639 0 0
2210 0.0418 0.0418 0 0
2211 1.9750 0.5000 0 0
2212 1.9611 0.4861 0 0
2213 1.9861 0.4861 0 0
2214 1.9361 0.4861 0 0
2215 1.9471 0.4721 0 0
2216 1.9250 0.5000 0 0
2217 1.9582 0.4582 0 0
2218 1.9861 0.4611 0 0
2219 1.9721 0.4471 0 0
2220 1.9861 0.4361 0 0
2221 0.0389 0.0139 0 0
2222 0.0639 0.0139 0 0
2223 0.0529 0.0279 0 0
2224 0.8503 0.1071 0 0
2225 0.8613 0.1260 0 0
2226 0.8392 0.1259 0 0
2227 0.8723 0.1449 0 0
2228 0.8281 0.1448 0 0
2229 0.8506 0.1777 0 0
2230 0.8394 0.1612 0 0
2231 0.8615 0.1613 0 0
2232 0.1750 0.5000 0 0
2233 0.1642 0.4829 0 0
2234 0.1892 0.4829 0 0
2235 0.1392 0.4829 0 0
2236 0.1534 0.4658 0 0
2237 0.1250 0.5000 0 0
2238 0.1142 0.4829 0 0
2239 0.1425 0.4487 0 0
2240 0.1675 0.4487 0 0
2241 1.8358 0.0171 0 0
2242 1.8108 0.0171 0 0
2243 1.8608 0.0171 0 0
2244 1.8466 0.0342 0 0
2245 1.8858 0.0171 0 0
2246 1.8575 0.0513 0 0
2247 1.8325 0.0513 0 0
2248 1.0750 0.5000 0 0
2249 1.0629 0.4868 0 0
2250 1.0379 0.4868 0 0
2251 1.0507 0.4736 0 0
2252 1.0250 0.5000 0 0
2253 1.0129 0.4868 0 0
2254 1.0386 0.4603 0 0
2255 0.7360 0.1219 0 0
2256 0.7554 0.1234 0 0
2257 0.7630 0.1067 0 0
2258 0.7748 0.1250 0 0
2259 0.7513 0.0885 0 0
2260 1.6151 0.2405 0 0
2261 1.5897 0.2383 0 0
2262 1.6017 0.2224 0 0
2263 0.3854 0.2594 0 0
2264 0.4111 0.2616 0 0
2265 0.3989 0.2775 0 0
2266 0.1225 0.3554 0 0
2267 0.1062 0.3718 0 0
2268 0.1039 0.3520 0 0
2269 1.8775 0.1446 0 0
2270 1.8938 0.1282 0 0
2271 1.8961 0.1480 0 0
2272 0.1122 0.4599 0 0
2273 0.1102 0.4369 0 0
2274 0.1264 0.4428 0 0
2275 1.8878 0.0401 0 0
2276 1.8898 0.0631 0 0
2277 1.8736 0.0572 0 0
2278 0.9922 0.0369 0 0
2279 0.9991 0.0560 0 0
2280 0.9777 0.0548 0 0
2281 1.0059 0.0750 0 0
2282 0.9631 0.0727 0 0
2283 0.9784 0.1053 0 0
2284 0.9707 0.0890 0 0
2285 0.9921 0.0902 0 0
2286 0.7085 0.0368 0 0
2287 0.7233 0.0548 0 0
2288 0.7023 0.0558 0 0
2289 0.7380 0.0727 0 0
2290 0.6961 0.0747 0 0
2291 0.6335 0.2177 0 0
2292 0.6216 0.2030 0 0
2293 0.6390 0.1984 0 0
2294 0.6098 0.1884 0 0
2295 0.6445 0.1791 0 0
2296 1.8023 0.0402 0 0
2297 1.8131 0.0573 0 0
2298 1.7938 0.0633 0 0
2299 0.1977 0.4598 0 0
2300 0.1869 0.4427 0 0
2301 0.2062 0.4367 0 0
2302 0.7227 0.1062 0 0
2303 0.7094 0.0904 0 0
2304 0.7303 0.0894 0 0
2305 1.0080 0.4658 0 0
2306 1.0031 0.4448 0 0
2307 1.0209 0.4526 0 0
2308 0.9982 0.4239 0 0
2309 1.0337 0.4394 0 0
2310 1.0372 0.4050 0 0
2311 1.0354 0.4222 0 0
2312 1.0177 0.4144 0 0
2313 0.6162 0.1510 0 0
2314 0.6303 0.1651 0 0
2315 0.6130 0.1697 0 0
2316 1.6538 0.7610 0 0
2317 1.3500 0.7500 0 0
2318 1.0601 0.7516 0 0
2319 0.2759 0.7707 0 0
2320 0.6500 0.7500 0 0
2321 0.8489 0.7105 0 0
2322 0.4511 0.7895 0 0
2323 1.8224 0.8204 0 0
2324 1.5000 0.8300 0 0
2325 1.1878 0.6655 0 0
2326 1.5140 0.6612 0 0
2327 1.2027 0.8310 0 0
2328 1.8426 0.6574 0 0
2329 0.9166 0.8373 0 0
2330 0.3839 0.6634 0 0
2331 0.5330 0.6502 0 0
2332 0.7670 0.8498 0 0
2333 0.1442 0.8613 0 0
2334 0.1437 0.6438 0 0
2335 0.9717 0.6387 0 0
2336 0.5933 0.8439 0 0
2337 0.3117 0.8483 0 0
2338 0.7067 0.6561 0 0
2339 1.6788 0.6579 0 0
2340 1.6506 0.8823 0 0
2341 1.3500 0.6200 0 0
2342 1.3513 0.8889 0 0
2343 1.0513 0.9044 0 0
2344 0.2635 0.6171 0 0
2345 1.0948 0.6183 0 0
2346 0.1021 0.7559 0 0
2347 1.6020 0.6099 0 0
2348 1.9024 0.7487 0 0
2349 1.7593 0.7247 0 0
2350 1.7541 0.9037 0 0
2351 1.8939 0.8939 0 0
2352 0.4500 0.9309 0 0
2353 0.8497 0.5693 0 0
2354 0.6354 0.5879 0 0
2355 0.6646 0.9121 0 0
2356 0.7580 0.7465 0 0
2357 0.5420 0.7535 0 0
2358 0.9470 0.7334 0 0
2359 0.3692 0.7600 0 0
2360 0.2406 0.9152 0 0
2361 0.4537 0.5946 0 0
2362 0.8464 0.9055 0 0
2363 1.4470 0.5886 0 0
2364 1.1556 0.9135 0 0
2365 1.4584 0.7470 0 0
2366 1.1555 0.7537 0 0
2367 1.2507 0.5895 0 0
2368 1.5492 0.9094 0 0
2369 1.4525 0.9086 0 0
2370 1.5525 0.7519 0 0
2371 1.2492 0.7496 0 0
2372 1.2499 0.9095 0 0
2373 1.7280 0.8184 0 0
2374 0.8429 0.7941 0 0
2375 0.4587 0.7070 0 0
2376 1.9079 0.5921 0 0
2377 0.9516 0.9149 0 0
2378 0.3506 0.5881 0 0
2379 1.7659 0.5925 0 0
2380 1.1667 0.5747 0 0
2381 1.4224 0.8249 0 0
2382 0.0835 0.9165 0 0
2383 0.0835 0.5835 0 0
2384 0.5500 0.5678 0 0
2385 0.7500 0.9322 0 0
2386 1.5812 0.8269 0 0
2387 1.2775 0.6749 0 0
2388 1.5326 0.5719 0 0
2389 1.4239 0.6734 0 0
2390 1.1040 0.8282 0 0
2391 0.9988 0.8150 0 0
2392 1.2806 0.8258 0 0
2393 0.3036 0.6883 0 0
2394 0.2085 0.8115 0 0
2395 0.6118 0.6799 0 0
2396 0.6882 0.8201 0 0
2397 1.9169 0.6714 0 0
2398 0.2162 0.7146 0 0
2399 0.1924 0.5799 0 0
2400 1.0248 0.5756 0 0
2401 0.3503 0.9246 0 0
2402 0.7486 0.5767 0 0
2403 0.5514 0.9233 0 0
2404 0.1537 0.9386 0 0
2405 0.0659 0.6566 0 0
2406 0.0672 0.8400 0 0
2407 1.6002 0.6884 0 0
2408 0.9411 0.5717 0 0
2409 1.9257 0.8229 0 0
2410 1.0381 0.6745 0 0
2411 1.6693 0.5721 0 0
2412 1.8261 0.9285 0 0
2413 1.1073 0.6927 0 0
2414 1.8352 0.7290 0 0
2415 0.8930 0.6451 0 0
2416 0.7998 0.6469 0 0
2417 0.3998 0.8531 0 0
2418 0.5002 0.8531 0 0
2419 1.8433 0.5684 0 0
2420 1.9442 0.9442 0 0
2421 1.7224 0.6252 0 0
2422 1.7626 0.6586 0 0
2423 1.7190 0.6913 0 0
2424 1.8042 0.6250 0 0
2425 1.8009 0.6911 0 0
2426 0.6784 0.7030 0 0
2427 0.7323 0.7013 0 0
2428 0.7040 0.7482 0 0
2429 0.6216 0.7970 0 0
2430 0.5677 0.7987 0 0
2431 0.5960 0.7518 0 0
2432 1.6253 0.9411 0 0
2433 1.6753 0.9411 0 0
2434 1.3257 0.9444 0 0
2435 1.3757 0.9444 0 0
2436 1.3750 0.5600 0 0
2437 1.3250 0.5600 0 0
2438 1.0257 0.9522 0 0
2439 1.0757 0.9522 0 0
2440 0.6309 0.7150 0 0
2441 0.6593 0.6680 0 0
2442 0.6691 0.7850 0 0
2443 0.6407 0.8320 0 0
2444 0.3226 0.7654 0 0
2445 0.3405 0.8042 0 0
2446 0.2938 0.8095 0 0
2447 0.2836 0.6527 0 0
2448 0.2599 0.7014 0 0
2449 0.2399 0.6658 0 0
2450 0.2601 0.8299 0 0
2451 0.2422 0.7911 0 0
2452 0.1592 0.7352 0 0
2453 0.2123 0.7630 0 0
2454 0.1553 0.7837 0 0
2455 0.1232 0.8086 0 0
2456 0.1763 0.8364 0 0
2457 1.6663 0.7094 0 0
2458 1.7065 0.7428 0 0
2459 0.2461 0.7426 0 0
2460 0.2898 0.7295 0 0
2461 0.2818 0.5586 0 0
2462 0.2280 0.5985 0 0
2463 0.2462 0.5400 0 0
2464 0.2036 0.6304 0 0
2465 0.1800 0.6792 0 0
2466 1.7024 0.8930 0 0
2467 1.7270 0.9518 0 0
2468 1.6270 0.7247 0 0
2469 1.6395 0.6732 0 0
2470 0.1962 0.5400 0 0
2471 0.7243 0.5383 0 0
2472 0.6920 0.5823 0 0
2473 0.6677 0.5439 0 0
2474 0.5757 0.9617 0 0
2475 0.6080 0.9177 0 0
2476 0.6323 0.9561 0 0
2477 0.9758 0.9575 0 0
2478 1.0014 0.9097 0 0
2479 1.4235 0.5443 0 0
2480 1.3985 0.6043 0 0
2481 1.1035 0.9090 0 0
2482 1.1278 0.9568 0 0
2483 1.5746 0.9547 0 0
2484 1.5999 0.8958 0 0
2485 1.3004 0.6047 0 0
2486 1.2754 0.5447 0 0
2487 1.4019 0.8987 0 0
2488 1.4262 0.9543 0 0
2489 1.9540 0.5960 0 0
2490 1.9540 0.5460 0 0
2491 1.9040 0.5460 0 0
2492 1.3500 0.6850 0 0
2493 1.3869 0.6467 0 0
2494 1.3869 0.7117 0 0
2495 1.3153 0.7879 0 0
2496 1.3507 0.8194 0 0
2497 1.3160 0.8573 0 0
2498 1.6909 0.7897 0 0
2499 1.6893 0.8503 0 0
2500 1.6522 0.8216 0 0
2501 1.2750 0.9548 0 0
2502 1.3006 0.8992 0 0
2503 1.6159 0.8546 0 0
2504 1.6175 0.7939 0 0
2505 1.3138 0.7125 0 0
2506 1.3138 0.6475 0 0
2507 1.3862 0.7874 0 0
2508 1.3869 0.8569 0 0
2509 0.6177 0.5439 0 0
2510 0.6823 0.9561 0 0
2511 0.6710 0.6220 0 0
2512 0.7277 0.6164 0 0
2513 0.6290 0.8780 0 0
2514 0.5723 0.8836 0 0
2515 1.7330 0.5462 0 0
2516 1.7176 0.5823 0 0
2517 1.6847 0.5360 0 0
2518 0.6236 0.6339 0 0
2519 0.6764 0.8661 0 0
2520 0.0511 0.7279 0 0
2521 0.0511 0.7779 0 0
2522 1.1778 0.9568 0 0
2523 1.2027 0.9115 0 0
2524 1.2250 0.9548 0 0
2525 0.2703 0.9576 0 0
2526 0.2955 0.9199 0 0
2527 0.3252 0.9623 0 0
2528 1.7830 0.5462 0 0
2529 1.6011 0.6491 0 0
2530 1.6404 0.6339 0 0
2531 0.1462 0.5400 0 0
2532 0.1380 0.5817 0 0
2533 0.0918 0.5418 0 0
2534 0.9752 0.8650 0 0
2535 1.0250 0.8597 0 0
2536 0.1681 0.6118 0 0
2537 1.4762 0.9543 0 0
2538 1.5008 0.9090 0 0
2539 1.5246 0.9547 0 0
2540 0.3271 0.6382 0 0
2541 0.3672 0.6257 0 0
2542 0.3438 0.6759 0 0
2543 0.3070 0.6026 0 0
2544 1.1333 0.5373 0 0
2545 1.1307 0.5965 0 0
2546 1.0974 0.5592 0 0
2547 0.3253 0.5441 0 0
2548 0.2203 0.9576 0 0
2549 1.0821 0.7899 0 0
2550 1.0514 0.8216 0 0
2551 1.0294 0.7833 0 0
2552 1.9512 0.7743 0 0
2553 1.9512 0.7243 0 0
2554 0.8979 0.7219 0 0
2555 0.8949 0.7638 0 0
2556 0.8459 0.7523 0 0
2557 0.8797 0.8157 0 0
2558 0.9318 0.7854 0 0
2559 0.4213 0.6852 0 0
2560 0.4140 0.7335 0 0
2561 0.3766 0.7117 0 0
2562 0.4102 0.7748 0 0
2563 0.4549 0.7483 0 0
2564 1.7770 0.9518 0 0
2565 0.3310 0.8864 0 0
2566 0.2761 0.8817 0 0
2567 0.8815 0.8714 0 0
2568 0.8446 0.8498 0 0
2569 0.8049 0.8219 0 0
2570 0.8067 0.8777 0 0
2571 0.4958 0.6786 0 0
2572 0.4562 0.6508 0 0
2573 0.4933 0.6224 0 0
2574 0.4188 0.6290 0 0
2575 1.0598 0.5970 0 0
2576 1.0624 0.5378 0 0
2577 1.2263 0.8703 0 0
2578 1.1792 0.8723 0 0
2579 0.9577 0.8262 0 0
2580 0.9341 0.8761 0 0
2581 1.6741 0.6150 0 0
2582 1.1413 0.6419 0 0
2583 1.1772 0.6201 0 0
2584 1.0777 0.8663 0 0
2585 0.4250 0.9655 0 0
2586 0.4750 0.9655 0 0
2587 0.8748 0.5346 0 0
2588 0.8248 0.5346 0 0
2589 0.0418 0.9082 0 0
2590 0.0418 0.9582 0 0
2591 0.0418 0.5418 0 0
2592 0.0418 0.5918 0 0
2593 0.0918 0.9582 0 0
2594 1.5246 0.8697 0 0
2595 1.4762 0.8693 0 0
2596 1.1475 0.6791 0 0
2597 1.1010 0.6555 0 0
2598 0.2245 0.8633 0 0
2599 1.0049 0.6566 0 0
2600 0.9925 0.7040 0 0
2601 0.9593 0.6860 0 0
2602 1.6010 0.5549 0 0
2603 1.5673 0.5909 0 0
2604 1.5663 0.5360 0 0
2605 0.7533 0.6515 0 0
2606 0.7789 0.6967 0 0
2607 0.5467 0.8485 0 0
2608 0.5211 0.8033 0 0
2609 1.4735 0.5443 0 0
2610 0.8232 0.9528 0 0
2611 0.8732 0.9528 0 0
2612 0.4768 0.5473 0 0
2613 0.4268 0.5473 0 0
2614 1.2254 0.5447 0 0
2615 1.0035 0.7425 0 0
2616 1.0491 0.7131 0 0
2617 1.7752 0.8194 0 0
2618 1.7436 0.7716 0 0
2619 1.7908 0.7726 0 0
2620 1.7883 0.8620 0 0
2621 1.7411 0.8610 0 0
2622 1.8624 0.7845 0 0
2623 1.9140 0.7858 0 0
2624 1.8740 0.8216 0 0
2625 1.8242 0.8744 0 0
2626 1.7901 0.9161 0 0
2627 1.1791 0.7923 0 0
2628 1.2024 0.7516 0 0
2629 1.2260 0.7903 0 0
2630 1.2185 0.7076 0 0
2631 1.1716 0.7096 0 0
2632 1.4792 0.7885 0 0
2633 1.5054 0.7495 0 0
2634 1.5262 0.7909 0 0
2635 1.5332 0.7066 0 0
2636 1.4862 0.7041 0 0
2637 1.8582 0.8571 0 0
2638 1.8600 0.9112 0 0
2639 0.0847 0.7979 0 0
2640 0.0336 0.8200 0 0
2641 0.0329 0.6783 0 0
2642 0.0840 0.7063 0 0
2643 0.1057 0.8506 0 0
2644 0.1229 0.6998 0 0
2645 0.1048 0.6502 0 0
2646 1.8389 0.6932 0 0
2647 1.7972 0.7269 0 0
2648 0.8990 0.9102 0 0
2649 0.9258 0.9575 0 0
2650 0.4021 0.5913 0 0
2651 0.3753 0.5441 0 0
2652 0.5375 0.7019 0 0
2653 0.5004 0.7302 0 0
2654 0.4966 0.7715 0 0
2655 0.8004 0.7703 0 0
2656 0.8034 0.7285 0 0
2657 0.7625 0.7981 0 0
2658 1.9469 0.8969 0 0
2659 1.9098 0.8584 0 0
2660 1.9628 0.8614 0 0
2661 1.1833 0.5373 0 0
2662 0.3752 0.9623 0 0
2663 0.4002 0.9277 0 0
2664 0.5007 0.9271 0 0
2665 0.5257 0.9617 0 0
2666 0.7991 0.5730 0 0
2667 0.7743 0.5383 0 0
2668 0.9200 0.6893 0 0
2669 0.9324 0.6419 0 0
2670 0.3845 0.8066 0 0
2671 0.3557 0.8507 0 0
2672 0.8244 0.6787 0 0
2673 0.4756 0.8213 0 0
2674 1.5163 0.5360 0 0
2675 0.9205 0.5359 0 0
2676 0.8954 0.5705 0 0
2677 1.6347 0.5360 0 0
2678 1.6356 0.5910 0 0
2679 1.5580 0.6355 0 0
2680 1.5571 0.6748 0 0
2681 1.4411 0.7102 0 0
2682 1.4042 0.7485 0 0
2683 1.1078 0.7526 0 0
2684 1.1297 0.7909 0 0
2685 1.8630 0.9642 0 0
2686 1.8969 0.9469 0 0
2687 1.0124 0.5378 0 0
2688 1.9628 0.8114 0 0
2689 1.5233 0.6166 0 0
2690 0.8710 0.6778 0 0
2691 0.4255 0.8213 0 0
2692 1.8688 0.7389 0 0
2693 1.8761 0.7002 0 0
2694 1.9097 0.7100 0 0
2695 1.8798 0.6644 0 0
2696 1.9585 0.6857 0 0
2697 1.9585 0.6357 0 0
2698 0.7276 0.8349 0 0
2699 0.7231 0.7833 0 0
2700 0.5724 0.6651 0 0
2701 0.5769 0.7167 0 0
2702 0.5018 0.5812 0 0
2703 0.5415 0.6090 0 0
2704 0.5250 0.5339 0 0
2705 0.7982 0.9189 0 0
2706 0.7585 0.8910 0 0
2707 0.7750 0.9661 0 0
2708 0.4751 0.8920 0 0
2709 0.5258 0.8882 0 0
2710 0.8248 0.6081 0 0
2711 0.7742 0.6118 0 0
2712 0.3751 0.8889 0 0
2713 0.4249 0.8920 0 0
2714 0.1136 0.6136 0 0
2715 1.2996 0.7498 0 0
2716 1.2634 0.7123 0 0
2717 1.5668 0.7894 0 0
2718 1.6031 0.7564 0 0
2719 1.8288 0.7747 0 0
2720 1.8130 0.9642 0 0
2721 1.4404 0.7860 0 0
2722 1.2087 0.5821 0 0
2723 0.9729 0.7742 0 0
2724 0.7073 0.9222 0 0
2725 0.7158 0.8809 0 0
2726 0.7250 0.9661 0 0
2727 0.5927 0.5778 0 0
2728 0.5842 0.6191 0 0
2729 0.5750 0.5339 0 0
2730 0.9170 0.6084 0 0
2731 0.8714 0.6072 0 0
2732 1.9124 0.6317 0 0
2733 1.8429 0.6129 0 0
2734 1.8756 0.5802 0 0
2735 1.8753 0.6247 0 0
2736 1.2192 0.6275 0 0
2737 1.4375 0.8667 0 0
2738 1.4612 0.8274 0 0
2739 0.3364 0.7242 0 0
2740 1.8046 0.5804 0 0
2741 1.4898 0.5802 0 0
2742 1.9721 0.9221 0 0
2743 1.9191 0.9191 0 0
2744 1.9221 0.9721 0 0
2745 1.2649 0.7877 0 0
2746 1.1298 0.8709 0 0
2747 1.1534 0.8296 0 0
2748 1.4689 0.6673 0 0
2749 1.4354 0.6310 0 0
2750 1.4805 0.6249 0 0
2751 1.5763 0.7201 0 0
2752 1.5652 0.8682 0 0
2753 1.5406 0.8285 0 0
2754 1.2641 0.6322 0 0
2755 1.2326 0.6702 0 0
2756 0.0336 0.8700 0 0
2757 0.0329 0.6283 0 0
2758 0.1268 0.9693 0 0
2759 0.1768 0.9693 0 0
2760 1.2653 0.8677 0 0
2761 1.2417 0.8284 0 0
2762 1.1314 0.7232 0 0
2763 0.1924 0.8882 0 0
2764 0.1971 0.9269 0 0
2765 0.1489 0.8999 0 0
2766 0.9705 0.5359 0 0
2767 1.0837 0.7222 0 0
2768 1.0665 0.6464 0 0
2769 1.0315 0.6251 0 0
2770 0.9983 0.6071 0 0
2771 1.9721 0.9721 0 0
2772 0.8464 0.6460 0 0
2773 0.4500 0.8531 0 0
2774 1.8716 0.5342 0 0
2775 1.8216 0.5342 0 0
2776 0.9564 0.6052 0 0
2777 0.0754 0.8782 0 0
2778 0.0747 0.6201 0 0
2779 0.1186 0.9275 0 0
2780 0.1139 0.8889 0 0
2781 0.9829 0.5737 0 0
2782 1.0727 0.6836 0 0
2783 1.7006 0.6416 0 0
2784 1.7207 0.6583 0 0
2785 1.6989 0.6746 0 0
2786 1.7425 0.6419 0 0
2787 1.7408 0.6750 0 0
2788 1.7441 0.6088 0 0
2789 1.7642 0.6255 0 0
2790 1.7609 0.6917 0 0
2791 1.7391 0.7080 0 0
2792 1.7851 0.6087 0 0
2793 1.7834 0.6418 0 0
2794 1.8026 0.6580 0 0
2795 1.7817 0.6748 0 0
2796 1.8234 0.6412 0 0
2797 1.8217 0.6742 0 0
2798 1.7801 0.7079 0 0
2799 0.6642 0.7265 0 0
2800 0.6912 0.7256 0 0
2801 0.6770 0.7491 0 0
2802 0.7053 0.7021 0 0
2803 0.7182 0.7248 0 0
2804 0.6925 0.6795 0 0
2805 0.7195 0.6787 0 0
2806 0.7452 0.7239 0 0
2807 0.7310 0.7474 0 0
2808 0.6358 0.7735 0 0
2809 0.6088 0.7744 0 0
2810 0.6230 0.7509 0 0
2811 0.5947 0.7979 0 0
2812 0.5818 0.7752 0 0
2813 0.6075 0.8205 0 0
2814 0.5805 0.8213 0 0
2815 0.5548 0.7761 0 0
2816 0.5690 0.7526 0 0
2817 1.6627 0.9706 0 0
2818 1.6877 0.9706 0 0
2819 1.6377 0.9706 0 0
2820 1.6503 0.9411 0 0
2821 1.6127 0.9706 0 0
2822 1.6380 0.9117 0 0
2823 1.6630 0.9117 0 0
2824 1.3628 0.9722 0 0
2825 1.3878 0.9722 0 0
2826 1.3378 0.9722 0 0
2827 1.3507 0.9444 0 0
2828 1.3128 0.9722 0 0
2829 1.3385 0.9166 0 0
2830 1.3635 0.9166 0 0
2831 1.3875 0.5300 0 0
2832 1.3625 0.5300 0 0
2833 1.3500 0.5600 0 0
2834 1.3375 0.5300 0 0
2835 1.3625 0.5900 0 0
2836 1.3375 0.5900 0 0
2837 1.3125 0.5300 0 0
2838 1.0628 0.9761 0 0
2839 1.0878 0.9761 0 0
2840 1.0378 0.9761 0 0
2841 1.0507 0.9522 0 0
2842 1.0128 0.9761 0 0
2843 1.0385 0.9283 0 0
2844 1.0635 0.9283 0 0
2845 0.6405 0.7325 0 0
2846 0.6546 0.7090 0 0
2847 0.6451 0.6915 0 0
2848 0.6688 0.6855 0 0
2849 0.6214 0.6974 0 0
2850 0.6356 0.6739 0 0
2851 0.6830 0.6620 0 0
2852 0.6595 0.7675 0 0
2853 0.6454 0.7910 0 0
2854 0.6549 0.8085 0 0
2855 0.6312 0.8145 0 0
2856 0.6786 0.8026 0 0
2857 0.6644 0.8261 0 0
2858 0.6170 0.8380 0 0
2859 0.2993 0.7681 0 0
2860 0.3082 0.7875 0 0
2861 0.2849 0.7901 0 0
2862 0.3315 0.7848 0 0
2863 0.3171 0.8068 0 0
2864 0.3459 0.7627 0 0
2865 0.3549 0.7821 0 0
2866 0.3261 0.8262 0 0
2867 0.3027 0.8289 0 0
2868 0.2735 0.6349 0 0
2869 0.2617 0.6593 0 0
2870 0.2517 0.6415 0 0
2871 0.2718 0.6771 0 0
2872 0.2499 0.6836 0 0
2873 0.2936 0.6705 0 0
2874 0.2818 0.6949 0 0
2875 0.2381 0.7080 0 0
2876 0.2281 0.6902 0 0
2877 0.2680 0.8003 0 0
2878 0.2591 0.7809 0 0
2879 0.2769 0.8197 0 0
2880 0.2511 0.8105 0 0
2881 0.2859 0.8391 0 0
2882 0.2343 0.8207 0 0
2883 0.2253 0.8013 0 0
2884 0.1306 0.7455 0 0
2885 0.1572 0.7594 0 0
2886 0.1287 0.7698 0 0
2887 0.1858 0.7491 0 0
2888 0.1838 0.7733 0 0
2889 0.1877 0.7249 0 0
2890 0.2143 0.7388 0 0
2891 0.2104 0.7872 0 0
2892 0.1819 0.7976 0 0
2893 0.1337 0.8349 0 0
2894 0.1497 0.8225 0 0
2895 0.1603 0.8488 0 0
2896 0.1392 0.7961 0 0
2897 0.1658 0.8100 0 0
2898 0.1126 0.7822 0 0
2899 0.1924 0.8239 0 0
2900 1.6601 0.7352 0 0
2901 1.6864 0.7261 0 0
2902 1.6802 0.7519 0 0
2903 1.6927 0.7004 0 0
2904 1.7128 0.7171 0 0
2905 1.6725 0.6837 0 0
2906 1.7329 0.7338 0 0
2907 0.2610 0.7567 0 0
2908 0.2679 0.7361 0 0
2909 0.2829 0.7501 0 0
2910 0.2530 0.7220 0 0
2911 0.2749 0.7155 0 0
2912 0.2312 0.7286 0 0
2913 0.2967 0.7089 0 0
2914 0.2909 0.5293 0 0
2915 0.2640 0.5493 0 0
2916 0.2731 0.5200 0 0
2917 0.2549 0.5785 0 0
2918 0.2371 0.5692 0 0
2919 0.2726 0.5879 0 0
2920 0.2457 0.6078 0 0
2921 0.2102 0.5892 0 0
2922 0.2193 0.5599 0 0
2923 0.1737 0.6371 0 0
2924 0.1918 0.6548 0 0
2925 0.1619 0.6615 0 0
2926 0.2218 0.6481 0 0
2927 0.2099 0.6725 0 0
2928 0.2336 0.6238 0 0
2929 0.1981 0.6969 0 0
2930 1.7012 0.9465 0 0
2931 1.7135 0.9759 0 0
2932 1.6888 0.9170 0 0
2933 1.7147 0.9224 0 0
2934 1.6765 0.8876 0 0
2935 1.7282 0.8983 0 0
2936 1.7406 0.9277 0 0
2937 1.6404 0.7428 0 0
2938 1.6467 0.7171 0 0
2939 1.6333 0.6989 0 0
2940 1.6529 0.6913 0 0
2941 1.6136 0.7065 0 0
2942 1.6199 0.6808 0 0
2943 1.6591 0.6655 0 0
2944 0.2481 0.5200 0 0
2945 0.2212 0.5400 0 0
2946 0.2231 0.5200 0 0
2947 0.1943 0.5599 0 0
2948 0.1981 0.5200 0 0
2949 0.7121 0.5192 0 0
2950 0.6960 0.5411 0 0
2951 0.6838 0.5220 0 0
2952 0.7081 0.5603 0 0
2953 0.6798 0.5631 0 0
2954 0.7364 0.5575 0 0
2955 0.7203 0.5795 0 0
2956 0.6637 0.5851 0 0
2957 0.6515 0.5659 0 0
2958 0.5878 0.9808 0 0
2959 0.6040 0.9589 0 0
2960 0.6162 0.9780 0 0
2961 0.5918 0.9397 0 0
2962 0.6202 0.9369 0 0
2963 0.5635 0.9425 0 0
2964 0.5797 0.9205 0 0
2965 0.6363 0.9149 0 0
2966 0.6485 0.9341 0 0
2967 0.9879 0.9787 0 0
2968 1.0007 0.9548 0 0
2969 0.9886 0.9336 0 0
2970 1.0136 0.9309 0 0
2971 0.9637 0.9362 0 0
2972 0.9765 0.9123 0 0
2973 1.0264 0.9070 0 0
2974 1.4117 0.5221 0 0
2975 1.3992 0.5521 0 0
2976 1.4110 0.5743 0 0
2977 1.3867 0.5821 0 0
2978 1.4352 0.5664 0 0
2979 1.4227 0.5964 0 0
2980 1.3742 0.6121 0 0
2981 1.1017 0.9545 0 0
2982 1.1139 0.9784 0 0
2983 1.0896 0.9306 0 0
2984 1.1156 0.9329 0 0
2985 1.0774 0.9067 0 0
2986 1.1295 0.9112 0 0
2987 1.1417 0.9351 0 0
2988 1.5873 0.9774 0 0
2989 1.6000 0.9479 0 0
2990 1.5873 0.9253 0 0
2991 1.6126 0.9185 0 0
2992 1.5619 0.9321 0 0
2993 1.5746 0.9026 0 0
2994 1.6253 0.8891 0 0
2995 1.3002 0.5524 0 0
2996 1.2877 0.5224 0 0
2997 1.3127 0.5824 0 0
2998 1.2879 0.5747 0 0
2999 1.3252 0.6124 0 0
3000 1.2755 0.5971 0 0
3001 1.2630 0.5671 0 0
3002 1.4010 0.9494 0 0
3003 1.4131 0.9771 0 0
3004 1.3888 0.9216 0 0
3005 1.4141 0.9265 0 0
3006 1.3766 0.8938 0 0
3007 1.4272 0.9037 0 0
3008 1.4394 0.9314 0 0
3009 1.9770 0.5480 0 0
3010 1.9770 0.5230 0 0
3011 1.9770 0.5730 0 0
3012 1.9540 0.5710 0 0
3013 1.9770 0.5980 0 0
3014 1.9309 0.5941 0 0
3015 1.9309 0.5691 0 0
3016 1.9520 0.5230 0 0
3017 1.9290 0.5460 0 0
3018 1.9270 0.5230 0 0
3019 1.9059 0.5691 0 0
3020 1.9020 0.5230 0 0
3021 1.3500 0.7175 0 0
3022 1.3685 0.6983 0 0
3023 1.3685 0.7308 0 0
3024 1.3685 0.6658 0 0
3025 1.3869 0.6792 0 0
3026 1.3500 0.6525 0 0
3027 1.3685 0.6333 0 0
3028 1.4054 0.6600 0 0
3029 1.4054 0.6925 0 0
3030 1.2980 0.8069 0 0
3031 1.3157 0.8226 0 0
3032 1.2983 0.8416 0 0
3033 1.3330 0.8037 0 0
3034 1.3333 0.8384 0 0
3035 1.3327 0.7690 0 0
3036 1.3503 0.7847 0 0
3037 1.3510 0.8541 0 0
3038 1.3337 0.8731 0 0
3039 1.6724 0.7753 0 0
3040 1.6716 0.8056 0 0
3041 1.6530 0.7913 0 0
3042 1.6901 0.8200 0 0
3043 1.6708 0.8360 0 0
3044 1.7095 0.8040 0 0
3045 1.7087 0.8344 0 0
3046 1.6700 0.8663 0 0
3047 1.6514 0.8519 0 0
3048 1.2875 0.9774 0 0
3049 1.3003 0.9496 0 0
3050 1.2878 0.9270 0 0
3051 1.3132 0.9218 0 0
3052 1.2624 0.9322 0 0
3053 1.2753 0.9044 0 0
3054 1.3260 0.8940 0 0
3055 1.6349 0.8078 0 0
3056 1.6357 0.7774 0 0
3057 1.6341 0.8381 0 0
3058 1.6167 0.8243 0 0
3059 1.6333 0.8684 0 0
3060 1.5986 0.8407 0 0
3061 1.5994 0.8104 0 0
3062 1.3319 0.7312 0 0
3063 1.3319 0.6987 0 0
3064 1.3138 0.6800 0 0
3065 1.3319 0.6662 0 0
3066 1.2957 0.6937 0 0
3067 1.2957 0.6612 0 0
3068 1.3319 0.6337 0 0
3069 1.3688 0.8381 0 0
3070 1.3691 0.8729 0 0
3071 1.3684 0.8034 0 0
3072 1.3866 0.8222 0 0
3073 1.3681 0.7687 0 0
3074 1.4043 0.8062 0 0
3075 1.4047 0.8409 0 0
3076 0.6588 0.5220 0 0
3077 0.6427 0.5439 0 0
3078 0.6338 0.5220 0 0
3079 0.6265 0.5659 0 0
3080 0.6088 0.5220 0 0
3081 0.6662 0.9780 0 0
3082 0.6912 0.9780 0 0
3083 0.6412 0.9780 0 0
3084 0.6573 0.9561 0 0
3085 0.6735 0.9341 0 0
3086 0.6889 0.6390 0 0
3087 0.6993 0.6192 0 0
3088 0.7172 0.6362 0 0
3089 0.6815 0.6021 0 0
3090 0.7098 0.5993 0 0
3091 0.6532 0.6049 0 0
3092 0.7381 0.5965 0 0
3093 0.6111 0.8610 0 0
3094 0.6006 0.8808 0 0
3095 0.5828 0.8638 0 0
3096 0.6185 0.8979 0 0
3097 0.5902 0.9007 0 0
3098 0.6468 0.8951 0 0
3099 0.5618 0.9035 0 0
3100 1.7165 0.5231 0 0
3101 1.7088 0.5411 0 0
3102 1.6923 0.5180 0 0
3103 1.7253 0.5643 0 0
3104 1.7011 0.5591 0 0
3105 1.7494 0.5694 0 0
3106 1.7418 0.5874 0 0
3107 1.6935 0.5772 0 0
3108 1.6770 0.5540 0 0
3109 0.6652 0.6450 0 0
3110 0.6414 0.6509 0 0
3111 0.6473 0.6279 0 0
3112 0.6177 0.6569 0 0
3113 0.6295 0.6109 0 0
3114 0.6348 0.8550 0 0
3115 0.6586 0.8491 0 0
3116 0.6527 0.8721 0 0
3117 0.6823 0.8431 0 0
3118 0.6705 0.8891 0 0
3119 0.0255 0.7640 0 0
3120 0.0255 0.7890 0 0
3121 0.0255 0.7390 0 0
3122 0.0511 0.7529 0 0
3123 0.0255 0.7140 0 0
3124 0.0766 0.7419 0 0
3125 0.0766 0.7669 0 0
3126 1.1889 0.9784 0 0
3127 1.2014 0.9558 0 0
3128 1.2125 0.9774 0 0
3129 1.1903 0.9342 0 0
3130 1.2139 0.9332 0 0
3131 1.1667 0.9351 0 0
3132 1.1792 0.9125 0 0
3133 1.2263 0.9105 0 0
3134 1.2374 0.9322 0 0
3135 0.2851 0.9788 0 0
3136 0.2977 0.9599 0 0
3137 0.3126 0.9811 0 0
3138 0.2829 0.9387 0 0
3139 0.3103 0.9411 0 0
3140 0.2554 0.9364 0 0
3141 0.2680 0.9175 0 0
3142 0.3229 0.9222 0 0
3143 0.3378 0.9434 0 0
3144 1.7915 0.5231 0 0
3145 1.7665 0.5231 0 0
3146 1.7580 0.5462 0 0
3147 1.7415 0.5231 0 0
3148 1.7744 0.5694 0 0
3149 1.6399 0.6535 0 0
3150 1.6596 0.6459 0 0
3151 1.6203 0.6611 0 0
3152 1.6207 0.6415 0 0
3153 1.6006 0.6687 0 0
3154 1.6015 0.6295 0 0
3155 1.6212 0.6219 0 0
3156 0.1231 0.5200 0 0
3157 0.1190 0.5409 0 0
3158 0.0959 0.5209 0 0
3159 0.1421 0.5608 0 0
3160 0.1149 0.5617 0 0
3161 0.1693 0.5599 0 0
3162 0.1652 0.5808 0 0
3163 0.1108 0.5826 0 0
3164 0.0877 0.5627 0 0
3165 1.0132 0.8847 0 0
3166 1.0382 0.8820 0 0
3167 0.9883 0.8873 0 0
3168 1.0001 0.8623 0 0
3169 0.9634 0.8900 0 0
3170 0.9870 0.8400 0 0
3171 1.0119 0.8373 0 0
3172 0.1559 0.6278 0 0
3173 0.1859 0.6211 0 0
3174 0.1980 0.6052 0 0
3175 0.2158 0.6145 0 0
3176 0.1802 0.5959 0 0
3177 1.4881 0.9771 0 0
3178 1.5004 0.9545 0 0
3179 1.5123 0.9774 0 0
3180 1.4885 0.9316 0 0
3181 1.5127 0.9319 0 0
3182 1.4644 0.9314 0 0
3183 1.4767 0.9088 0 0
3184 1.5250 0.9092 0 0
3185 1.5369 0.9321 0 0
3186 0.3154 0.6633 0 0
3187 0.3354 0.6570 0 0
3188 0.3237 0.6821 0 0
3189 0.3472 0.6320 0 0
3190 0.3555 0.6508 0 0
3191 0.3388 0.6132 0 0
3192 0.3589 0.6069 0 0
3193 0.3755 0.6446 0 0
3194 0.3638 0.6696 0 0
3195 0.2853 0.6099 0 0
3196 0.2953 0.6277 0 0
3197 0.3171 0.6204 0 0
3198 0.3053 0.6455 0 0
3199 0.3288 0.5954 0 0
3200 1.1167 0.5187 0 0
3201 1.1154 0.5482 0 0
3202 1.0987 0.5296 0 0
3203 1.1320 0.5669 0 0
3204 1.1141 0.5778 0 0
3205 1.1500 0.5560 0 0
3206 1.1487 0.5856 0 0
3207 1.1128 0.6074 0 0
3208 1.0961 0.5887 0 0
3209 0.3126 0.5220 0 0
3210 0.3035 0.5513 0 0
3211 0.3162 0.5733 0 0
3212 0.2944 0.5806 0 0
3213 0.3379 0.5661 0 0
3214 0.2601 0.9788 0 0
3215 0.2351 0.9788 0 0
3216 0.2453 0.9576 0 0
3217 0.2101 0.9788 0 0
3218 0.2304 0.9364 0 0
3219 1.0711 0.7708 0 0
3220 1.0557 0.7866 0 0
3221 1.0448 0.7675 0 0
3222 1.0667 0.8058 0 0
3223 1.0404 0.8025 0 0
3224 1.0930 0.8091 0 0
3225 1.0777 0.8249 0 0
3226 1.0251 0.8183 0 0
3227 1.0141 0.7992 0 0
3228 1.9756 0.7372 0 0
3229 1.9756 0.7122 0 0
3230 1.9756 0.7622 0 0
3231 1.9512 0.7493 0 0
3232 1.9756 0.7872 0 0
3233 1.9268 0.7615 0 0
3234 1.9268 0.7365 0 0
3235 0.8734 0.7162 0 0
3236 0.8719 0.7371 0 0
3237 0.8474 0.7314 0 0
3238 0.8964 0.7429 0 0
3239 0.8704 0.7580 0 0
3240 0.9224 0.7277 0 0
3241 0.9209 0.7486 0 0
3242 0.8689 0.7789 0 0
3243 0.8444 0.7732 0 0
3244 0.8982 0.8265 0 0
3245 0.9058 0.8005 0 0
3246 0.9242 0.8113 0 0
3247 0.8873 0.7897 0 0
3248 0.9133 0.7746 0 0
3249 0.8613 0.8049 0 0
3250 0.9394 0.7594 0 0
3251 0.4026 0.6743 0 0
3252 0.3989 0.6984 0 0
3253 0.3802 0.6875 0 0
3254 0.4176 0.7093 0 0
3255 0.3953 0.7226 0 0
3256 0.4400 0.6961 0 0
3257 0.4363 0.7202 0 0
3258 0.3916 0.7468 0 0
3259 0.3729 0.7359 0 0
3260 0.4306 0.7822 0 0
3261 0.4325 0.7615 0 0
3262 0.4530 0.7689 0 0
3263 0.4121 0.7541 0 0
3264 0.4344 0.7409 0 0
3265 0.3897 0.7674 0 0
3266 0.4568 0.7276 0 0
3267 0.1731 0.5200 0 0
3268 0.1712 0.5400 0 0
3269 0.1481 0.5200 0 0
3270 1.7635 0.9759 0 0
3271 1.7885 0.9759 0 0
3272 1.7385 0.9759 0 0
3273 1.7520 0.9518 0 0
3274 1.7656 0.9277 0 0
3275 0.3213 0.8674 0 0
3276 0.3036 0.8841 0 0
3277 0.2939 0.8650 0 0
3278 0.3132 0.9032 0 0
3279 0.2858 0.9008 0 0
3280 0.3407 0.9055 0 0
3281 0.2584 0.8985 0 0
3282 0.8991 0.8544 0 0
3283 0.8806 0.8436 0 0
3284 0.8631 0.8606 0 0
3285 0.8622 0.8328 0 0
3286 0.8640 0.8885 0 0
3287 0.8455 0.8777 0 0
3288 0.8437 0.8220 0 0
3289 0.7860 0.8359 0 0
3290 0.8058 0.8498 0 0
3291 0.7869 0.8637 0 0
3292 0.8248 0.8359 0 0
3293 0.8257 0.8637 0 0
3294 0.8239 0.8080 0 0
3295 0.8266 0.8916 0 0
3296 0.5144 0.6644 0 0
3297 0.4946 0.6505 0 0
3298 0.5131 0.6363 0 0
3299 0.4760 0.6647 0 0
3300 0.4747 0.6366 0 0
3301 0.4773 0.6928 0 0
3302 0.4574 0.6789 0 0
3303 0.4549 0.6227 0 0
3304 0.4735 0.6085 0 0
3305 0.4013 0.6462 0 0
3306 0.4200 0.6571 0 0
3307 0.4375 0.6399 0 0
3308 0.4387 0.6680 0 0
3309 0.4362 0.6118 0 0
3310 1.0799 0.5485 0 0
3311 1.0812 0.5189 0 0
3312 1.0786 0.5781 0 0
3313 1.0611 0.5674 0 0
3314 1.0773 0.6077 0 0
3315 1.0423 0.5863 0 0
3316 1.0436 0.5567 0 0
3317 1.2145 0.8506 0 0
3318 1.2027 0.8713 0 0
3319 1.1910 0.8516 0 0
3320 1.2145 0.8909 0 0
3321 1.1910 0.8919 0 0
3322 1.2381 0.8899 0 0
3323 1.1674 0.8929 0 0
3324 0.9371 0.8317 0 0
3325 0.9459 0.8511 0 0
3326 0.9253 0.8567 0 0
3327 0.9664 0.8456 0 0
3328 0.9546 0.8705 0 0
3329 0.9782 0.8206 0 0
3330 0.9428 0.8955 0 0
3331 1.6764 0.6365 0 0
3332 1.6982 0.6201 0 0
3333 1.6958 0.5986 0 0
3334 1.7200 0.6037 0 0
3335 1.6717 0.5935 0 0
3336 1.1645 0.6537 0 0
3337 1.1592 0.6310 0 0
3338 1.1825 0.6428 0 0
3339 1.1360 0.6192 0 0
3340 1.1540 0.6083 0 0
3341 1.1181 0.6301 0 0
3342 1.1719 0.5974 0 0
3343 1.0514 0.8630 0 0
3344 1.0645 0.8853 0 0
3345 1.0382 0.8406 0 0
3346 1.0645 0.8439 0 0
3347 1.0908 0.8472 0 0
3348 0.4625 0.9827 0 0
3349 0.4875 0.9827 0 0
3350 0.4375 0.9827 0 0
3351 0.4500 0.9655 0 0
3352 0.4125 0.9827 0 0
3353 0.4375 0.9482 0 0
3354 0.4625 0.9482 0 0
3355 0.8874 0.5173 0 0
3356 0.8624 0.5173 0 0
3357 0.8498 0.5346 0 0
3358 0.8374 0.5173 0 0
3359 0.8623 0.5519 0 0
3360 0.8373 0.5519 0 0
3361 0.8124 0.5173 0 0
3362 0.0209 0.9541 0 0
3363 0.0209 0.9791 0 0
3364 0.0209 0.9291 0 0
3365 0.0418 0.9332 0 0
3366 0.0209 0.9041 0 0
3367 0.0627 0.9123 0 0
3368 0.0627 0.9373 0 0
3369 0.0209 0.5209 0 0
3370 0.0209 0.5459 0 0
3371 0.0418 0.5668 0 0
3372 0.0209 0.5709 0 0
3373 0.0627 0.5627 0 0
3374 0.0627 0.5877 0 0
3375 0.0209 0.5959 0 0
3376 0.0459 0.9791 0 0
3377 0.0668 0.9582 0 0
3378 0.0709 0.9791 0 0
3379 0.0877 0.9373 0 0
3380 0.0959 0.9791 0 0
3381 0.0459 0.5209 0 0
3382 0.0709 0.5209 0 0
3383 0.0668 0.5418 0 0
3384 1.5123 0.8499 0 0
3385 1.5004 0.8695 0 0
3386 1.4881 0.8496 0 0
3387 1.5127 0.8894 0 0
3388 1.4885 0.8891 0 0
3389 1.5369 0.8896 0 0
3390 1.4644 0.8889 0 0
3391 1.1676 0.6723 0 0
3392 1.1444 0.6605 0 0
3393 1.1243 0.6673 0 0
3394 1.1212 0.6487 0 0
3395 1.1274 0.6859 0 0
3396 1.1041 0.6741 0 0
3397 1.0979 0.6369 0 0
3398 0.2681 0.8558 0 0
3399 0.2503 0.8725 0 0
3400 0.2423 0.8466 0 0
3401 0.2326 0.8893 0 0
3402 0.2165 0.8374 0 0
3403 0.9883 0.6476 0 0
3404 0.9821 0.6713 0 0
3405 0.9655 0.6623 0 0
3406 0.9987 0.6803 0 0
3407 0.9759 0.6950 0 0
3408 1.0215 0.6656 0 0
3409 1.0153 0.6892 0 0
3410 0.9697 0.7187 0 0
3411 0.9531 0.7097 0 0
3412 1.6005 0.5275 0 0
3413 1.5836 0.5454 0 0
3414 1.5831 0.5180 0 0
3415 1.5841 0.5729 0 0
3416 1.5668 0.5634 0 0
3417 1.6015 0.5824 0 0
3418 1.5846 0.6004 0 0
3419 1.5499 0.5814 0 0
3420 1.5494 0.5539 0 0
3421 0.7300 0.6538 0 0
3422 0.7428 0.6764 0 0
3423 0.7661 0.6741 0 0
3424 0.7556 0.6990 0 0
3425 0.7765 0.6492 0 0
3426 0.7894 0.6718 0 0
3427 0.7684 0.7216 0 0
3428 0.5700 0.8462 0 0
3429 0.5572 0.8236 0 0
3430 0.5339 0.8259 0 0
3431 0.5444 0.8010 0 0
3432 0.5235 0.8508 0 0
3433 0.5106 0.8282 0 0
3434 0.5316 0.7784 0 0
3435 1.1639 0.9784 0 0
3436 1.1389 0.9784 0 0
3437 1.1528 0.9568 0 0
3438 1.4867 0.5221 0 0
3439 1.4617 0.5221 0 0
3440 1.4485 0.5443 0 0
3441 1.4367 0.5221 0 0
3442 1.4602 0.5664 0 0
3443 0.8616 0.9764 0 0
3444 0.8866 0.9764 0 0
3445 0.8366 0.9764 0 0
3446 0.8482 0.9528 0 0
3447 0.8116 0.9764 0 0
3448 0.8348 0.9292 0 0
3449 0.8598 0.9292 0 0
3450 0.4884 0.5236 0 0
3451 0.4634 0.5236 0 0
3452 0.4518 0.5473 0 0
3453 0.4384 0.5236 0 0
3454 0.4652 0.5709 0 0
3455 0.4402 0.5709 0 0
3456 0.4134 0.5236 0 0
3457 1.5623 0.9774 0 0
3458 1.5373 0.9774 0 0
3459 1.5496 0.9547 0 0
3460 1.4631 0.9771 0 0
3461 1.4381 0.9771 0 0
3462 1.4512 0.9543 0 0
3463 1.2627 0.5224 0 0
3464 1.2504 0.5447 0 0
3465 1.2377 0.5224 0 0
3466 1.2380 0.5671 0 0
3467 1.2127 0.5224 0 0
3468 1.0318 0.7471 0 0
3469 1.0263 0.7278 0 0
3470 1.0546 0.7323 0 0
3471 0.9980 0.7233 0 0
3472 1.0208 0.7085 0 0
3473 0.9752 0.7380 0 0
3474 1.0436 0.6938 0 0
3475 1.7988 0.8199 0 0
3476 1.7830 0.7960 0 0
3477 1.8066 0.7965 0 0
3478 1.7594 0.7955 0 0
3479 1.7672 0.7721 0 0
3480 1.7516 0.8189 0 0
3481 1.7358 0.7950 0 0
3482 1.7514 0.7481 0 0
3483 1.7750 0.7486 0 0
3484 1.2625 0.9774 0 0
3485 1.2375 0.9774 0 0
3486 1.2500 0.9548 0 0
3487 1.8053 0.8412 0 0
3488 1.7817 0.8407 0 0
3489 1.7647 0.8615 0 0
3490 1.7581 0.8402 0 0
3491 1.7712 0.8828 0 0
3492 1.7476 0.8823 0 0
3493 1.7346 0.8397 0 0
3494 1.8424 0.8025 0 0
3495 1.8682 0.8031 0 0
3496 1.8482 0.8210 0 0
3497 1.8882 0.7852 0 0
3498 1.8940 0.8037 0 0
3499 1.8824 0.7666 0 0
3500 1.9082 0.7672 0 0
3501 1.9198 0.8043 0 0
3502 1.8999 0.8223 0 0
3503 1.8233 0.8474 0 0
3504 1.8062 0.8682 0 0
3505 1.8072 0.8952 0 0
3506 1.7892 0.8890 0 0
3507 1.8252 0.9014 0 0
3508 1.8081 0.9223 0 0
3509 1.7721 0.9099 0 0
3510 1.1909 0.8117 0 0
3511 1.2025 0.7913 0 0
3512 1.2144 0.8107 0 0
3513 1.1907 0.7720 0 0
3514 1.2142 0.7710 0 0
3515 1.1673 0.7730 0 0
3516 1.1789 0.7526 0 0
3517 1.2258 0.7506 0 0
3518 1.2376 0.7700 0 0
3519 1.2031 0.6865 0 0
3520 1.1951 0.7086 0 0
3521 1.1797 0.6875 0 0
3522 1.2104 0.7296 0 0
3523 1.1870 0.7306 0 0
3524 1.2339 0.7286 0 0
3525 1.1636 0.7316 0 0
3526 1.4896 0.8093 0 0
3527 1.5027 0.7897 0 0
3528 1.5131 0.8105 0 0
3529 1.4923 0.7690 0 0
3530 1.5158 0.7702 0 0
3531 1.4688 0.7678 0 0
3532 1.4819 0.7482 0 0
3533 1.5289 0.7507 0 0
3534 1.5393 0.7714 0 0
3535 1.5236 0.6839 0 0
3536 1.5097 0.7053 0 0
3537 1.5001 0.6827 0 0
3538 1.5193 0.7280 0 0
3539 1.4958 0.7268 0 0
3540 1.5429 0.7292 0 0
3541 1.4723 0.7256 0 0
3542 1.8403 0.8388 0 0
3543 1.8412 0.8658 0 0
3544 1.8591 0.8842 0 0
3545 1.8421 0.8928 0 0
3546 1.8760 0.8755 0 0
3547 1.8769 0.9025 0 0
3548 1.8430 0.9198 0 0
3549 0.0423 0.7990 0 0
3550 0.0168 0.8100 0 0
3551 0.0679 0.7879 0 0
3552 0.0592 0.8089 0 0
3553 0.0934 0.7769 0 0
3554 0.0760 0.8189 0 0
3555 0.0504 0.8300 0 0
3556 0.0165 0.6892 0 0
3557 0.0420 0.7031 0 0
3558 0.0585 0.6923 0 0
3559 0.0675 0.7171 0 0
3560 0.0494 0.6675 0 0
3561 0.0749 0.6814 0 0
3562 0.0931 0.7311 0 0
3563 0.1250 0.8559 0 0
3564 0.1144 0.8296 0 0
3565 0.0952 0.8243 0 0
3566 0.1039 0.8032 0 0
3567 0.0865 0.8453 0 0
3568 0.1333 0.6718 0 0
3569 0.1139 0.6750 0 0
3570 0.1243 0.6470 0 0
3571 0.1035 0.7030 0 0
3572 0.0944 0.6782 0 0
3573 0.1125 0.7278 0 0
3574 0.0853 0.6534 0 0
3575 1.6987 0.7663 0 0
3576 1.7251 0.7572 0 0
3577 1.7173 0.7806 0 0
3578 1.8407 0.6753 0 0
3579 1.8199 0.6921 0 0
3580 1.8180 0.7100 0 0
3581 1.7991 0.7090 0 0
3582 1.8370 0.7111 0 0
3583 1.8162 0.7280 0 0
3584 1.7782 0.7258 0 0
3585 0.8995 0.9551 0 0
3586 0.9129 0.9787 0 0
3587 0.8861 0.9315 0 0
3588 0.9124 0.9339 0 0
3589 0.8727 0.9079 0 0
3590 0.9253 0.9126 0 0
3591 0.9387 0.9362 0 0
3592 0.4011 0.5457 0 0
3593 0.3876 0.5220 0 0
3594 0.4145 0.5693 0 0
3595 0.3887 0.5677 0 0
3596 0.4279 0.5929 0 0
3597 0.3763 0.5897 0 0
3598 0.3629 0.5661 0 0
3599 0.2441 0.7669 0 0
3600 0.2273 0.7771 0 0
3601 0.2292 0.7528 0 0
3602 0.5352 0.6760 0 0
3603 0.5167 0.6902 0 0
3604 0.5189 0.7161 0 0
3605 0.4981 0.7044 0 0
3606 0.5398 0.7277 0 0
3607 0.5212 0.7419 0 0
3608 0.4795 0.7186 0 0
3609 0.4757 0.7599 0 0
3610 0.4738 0.7805 0 0
3611 0.4776 0.7392 0 0
3612 0.4985 0.7509 0 0
3613 0.5193 0.7625 0 0
3614 0.8247 0.7404 0 0
3615 0.8262 0.7195 0 0
3616 0.8232 0.7613 0 0
3617 0.8019 0.7494 0 0
3618 0.8216 0.7822 0 0
3619 0.7792 0.7584 0 0
3620 0.7807 0.7375 0 0
3621 0.7648 0.8240 0 0
3622 0.7837 0.8100 0 0
3623 0.7815 0.7842 0 0
3624 0.8027 0.7961 0 0
3625 0.7602 0.7723 0 0
3626 1.9735 0.8985 0 0
3627 1.9549 0.8792 0 0
3628 1.9814 0.8807 0 0
3629 1.9284 0.8777 0 0
3630 1.9363 0.8599 0 0
3631 1.9204 0.8954 0 0
3632 1.9018 0.8761 0 0
3633 1.9177 0.8406 0 0
3634 1.9442 0.8422 0 0
3635 1.8661 0.8394 0 0
3636 1.8919 0.8400 0 0
3637 1.8840 0.8578 0 0
3638 1.1917 0.5187 0 0
3639 1.1667 0.5187 0 0
3640 1.1583 0.5373 0 0
3641 1.1417 0.5187 0 0
3642 1.1750 0.5560 0 0
3643 0.1515 0.6895 0 0
3644 0.1696 0.7072 0 0
3645 0.1411 0.7175 0 0
3646 1.6958 0.8716 0 0
3647 1.7152 0.8557 0 0
3648 1.7217 0.8770 0 0
3649 0.3876 0.9811 0 0
3650 0.4001 0.9639 0 0
3651 0.3877 0.9450 0 0
3652 0.4126 0.9466 0 0
3653 0.3628 0.9434 0 0
3654 0.3753 0.9262 0 0
3655 0.4251 0.9293 0 0
3656 0.5003 0.9636 0 0
3657 0.5128 0.9808 0 0
3658 0.4878 0.9463 0 0
3659 0.5132 0.9444 0 0
3660 0.4753 0.9290 0 0
3661 0.5260 0.9252 0 0
3662 0.5385 0.9425 0 0
3663 0.7996 0.5365 0 0
3664 0.7871 0.5192 0 0
3665 0.8120 0.5538 0 0
3666 0.7867 0.5557 0 0
3667 0.8244 0.5711 0 0
3668 0.7739 0.5748 0 0
3669 0.7614 0.5575 0 0
3670 0.9458 0.6640 0 0
3671 0.9520 0.6403 0 0
3672 0.9397 0.6876 0 0
3673 0.9262 0.6656 0 0
3674 0.9335 0.7113 0 0
3675 0.9065 0.6672 0 0
3676 0.9127 0.6435 0 0
3677 0.3481 0.8274 0 0
3678 0.3337 0.8495 0 0
3679 0.3625 0.8054 0 0
3680 0.3701 0.8286 0 0
3681 0.3769 0.7833 0 0
3682 0.3922 0.8299 0 0
3683 0.3778 0.8519 0 0
3684 0.9078 0.8738 0 0
3685 0.9165 0.8932 0 0
3686 0.8902 0.8908 0 0
3687 0.3930 0.6273 0 0
3688 0.3847 0.6085 0 0
3689 0.4104 0.6101 0 0
3690 0.8139 0.7036 0 0
3691 0.8366 0.6946 0 0
3692 0.7912 0.7126 0 0
3693 0.8016 0.6877 0 0
3694 0.8121 0.6628 0 0
3695 0.4861 0.7964 0 0
3696 0.4634 0.8054 0 0
3697 0.5088 0.7874 0 0
3698 0.4984 0.8123 0 0
3699 0.4879 0.8372 0 0
3700 1.5581 0.5180 0 0
3701 1.5413 0.5360 0 0
3702 1.5331 0.5180 0 0
3703 1.5244 0.5539 0 0
3704 1.5081 0.5180 0 0
3705 0.9103 0.5179 0 0
3706 0.8977 0.5352 0 0
3707 0.9080 0.5532 0 0
3708 0.8851 0.5526 0 0
3709 0.9308 0.5538 0 0
3710 0.9182 0.5711 0 0
3711 0.8725 0.5699 0 0
3712 1.6173 0.5180 0 0
3713 1.6178 0.5455 0 0
3714 1.6352 0.5635 0 0
3715 1.6183 0.5729 0 0
3716 1.6520 0.5540 0 0
3717 1.6525 0.5815 0 0
3718 1.6188 0.6004 0 0
3719 1.5360 0.6484 0 0
3720 1.5575 0.6552 0 0
3721 1.5356 0.6680 0 0
3722 1.5795 0.6423 0 0
3723 1.5791 0.6620 0 0
3724 1.5800 0.6227 0 0
3725 1.5787 0.6816 0 0
3726 1.3956 0.7301 0 0
3727 1.3771 0.7493 0 0
3728 1.4140 0.7109 0 0
3729 1.4226 0.7294 0 0
3730 1.4325 0.6918 0 0
3731 1.4497 0.7286 0 0
3732 1.4313 0.7478 0 0
3733 1.0839 0.7521 0 0
3734 1.0949 0.7713 0 0
3735 1.1188 0.7718 0 0
3736 1.1059 0.7904 0 0
3737 1.1316 0.7531 0 0
3738 1.1426 0.7723 0 0
3739 1.1169 0.8096 0 0
3740 1.8815 0.9821 0 0
3741 1.8800 0.9556 0 0
3742 1.8985 0.9735 0 0
3743 1.8615 0.9377 0 0
3744 1.8785 0.9291 0 0
3745 1.8445 0.9463 0 0
3746 1.8954 0.9204 0 0
3747 1.0562 0.5189 0 0
3748 1.0374 0.5378 0 0
3749 1.0312 0.5189 0 0
3750 1.0186 0.5567 0 0
3751 1.0062 0.5189 0 0
3752 1.9814 0.8307 0 0
3753 1.9814 0.8057 0 0
3754 1.9814 0.8557 0 0
3755 1.9628 0.8364 0 0
3756 1.9442 0.8172 0 0
3757 1.5187 0.6389 0 0
3758 1.5406 0.6261 0 0
3759 1.5453 0.6037 0 0
3760 1.5626 0.6132 0 0
3761 1.5279 0.5943 0 0
3762 0.8599 0.6941 0 0
3763 0.8844 0.6999 0 0
3764 0.8955 0.6835 0 0
3765 0.9090 0.7056 0 0
3766 0.8820 0.6614 0 0
3767 0.4383 0.8054 0 0
3768 0.4178 0.7981 0 0
3769 0.4050 0.8140 0 0
3770 0.3974 0.7907 0 0
3771 0.4126 0.8372 0 0
3772 1.8856 0.7438 0 0
3773 1.8892 0.7244 0 0
3774 1.9060 0.7293 0 0
3775 1.8724 0.7195 0 0
3776 1.8929 0.7051 0 0
3777 1.8520 0.7339 0 0
3778 1.8556 0.7146 0 0
3779 1.8965 0.6858 0 0
3780 1.9133 0.6907 0 0
3781 1.8575 0.6967 0 0
3782 1.8593 0.6788 0 0
3783 1.8779 0.6823 0 0
3784 1.8612 0.6609 0 0
3785 1.8984 0.6679 0 0
3786 1.9792 0.6428 0 0
3787 1.9792 0.6178 0 0
3788 1.9792 0.6678 0 0
3789 1.9585 0.6607 0 0
3790 1.9792 0.6928 0 0
3791 1.9377 0.6785 0 0
3792 1.9377 0.6535 0 0
3793 0.7473 0.8424 0 0
3794 0.7451 0.8165 0 0
3795 0.7253 0.8091 0 0
3796 0.7428 0.7907 0 0
3797 0.7079 0.8275 0 0
3798 0.7056 0.8017 0 0
3799 0.7405 0.7649 0 0
3800 0.6865 0.7666 0 0
3801 0.7135 0.7658 0 0
3802 0.6961 0.7842 0 0
3803 0.5527 0.6576 0 0
3804 0.5549 0.6835 0 0
3805 0.5747 0.6909 0 0
3806 0.5572 0.7093 0 0
3807 0.5921 0.6725 0 0
3808 0.5944 0.6983 0 0
3809 0.5595 0.7351 0 0
3810 0.6135 0.7334 0 0
3811 0.5865 0.7342 0 0
3812 0.6039 0.7158 0 0
3813 1.6572 0.6244 0 0
3814 1.6380 0.6124 0 0
3815 1.6549 0.6030 0 0
3816 1.9570 0.7929 0 0
3817 1.9384 0.7986 0 0
3818 1.9326 0.7801 0 0
3819 0.5174 0.6157 0 0
3820 0.5372 0.6296 0 0
3821 0.4976 0.6018 0 0
3822 0.5217 0.5951 0 0
3823 0.4777 0.5879 0 0
3824 0.5259 0.5745 0 0
3825 0.5457 0.5884 0 0
3826 0.5125 0.5169 0 0
3827 0.5009 0.5406 0 0
3828 0.5134 0.5575 0 0
3829 0.4893 0.5642 0 0
3830 0.5375 0.5508 0 0
3831 0.7826 0.8843 0 0
3832 0.7628 0.8704 0 0
3833 0.8025 0.8983 0 0
3834 0.7784 0.9050 0 0
3835 0.8223 0.9122 0 0
3836 0.7741 0.9256 0 0
3837 0.7543 0.9116 0 0
3838 0.7875 0.9831 0 0
3839 0.7991 0.9594 0 0
3840 0.7866 0.9425 0 0
3841 0.8107 0.9358 0 0
3842 0.7625 0.9492 0 0
3843 0.4625 0.9115 0 0
3844 0.4879 0.9096 0 0
3845 0.5004 0.8901 0 0
3846 0.5132 0.9077 0 0
3847 0.4876 0.8726 0 0
3848 0.5130 0.8707 0 0
3849 0.5386 0.9058 0 0
3850 0.8372 0.5887 0 0
3851 0.8119 0.5905 0 0
3852 0.7995 0.6099 0 0
3853 0.7867 0.5924 0 0
3854 0.8123 0.6275 0 0
3855 0.7870 0.6293 0 0
3856 0.7614 0.5942 0 0
3857 0.4125 0.9099 0 0
3858 0.4375 0.9115 0 0
3859 0.3876 0.9083 0 0
3860 0.4000 0.8904 0 0
3861 0.3627 0.9067 0 0
3862 0.3875 0.8710 0 0
3863 0.4124 0.8726 0 0
3864 0.1287 0.6287 0 0
3865 0.1409 0.6127 0 0
3866 0.1258 0.5977 0 0
3867 0.1530 0.5968 0 0
3868 0.0986 0.5986 0 0
3869 1.3248 0.7499 0 0
3870 1.3067 0.7311 0 0
3871 1.2815 0.7310 0 0
3872 1.2886 0.7124 0 0
3873 1.2744 0.7497 0 0
3874 1.2563 0.7310 0 0
3875 1.2705 0.6936 0 0
3876 1.6103 0.7752 0 0
3877 1.6285 0.7587 0 0
3878 1.5922 0.7917 0 0
3879 1.5850 0.7729 0 0
3880 1.5740 0.8082 0 0
3881 1.5597 0.7706 0 0
3882 1.5778 0.7542 0 0
3883 1.8256 0.7976 0 0
3884 1.8456 0.7796 0 0
3885 1.8488 0.7568 0 0
3886 1.8656 0.7617 0 0
3887 1.8320 0.7519 0 0
3888 1.9548 0.7050 0 0
3889 1.9304 0.7172 0 0
3890 1.9341 0.6978 0 0
3891 1.8565 0.9821 0 0
3892 1.8315 0.9821 0 0
3893 1.8380 0.9642 0 0
3894 1.8065 0.9821 0 0
3895 1.8195 0.9463 0 0
3896 1.3952 0.7680 0 0
3897 1.4223 0.7672 0 0
3898 1.4133 0.7867 0 0
3899 1.4494 0.7665 0 0
3900 1.4314 0.8054 0 0
3901 1.2043 0.5410 0 0
3902 1.2170 0.5634 0 0
3903 1.1960 0.5597 0 0
3904 1.2297 0.5858 0 0
3905 1.1877 0.5784 0 0
3906 1.8098 0.7736 0 0
3907 1.7940 0.7497 0 0
3908 1.8130 0.7508 0 0
3909 1.0165 0.7629 0 0
3910 1.0011 0.7788 0 0
3911 0.9882 0.7584 0 0
3912 0.9858 0.7946 0 0
3913 0.9599 0.7538 0 0
3914 0.9447 0.8058 0 0
3915 0.9523 0.7798 0 0
3916 0.9653 0.8002 0 0
3917 0.7372 0.8860 0 0
3918 0.7414 0.8654 0 0
3919 0.7329 0.9066 0 0
3920 0.7116 0.9016 0 0
3921 0.7287 0.9272 0 0
3922 0.6860 0.9171 0 0
3923 0.6902 0.8965 0 0
3924 0.7037 0.9611 0 0
3925 0.7125 0.9831 0 0
3926 0.6948 0.9391 0 0
3927 0.7162 0.9441 0 0
3928 0.7375 0.9492 0 0
3929 0.5628 0.6140 0 0
3930 0.5586 0.6346 0 0
3931 0.5671 0.5934 0 0
3932 0.5884 0.5984 0 0
3933 0.5713 0.5728 0 0
3934 0.6140 0.5829 0 0
3935 0.6098 0.6035 0 0
3936 0.5963 0.5389 0 0
3937 0.5875 0.5169 0 0
3938 0.6052 0.5609 0 0
3939 0.5838 0.5559 0 0
3940 0.5625 0.5508 0 0
3941 0.8834 0.5888 0 0
3942 0.8605 0.5882 0 0
3943 0.9062 0.5894 0 0
3944 0.8942 0.6078 0 0
3945 0.9291 0.5901 0 0
3946 0.9050 0.6267 0 0
3947 0.8822 0.6261 0 0
3948 1.9562 0.6159 0 0
3949 1.9355 0.6337 0 0
3950 1.9332 0.6139 0 0
3951 1.9147 0.6515 0 0
3952 1.9102 0.6119 0 0
3953 1.8428 0.6352 0 0
3954 1.8591 0.6188 0 0
3955 1.8589 0.6411 0 0
3956 1.8593 0.5966 0 0
3957 1.8754 0.6025 0 0
3958 1.8431 0.5907 0 0
3959 1.8594 0.5743 0 0
3960 1.8918 0.5862 0 0
3961 1.8916 0.6084 0 0
3962 1.1982 0.6238 0 0
3963 1.2035 0.6465 0 0
3964 1.1929 0.6011 0 0
3965 1.2140 0.6048 0 0
3966 1.2350 0.6085 0 0
3967 0.9629 0.9787 0 0
3968 0.9379 0.9787 0 0
3969 0.9508 0.9575 0 0
3970 0.3626 0.5220 0 0
3971 0.3503 0.5441 0 0
3972 0.3376 0.5220 0 0
3973 1.4687 0.8484 0 0
3974 1.4806 0.8287 0 0
3975 1.4569 0.8680 0 0
3976 1.4493 0.8471 0 0
3977 1.4450 0.8877 0 0
3978 1.4300 0.8458 0 0
3979 1.4418 0.8262 0 0
3980 1.3944 0.8778 0 0
3981 1.4122 0.8618 0 0
3982 1.4197 0.8827 0 0
3983 0.3602 0.6938 0 0
3984 0.3565 0.7180 0 0
3985 0.3401 0.7000 0 0
3986 0.3528 0.7421 0 0
3987 0.3200 0.7063 0 0
3988 0.3062 0.7475 0 0
3989 0.3131 0.7269 0 0
3990 0.3295 0.7448 0 0
3991 1.8236 0.6189 0 0
3992 1.8044 0.6027 0 0
3993 1.8238 0.5967 0 0
3994 1.7853 0.5865 0 0
3995 1.8239 0.5744 0 0
3996 1.6673 0.5180 0 0
3997 1.6597 0.5360 0 0
3998 1.6423 0.5180 0 0
3999 1.4949 0.5401 0 0
4000 1.5030 0.5581 0 0
4001 1.4816 0.5623 0 0
4002 1.5112 0.5761 0 0
4003 1.4684 0.5844 0 0
4004 1.9861 0.9111 0 0
4005 1.9595 0.9095 0 0
4006 1.9456 0.9206 0 0
4007 1.9330 0.9080 0 0
4008 1.9582 0.9332 0 0
4009 1.9316 0.9316 0 0
4010 1.9065 0.9065 0 0
4011 1.9095 0.9595 0 0
4012 1.9111 0.9861 0 0
4013 1.9080 0.9330 0 0
4014 1.9206 0.9456 0 0
4015 1.9332 0.9582 0 0
4016 0.5783 0.6421 0 0
4017 0.6039 0.6265 0 0
4018 0.5980 0.6495 0 0
4019 0.7217 0.8579 0 0
4020 0.6961 0.8735 0 0
4021 0.7020 0.8505 0 0
4022 1.7950 0.9580 0 0
4023 1.7836 0.9339 0 0
4024 1.8015 0.9401 0 0
4025 1.3075 0.7689 0 0
4026 1.2901 0.7878 0 0
4027 1.2823 0.7688 0 0
4028 1.2728 0.8068 0 0
4029 1.2571 0.7687 0 0
4030 1.1663 0.8509 0 0
4031 1.1781 0.8303 0 0
4032 1.1545 0.8716 0 0
4033 1.1416 0.8502 0 0
4034 1.1427 0.8922 0 0
4035 1.1169 0.8495 0 0
4036 1.1287 0.8289 0 0
4037 1.4915 0.6643 0 0
4038 1.4747 0.6461 0 0
4039 1.4973 0.6431 0 0
4040 1.4522 0.6491 0 0
4041 1.4580 0.6279 0 0
4042 1.4464 0.6703 0 0
4043 1.4296 0.6522 0 0
4044 1.4412 0.6098 0 0
4045 1.4637 0.6067 0 0
4046 1.1662 0.8110 0 0
4047 1.1416 0.8103 0 0
4048 1.1544 0.7916 0 0
4049 1.4776 0.6857 0 0
4050 1.4636 0.7072 0 0
4051 1.4550 0.6887 0 0
4052 1.5452 0.6907 0 0
4053 1.5667 0.6975 0 0
4054 1.5548 0.7133 0 0
4055 1.5883 0.7043 0 0
4056 1.5644 0.7360 0 0
4057 1.5019 0.6207 0 0
4058 1.4851 0.6026 0 0
4059 1.5065 0.5984 0 0
4060 1.4702 0.8080 0 0
4061 1.4508 0.8067 0 0
4062 1.4598 0.7872 0 0
4063 1.6079 0.8752 0 0
4064 1.5826 0.8820 0 0
4065 1.5906 0.8614 0 0
4066 1.5572 0.8888 0 0
4067 1.5732 0.8475 0 0
4068 1.5203 0.8292 0 0
4069 1.5326 0.8491 0 0
4070 1.5529 0.8483 0 0
4071 1.5449 0.8689 0 0
4072 1.5609 0.8277 0 0
4073 1.3071 0.6261 0 0
4074 1.2889 0.6398 0 0
4075 1.2822 0.6185 0 0
4076 1.2708 0.6535 0 0
4077 1.2574 0.6108 0 0
4078 1.2259 0.6488 0 0
4079 1.2102 0.6678 0 0
4080 1.2417 0.6298 0 0
4081 1.2484 0.6512 0 0
4082 1.2551 0.6726 0 0
4083 0.0168 0.8600 0 0
4084 0.0168 0.8850 0 0
4085 0.0168 0.8350 0 0
4086 0.0336 0.8450 0 0
4087 0.0504 0.8550 0 0
4088 0.0165 0.6642 0 0
4089 0.0165 0.6392 0 0
4090 0.0329 0.6533 0 0
4091 0.0165 0.6142 0 0
4092 0.0494 0.6425 0 0
4093 0.1634 0.9846 0 0
4094 0.1884 0.9846 0 0
4095 0.1384 0.9846 0 0
4096 0.1518 0.9693 0 0
4097 0.1134 0.9846 0 0
4098 0.1403 0.9539 0 0
4099 0.1653 0.9539 0 0
4100 1.3083 0.8783 0 0
4101 1.2830 0.8834 0 0
4102 1.2906 0.8625 0 0
4103 1.2576 0.8886 0 0
4104 1.2730 0.8467 0 0
4105 1.2222 0.8297 0 0
4106 1.2340 0.8493 0 0
4107 1.2535 0.8480 0 0
4108 1.2458 0.8690 0 0
4109 1.2612 0.8271 0 0
4110 0.5625 0.5169 0 0
4111 0.5500 0.5339 0 0
4112 0.5375 0.5169 0 0
4113 0.7625 0.9831 0 0
4114 0.7375 0.9831 0 0
4115 0.7500 0.9661 0 0
4116 1.1596 0.6943 0 0
4117 1.1515 0.7164 0 0
4118 1.1394 0.7011 0 0
4119 1.1434 0.7384 0 0
4120 1.1193 0.7080 0 0
4121 0.1844 0.8623 0 0
4122 0.1683 0.8747 0 0
4123 0.2004 0.8499 0 0
4124 0.2085 0.8758 0 0
4125 0.2165 0.9017 0 0
4126 1.3927 0.6255 0 0
4127 1.4170 0.6176 0 0
4128 1.4112 0.6388 0 0
4129 1.0906 0.8876 0 0
4130 1.1037 0.8686 0 0
4131 1.1166 0.8899 0 0
4132 0.1707 0.8941 0 0
4133 0.1466 0.8806 0 0
4134 0.1948 0.9076 0 0
4135 0.1730 0.9134 0 0
4136 0.2189 0.9210 0 0
4137 0.1754 0.9327 0 0
4138 0.1513 0.9193 0 0
4139 0.1986 0.9634 0 0
4140 0.1870 0.9481 0 0
4141 0.2087 0.9422 0 0
4142 1.5334 0.8097 0 0
4143 1.5465 0.7902 0 0
4144 1.5537 0.8089 0 0
4145 1.2256 0.6889 0 0
4146 1.2480 0.6912 0 0
4147 1.2409 0.7099 0 0
4148 0.9853 0.5179 0 0
4149 0.9603 0.5179 0 0
4150 0.9455 0.5359 0 0
4151 0.9353 0.5179 0 0
4152 0.9558 0.5538 0 0
4153 1.0719 0.7369 0 0
4154 1.0957 0.7374 0 0
4155 1.1075 0.7227 0 0
4156 1.1196 0.7379 0 0
4157 1.0955 0.7074 0 0
4158 0.3626 0.9811 0 0
4159 0.3376 0.9811 0 0
4160 0.3502 0.9623 0 0
4161 0.7621 0.5192 0 0
4162 0.7493 0.5383 0 0
4163 0.7371 0.5192 0 0
4164 0.5628 0.9808 0 0
4165 0.5378 0.9808 0 0
4166 0.5507 0.9617 0 0
4167 1.2338 0.8094 0 0
4168 1.2455 0.7890 0 0
4169 1.2533 0.8081 0 0
4170 1.0806 0.6324 0 0
4171 1.0631 0.6217 0 0
4172 1.0490 0.6358 0 0
4173 1.0456 0.6110 0 0
4174 1.0523 0.6605 0 0
4175 1.0348 0.6498 0 0
4176 1.0281 0.6004 0 0
4177 0.9850 0.6229 0 0
4178 1.0016 0.6319 0 0
4179 1.0149 0.6161 0 0
4180 1.0182 0.6408 0 0
4181 1.0115 0.5914 0 0
4182 0.5595 0.8661 0 0
4183 0.5490 0.8859 0 0
4184 0.5362 0.8684 0 0
4185 0.7405 0.6339 0 0
4186 0.7509 0.6141 0 0
4187 0.7637 0.6316 0 0
4188 0.3434 0.8686 0 0
4189 0.3654 0.8698 0 0
4190 0.3530 0.8876 0 0
4191 1.9611 0.9861 0 0
4192 1.9861 0.9861 0 0
4193 1.9361 0.9861 0 0
4194 1.9471 0.9721 0 0
4195 1.9582 0.9582 0 0
4196 1.9861 0.9611 0 0
4197 1.9721 0.9471 0 0
4198 1.9861 0.9361 0 0
4199 0.8477 0.6782 0 0
4200 0.8354 0.6623 0 0
4201 0.8587 0.6619 0 0
4202 0.8231 0.6464 0 0
4203 0.8697 0.6455 0 0
4204 0.8481 0.6076 0 0
4205 0.8589 0.6266 0 0
4206 0.8356 0.6270 0 0
4207 0.4505 0.8213 0 0
4208 0.4628 0.8372 0 0
4209 0.4377 0.8372 0 0
4210 0.4751 0.8531 0 0
4211 0.4249 0.8531 0 0
4212 0.4500 0.8920 0 0
4213 0.4375 0.8726 0 0
4214 0.4625 0.8726 0 0
4215 1.8858 0.5171 0 0
4216 1.8608 0.5171 0 0
4217 1.8466 0.5342 0 0
4218 1.8358 0.5171 0 0
4219 1.8575 0.5513 0 0
4220 1.8325 0.5513 0 0
4221 1.8108 0.5171 0 0
4222 0.9444 0.6235 0 0
4223 0.9640 0.6219 0 0
4224 0.9247 0.6251 0 0
4225 0.9367 0.6068 0 0
4226 0.9487 0.5885 0 0
4227 1.6151 0.7405 0 0
4228 1.5897 0.7383 0 0
4229 1.6017 0.7224 0 0
4230 1.8775 0.6446 0 0
4231 1.8938 0.6282 0 0
4232 1.8961 0.6480 0 0
4233 0.0377 0.8891 0 0
4234 0.0545 0.8741 0 0
4235 0.0586 0.8932 0 0
4236 0.0713 0.8591 0 0
4237 0.0795 0.8973 0 0
4238 0.0374 0.6100 0 0
4239 0.0582 0.6059 0 0
4240 0.0538 0.6242 0 0
4241 0.0791 0.6018 0 0
4242 0.0703 0.6384 0 0
4243 0.1093 0.9638 0 0
4244 0.1052 0.9429 0 0
4245 0.1227 0.9484 0 0
4246 0.1011 0.9220 0 0
4247 0.1361 0.9331 0 0
4248 1.8878 0.5401 0 0
4249 1.8898 0.5631 0 0
4250 1.8736 0.5572 0 0
4251 0.1314 0.8944 0 0
4252 0.1290 0.8751 0 0
4253 0.1338 0.9137 0 0
4254 0.1162 0.9082 0 0
4255 0.0987 0.9027 0 0
4256 0.1092 0.6319 0 0
4257 0.0898 0.6351 0 0
4258 0.0942 0.6169 0 0
4259 0.1098 0.8697 0 0
4260 0.0946 0.8835 0 0
4261 0.0906 0.8644 0 0
4262 0.9915 0.5368 0 0
4263 0.9977 0.5558 0 0
4264 0.9767 0.5548 0 0
4265 1.0039 0.5747 0 0
4266 0.9620 0.5727 0 0
4267 1.0664 0.7176 0 0
4268 1.0609 0.6983 0 0
4269 1.0782 0.7029 0 0
4270 1.0554 0.6791 0 0
4271 1.0900 0.6882 0 0
4272 1.8023 0.5402 0 0
4273 1.8131 0.5573 0 0
4274 1.7938 0.5633 0 0
4275 0.9773 0.6062 0 0
4276 0.9697 0.5894 0 0
4277 0.9906 0.5904 0 0
4278 1.0838 0.6510 0 0
4279 1.0869 0.6696 0 0
4280 1.0696 0.6650 0 0
