0 0.0000 -1.0000 -1 -1
1 10.0000 -0.2500 0 0
2 10.0000 0.2500 0 0
3 0.0000 1.0000 -1 -1
4 0.2500 -0.9813 0 0
5 0.5000 -0.9625 0 0
6 0.7500 -0.9438 0 0
7 1.0000 -0.9250 0 0
8 1.2500 -0.9063 0 0
9 1.5000 -0.8875 0 0
10 1.7500 -0.8688 0 0
11 2.0000 -0.8500 0 0
12 2.2500 -0.8313 0 0
13 2.5000 -0.8125 0 0
14 2.7500 -0.7938 0 0
15 3.0000 -0.7750 0 0
16 3.2500 -0.7563 0 0
17 3.5000 -0.7375 0 0
18 3.7500 -0.7188 0 0
19 4.0000 -0.7000 0 0
20 4.2500 -0.6813 0 0
21 4.5000 -0.6625 0 0
22 4.7500 -0.6438 0 0
23 5.0000 -0.6250 0 0
24 5.2500 -0.6063 0 0
25 5.5000 -0.5875 0 0
26 5.7500 -0.5688 0 0
27 6.0000 -0.5500 0 0
28 6.2500 -0.5313 0 0
29 6.5000 -0.5125 0 0
30 6.7500 -0.4938 0 0
31 7.0000 -0.4750 0 0
32 7.2500 -0.4563 0 0
33 7.5000 -0.4375 0 0
34 7.7500 -0.4188 0 0
35 8.0000 -0.4000 0 0
36 8.2500 -0.3813 0 0
37 8.5000 -0.3625 0 0
38 8.7500 -0.3438 0 0
39 9.0000 -0.3250 0 0
40 9.2500 -0.3063 0 0
41 9.5000 -0.2875 0 0
42 9.7500 -0.2688 0 0
43 10.0000 -0.2188 0 0
44 10.0000 -0.1875 0 0
45 10.0000 -0.1563 0 0
46 10.0000 -0.1250 0 0
47 10.0000 -0.0938 0 0
48 10.0000 -0.0625 0 0
49 10.0000 -0.0313 0 0
50 10.0000 -0.0000 0 0
51 10.0000 0.0312 0 0
52 10.0000 0.0625 0 0
53 10.0000 0.0937 0 0
54 10.0000 0.1250 0 0
55 10.0000 0.1562 0 0
56 10.0000 0.1875 0 0
57 10.0000 0.2187 0 0
58 9.7500 0.2687 0 0
59 9.5000 0.2875 0 0
60 9.2500 0.3062 0 0
61 9.0000 0.3250 0 0
62 8.7500 0.3437 0 0
63 8.5000 0.3625 0 0
64 8.2500 0.3812 0 0
65 8.0000 0.4000 0 0
66 7.7500 0.4187 0 0
67 7.5000 0.4375 0 0
68 7.2500 0.4563 0 0
69 7.0000 0.4750 0 0
70 6.7500 0.4938 0 0
71 6.5000 0.5125 0 0
72 6.2500 0.5313 0 0
73 6.0000 0.5500 0 0
74 5.7500 0.5687 0 0
75 5.5000 0.5875 0 0
76 5.2500 0.6062 0 0
77 5.0000 0.6250 0 0
78 4.7500 0.6437 0 0
79 4.5000 0.6625 0 0
80 4.2500 0.6812 0 0
81 4.0000 0.7000 0 0
82 3.7500 0.7188 0 0
83 3.5000 0.7375 0 0
84 3.2500 0.7563 0 0
85 3.0000 0.7750 0 0
86 2.7500 0.7937 0 0
87 2.5000 0.8125 0 0
88 2.2500 0.8312 0 0
89 2.0000 0.8500 0 0
90 1.7500 0.8687 0 0
91 1.5000 0.8875 0 0
92 1.2500 0.9062 0 0
93 1.0000 0.9250 0 0
94 0.7500 0.9437 0 0
95 0.5000 0.9625 0 0
96 0.2500 0.9812 0 0
97 0.0000 0.8750 -1 -1
98 0.0000 0.7500 -1 -1
99 0.0000 0.6250 -1 -1
100 0.0000 0.5000 -1 -1
101 0.0000 0.3750 -1 -1
102 0.0000 0.2500 -1 -1
103 0.0000 0.1250 -1 -1
104 0.0000 0.0000 -1 -1
105 0.0000 -0.1250 -1 -1
106 0.0000 -0.2500 -1 -1
107 0.0000 -0.3750 -1 -1
108 0.0000 -0.5000 -1 -1
109 0.0000 -0.6250 -1 -1
110 0.0000 -0.7500 -1 -1
111 0.0000 -0.8750 -1 -1
112 2.0000 0.0000 0 0
113 4.0000 0.0000 0 0
114 6.0000 0.0000 0 0
115 8.0000 -0.0000 0 0
116 2.0000 -0.4250 0 0
117 1.0000 0.0000 0 0
118 1.0000 -0.4625 0 0
119 2.0000 0.4250 0 0
120 1.0000 0.4625 0 0
121 4.0000 -0.3500 0 0
122 3.0000 0.0000 0 0
123 3.0000 -0.3875 0 0
124 4.0000 0.3500 0 0
125 3.0000 0.3875 0 0
126 6.0000 -0.2750 0 0
127 5.0000 0.0000 0 0
128 5.0000 -0.3125 0 0
129 6.0000 0.2750 0 0
130 5.0000 0.3125 0 0
131 8.0000 -0.2000 0 0
132 7.0000 0.0000 0 0
133 7.0000 -0.2375 0 0
134 8.0000 0.2000 0 0
135 7.0000 0.2375 0 0
136 9.0000 -0.0000 0 0
137 9.0000 -0.1625 0 0
138 9.0000 0.1625 0 0
139 1.0000 -0.6937 0 0
140 0.5000 -0.4812 0 0
141 0.5000 -0.7219 0 0
142 2.0000 -0.6375 0 0
143 1.5000 -0.4437 0 0
144 1.5000 -0.6656 0 0
145 2.0000 -0.2125 0 0
146 1.5000 0.0000 0 0
147 1.0000 -0.2312 0 0
148 1.5000 -0.2219 0 0
149 0.5000 0.0000 0 0
150 0.5000 -0.2406 0 0
151 1.0000 0.2313 0 0
152 0.5000 0.4813 0 0
153 0.5000 0.2406 0 0
154 2.0000 0.2125 0 0
155 1.5000 0.4438 0 0
156 1.5000 0.2219 0 0
157 2.0000 0.6375 0 0
158 1.0000 0.6938 0 0
159 1.5000 0.6656 0 0
160 0.5000 0.7219 0 0
161 3.0000 -0.5812 0 0
162 2.5000 -0.4062 0 0
163 2.5000 -0.6094 0 0
164 4.0000 -0.5250 0 0
165 3.5000 -0.3687 0 0
166 3.5000 -0.5531 0 0
167 4.0000 -0.1750 0 0
168 3.5000 0.0000 0 0
169 3.0000 -0.1937 0 0
170 3.5000 -0.1844 0 0
171 2.5000 0.0000 0 0
172 2.5000 -0.2031 0 0
173 3.0000 0.1938 0 0
174 2.5000 0.4063 0 0
175 2.5000 0.2031 0 0
176 4.0000 0.1750 0 0
177 3.5000 0.3688 0 0
178 3.5000 0.1844 0 0
179 4.0000 0.5250 0 0
180 3.0000 0.5813 0 0
181 3.5000 0.5531 0 0
182 2.5000 0.6094 0 0
183 5.0000 -0.4688 0 0
184 4.5000 -0.3312 0 0
185 4.5000 -0.4969 0 0
186 6.0000 -0.4125 0 0
187 5.5000 -0.2938 0 0
188 5.5000 -0.4406 0 0
189 6.0000 -0.1375 0 0
190 5.5000 0.0000 0 0
191 5.0000 -0.1562 0 0
192 5.5000 -0.1469 0 0
193 4.5000 0.0000 0 0
194 4.5000 -0.1656 0 0
195 5.0000 0.1563 0 0
196 4.5000 0.3313 0 0
197 4.5000 0.1656 0 0
198 6.0000 0.1375 0 0
199 5.5000 0.2938 0 0
200 5.5000 0.1469 0 0
201 6.0000 0.4125 0 0
202 5.0000 0.4688 0 0
203 5.5000 0.4406 0 0
204 4.5000 0.4969 0 0
205 7.0000 -0.3563 0 0
206 6.5000 -0.2563 0 0
207 6.5000 -0.3844 0 0
208 8.0000 -0.3000 0 0
209 7.5000 -0.2188 0 0
210 7.5000 -0.3281 0 0
211 8.0000 -0.1000 0 0
212 7.5000 0.0000 0 0
213 7.0000 -0.1187 0 0
214 7.5000 -0.1094 0 0
215 6.5000 0.0000 0 0
216 6.5000 -0.1281 0 0
217 7.0000 0.1188 0 0
218 6.5000 0.2563 0 0
219 6.5000 0.1281 0 0
220 8.0000 0.1000 0 0
221 7.5000 0.2188 0 0
222 7.5000 0.1094 0 0
223 8.0000 0.3000 0 0
224 7.0000 0.3563 0 0
225 7.5000 0.3281 0 0
226 6.5000 0.3844 0 0
227 9.0000 -0.2438 0 0
228 8.5000 -0.1813 0 0
229 8.5000 -0.2719 0 0
230 9.5000 -0.1438 0 0
231 9.5000 -0.2156 0 0
232 9.5000 -0.0000 0 0
233 9.0000 -0.0813 0 0
234 9.5000 -0.0719 0 0
235 8.5000 -0.0000 0 0
236 8.5000 -0.0906 0 0
237 9.0000 0.0812 0 0
238 8.5000 0.1812 0 0
239 8.5000 0.0906 0 0
240 9.5000 0.1437 0 0
241 9.5000 0.0719 0 0
242 9.0000 0.2437 0 0
243 9.5000 0.2156 0 0
244 8.5000 0.2719 0 0
245 0.5000 -0.8422 0 0
246 0.2500 -0.7359 0 0
247 0.2500 -0.8586 0 0
248 1.0000 -0.8094 0 0
249 0.7500 -0.7078 0 0
250 0.7500 -0.8258 0 0
251 1.0000 -0.5781 0 0
252 0.7500 -0.4719 0 0
253 0.5000 -0.6016 0 0
254 0.7500 -0.5898 0 0
255 0.2500 -0.4906 0 0
256 0.2500 -0.6133 0 0
257 1.5000 -0.7766 0 0
258 1.2500 -0.6797 0 0
259 1.2500 -0.7930 0 0
260 2.0000 -0.7437 0 0
261 1.7500 -0.6516 0 0
262 1.7500 -0.7602 0 0
263 2.0000 -0.5312 0 0
264 1.7500 -0.4344 0 0
265 1.5000 -0.5547 0 0
266 1.7500 -0.5430 0 0
267 1.2500 -0.4531 0 0
268 1.2500 -0.5664 0 0
269 1.5000 -0.3328 0 0
270 1.2500 -0.2266 0 0
271 1.0000 -0.3469 0 0
272 1.2500 -0.3398 0 0
273 2.0000 -0.3187 0 0
274 1.7500 -0.2172 0 0
275 1.7500 -0.3258 0 0
276 2.0000 -0.1062 0 0
277 1.7500 0.0000 0 0
278 1.5000 -0.1109 0 0
279 1.7500 -0.1086 0 0
280 1.2500 0.0000 0 0
281 1.0000 -0.1156 0 0
282 1.2500 -0.1133 0 0
283 0.5000 -0.3609 0 0
284 0.2500 -0.2453 0 0
285 0.2500 -0.3680 0 0
286 0.7500 -0.2359 0 0
287 0.7500 -0.3539 0 0
288 0.7500 0.0000 0 0
289 0.5000 -0.1203 0 0
290 0.7500 -0.1180 0 0
291 0.2500 0.0000 0 0
292 0.2500 -0.1227 0 0
293 0.5000 0.1203 0 0
294 0.2500 0.2453 0 0
295 0.2500 0.1227 0 0
296 1.0000 0.1156 0 0
297 0.7500 0.2359 0 0
298 0.7500 0.1180 0 0
299 1.0000 0.3469 0 0
300 0.7500 0.4719 0 0
301 0.5000 0.3609 0 0
302 0.7500 0.3539 0 0
303 0.2500 0.4906 0 0
304 0.2500 0.3680 0 0
305 1.5000 0.1109 0 0
306 1.2500 0.2266 0 0
307 1.2500 0.1133 0 0
308 2.0000 0.1063 0 0
309 1.7500 0.2172 0 0
310 1.7500 0.1086 0 0
311 2.0000 0.3188 0 0
312 1.7500 0.4344 0 0
313 1.5000 0.3328 0 0
314 1.7500 0.3258 0 0
315 1.2500 0.4531 0 0
316 1.2500 0.3398 0 0
317 1.5000 0.5547 0 0
318 1.2500 0.6797 0 0
319 1.0000 0.5781 0 0
320 1.2500 0.5664 0 0
321 2.0000 0.5313 0 0
322 1.7500 0.6516 0 0
323 1.7500 0.5430 0 0
324 2.0000 0.7438 0 0
325 1.5000 0.7766 0 0
326 1.7500 0.7602 0 0
327 1.0000 0.8094 0 0
328 1.2500 0.7930 0 0
329 0.5000 0.6016 0 0
330 0.2500 0.7359 0 0
331 0.2500 0.6133 0 0
332 0.7500 0.7078 0 0
333 0.7500 0.5898 0 0
334 0.5000 0.8422 0 0
335 0.7500 0.8258 0 0
336 0.2500 0.8586 0 0
337 2.5000 -0.7109 0 0
338 2.2500 -0.6234 0 0
339 2.2500 -0.7273 0 0
340 3.0000 -0.6781 0 0
341 2.7500 -0.5953 0 0
342 2.7500 -0.6945 0 0
343 3.0000 -0.4844 0 0
344 2.7500 -0.3969 0 0
345 2.5000 -0.5078 0 0
346 2.7500 -0.4961 0 0
347 2.2500 -0.4156 0 0
348 2.2500 -0.5195 0 0
349 3.5000 -0.6453 0 0
350 3.2500 -0.5672 0 0
351 3.2500 -0.6617 0 0
352 4.0000 -0.6125 0 0
353 3.7500 -0.5391 0 0
354 3.7500 -0.6289 0 0
355 4.0000 -0.4375 0 0
356 3.7500 -0.3594 0 0
357 3.5000 -0.4609 0 0
358 3.7500 -0.4492 0 0
359 3.2500 -0.3781 0 0
360 3.2500 -0.4727 0 0
361 3.5000 -0.2766 0 0
362 3.2500 -0.1891 0 0
363 3.0000 -0.2906 0 0
364 3.2500 -0.2836 0 0
365 4.0000 -0.2625 0 0
366 3.7500 -0.1797 0 0
367 3.7500 -0.2695 0 0
368 4.0000 -0.0875 0 0
369 3.7500 0.0000 0 0
370 3.5000 -0.0922 0 0
371 3.7500 -0.0898 0 0
372 3.2500 0.0000 0 0
373 3.0000 -0.0969 0 0
374 3.2500 -0.0945 0 0
375 2.5000 -0.3047 0 0
376 2.2500 -0.2078 0 0
377 2.2500 -0.3117 0 0
378 2.7500 -0.1984 0 0
379 2.7500 -0.2977 0 0
380 2.7500 0.0000 0 0
381 2.5000 -0.1016 0 0
382 2.7500 -0.0992 0 0
383 2.2500 0.0000 0 0
384 2.2500 -0.1039 0 0
385 2.5000 0.1016 0 0
386 2.2500 0.2078 0 0
387 2.2500 0.1039 0 0
388 3.0000 0.0969 0 0
389 2.7500 0.1984 0 0
390 2.7500 0.0992 0 0
391 3.0000 0.2906 0 0
392 2.7500 0.3969 0 0
393 2.5000 0.3047 0 0
394 2.7500 0.2977 0 0
395 2.2500 0.4156 0 0
396 2.2500 0.3117 0 0
397 3.5000 0.0922 0 0
398 3.2500 0.1891 0 0
399 3.2500 0.0945 0 0
400 4.0000 0.0875 0 0
401 3.7500 0.1797 0 0
402 3.7500 0.0898 0 0
403 4.0000 0.2625 0 0
404 3.7500 0.3594 0 0
405 3.5000 0.2766 0 0
406 3.7500 0.2695 0 0
407 3.2500 0.3781 0 0
408 3.2500 0.2836 0 0
409 3.5000 0.4609 0 0
410 3.2500 0.5672 0 0
411 3.0000 0.4844 0 0
412 3.2500 0.4727 0 0
413 4.0000 0.4375 0 0
414 3.7500 0.5391 0 0
415 3.7500 0.4492 0 0
416 4.0000 0.6125 0 0
417 3.5000 0.6453 0 0
418 3.7500 0.6289 0 0
419 3.0000 0.6781 0 0
420 3.2500 0.6617 0 0
421 2.5000 0.5078 0 0
422 2.2500 0.6234 0 0
423 2.2500 0.5195 0 0
424 2.7500 0.5953 0 0
425 2.7500 0.4961 0 0
426 2.5000 0.7109 0 0
427 2.7500 0.6945 0 0
428 2.2500 0.7273 0 0
429 4.5000 -0.5797 0 0
430 4.2500 -0.5109 0 0
431 4.2500 -0.5961 0 0
432 5.0000 -0.5469 0 0
433 4.7500 -0.4828 0 0
434 4.7500 -0.5633 0 0
435 5.0000 -0.3906 0 0
436 4.7500 -0.3219 0 0
437 4.5000 -0.4141 0 0
438 4.7500 -0.4023 0 0
439 4.2500 -0.3406 0 0
440 4.2500 -0.4258 0 0
441 5.5000 -0.5141 0 0
442 5.2500 -0.4547 0 0
443 5.2500 -0.5305 0 0
444 6.0000 -0.4813 0 0
445 5.7500 -0.4266 0 0
446 5.7500 -0.4977 0 0
447 6.0000 -0.3438 0 0
448 5.7500 -0.2844 0 0
449 5.5000 -0.3672 0 0
450 5.7500 -0.3555 0 0
451 5.2500 -0.3031 0 0
452 5.2500 -0.3789 0 0
453 5.5000 -0.2203 0 0
454 5.2500 -0.1516 0 0
455 5.0000 -0.2344 0 0
456 5.2500 -0.2273 0 0
457 6.0000 -0.2062 0 0
458 5.7500 -0.1422 0 0
459 5.7500 -0.2133 0 0
460 6.0000 -0.0687 0 0
461 5.7500 0.0000 0 0
462 5.5000 -0.0734 0 0
463 5.7500 -0.0711 0 0
464 5.2500 0.0000 0 0
465 5.0000 -0.0781 0 0
466 5.2500 -0.0758 0 0
467 4.5000 -0.2484 0 0
468 4.2500 -0.1703 0 0
469 4.2500 -0.2555 0 0
470 4.7500 -0.1609 0 0
471 4.7500 -0.2414 0 0
472 4.7500 0.0000 0 0
473 4.5000 -0.0828 0 0
474 4.7500 -0.0805 0 0
475 4.2500 0.0000 0 0
476 4.2500 -0.0852 0 0
477 4.5000 0.0828 0 0
478 4.2500 0.1703 0 0
479 4.2500 0.0852 0 0
480 5.0000 0.0781 0 0
481 4.7500 0.1609 0 0
482 4.7500 0.0805 0 0
483 5.0000 0.2344 0 0
484 4.7500 0.3219 0 0
485 4.5000 0.2484 0 0
486 4.7500 0.2414 0 0
487 4.2500 0.3406 0 0
488 4.2500 0.2555 0 0
489 5.5000 0.0734 0 0
490 5.2500 0.1516 0 0
491 5.2500 0.0758 0 0
492 6.0000 0.0688 0 0
493 5.7500 0.1422 0 0
494 5.7500 0.0711 0 0
495 6.0000 0.2063 0 0
496 5.7500 0.2844 0 0
497 5.5000 0.2203 0 0
498 5.7500 0.2133 0 0
499 5.2500 0.3031 0 0
500 5.2500 0.2273 0 0
501 5.5000 0.3672 0 0
502 5.2500 0.4547 0 0
503 5.0000 0.3906 0 0
504 5.2500 0.3789 0 0
505 6.0000 0.3438 0 0
506 5.7500 0.4266 0 0
507 5.7500 0.3555 0 0
508 6.0000 0.4813 0 0
509 5.5000 0.5141 0 0
510 5.7500 0.4977 0 0
511 5.0000 0.5469 0 0
512 5.2500 0.5305 0 0
513 4.5000 0.4141 0 0
514 4.2500 0.5109 0 0
515 4.2500 0.4258 0 0
516 4.7500 0.4828 0 0
517 4.7500 0.4023 0 0
518 4.5000 0.5797 0 0
519 4.7500 0.5633 0 0
520 4.2500 0.5961 0 0
521 6.5000 -0.4484 0 0
522 6.2500 -0.3984 0 0
523 6.2500 -0.4648 0 0
524 7.0000 -0.4156 0 0
525 6.7500 -0.3703 0 0
526 6.7500 -0.4320 0 0
527 7.0000 -0.2969 0 0
528 6.7500 -0.2469 0 0
529 6.5000 -0.3203 0 0
530 6.7500 -0.3086 0 0
531 6.2500 -0.2656 0 0
532 6.2500 -0.3320 0 0
533 7.5000 -0.3828 0 0
534 7.2500 -0.3422 0 0
535 7.2500 -0.3992 0 0
536 8.0000 -0.3500 0 0
537 7.7500 -0.3141 0 0
538 7.7500 -0.3664 0 0
539 8.0000 -0.2500 0 0
540 7.7500 -0.2094 0 0
541 7.5000 -0.2734 0 0
542 7.7500 -0.2617 0 0
543 7.2500 -0.2281 0 0
544 7.2500 -0.2852 0 0
545 7.5000 -0.1641 0 0
546 7.2500 -0.1141 0 0
547 7.0000 -0.1781 0 0
548 7.2500 -0.1711 0 0
549 8.0000 -0.1500 0 0
550 7.7500 -0.1047 0 0
551 7.7500 -0.1570 0 0
552 8.0000 -0.0500 0 0
553 7.7500 -0.0000 0 0
554 7.5000 -0.0547 0 0
555 7.7500 -0.0523 0 0
556 7.2500 0.0000 0 0
557 7.0000 -0.0594 0 0
558 7.2500 -0.0570 0 0
559 6.5000 -0.1922 0 0
560 6.2500 -0.1328 0 0
561 6.2500 -0.1992 0 0
562 6.7500 -0.1234 0 0
563 6.7500 -0.1852 0 0
564 6.7500 0.0000 0 0
565 6.5000 -0.0641 0 0
566 6.7500 -0.0617 0 0
567 6.2500 0.0000 0 0
568 6.2500 -0.0664 0 0
569 6.5000 0.0641 0 0
570 6.2500 0.1328 0 0
571 6.2500 0.0664 0 0
572 7.0000 0.0594 0 0
573 6.7500 0.1234 0 0
574 6.7500 0.0617 0 0
575 7.0000 0.1781 0 0
576 6.7500 0.2469 0 0
577 6.5000 0.1922 0 0
578 6.7500 0.1852 0 0
579 6.2500 0.2656 0 0
580 6.2500 0.1992 0 0
581 7.5000 0.0547 0 0
582 7.2500 0.1141 0 0
583 7.2500 0.0570 0 0
584 8.0000 0.0500 0 0
585 7.7500 0.1047 0 0
586 7.7500 0.0523 0 0
587 8.0000 0.1500 0 0
588 7.7500 0.2094 0 0
589 7.5000 0.1641 0 0
590 7.7500 0.1570 0 0
591 7.2500 0.2281 0 0
592 7.2500 0.1711 0 0
593 7.5000 0.2734 0 0
594 7.2500 0.3422 0 0
595 7.0000 0.2969 0 0
596 7.2500 0.2852 0 0
597 8.0000 0.2500 0 0
598 7.7500 0.3141 0 0
599 7.7500 0.2617 0 0
600 8.0000 0.3500 0 0
601 7.5000 0.3828 0 0
602 7.7500 0.3664 0 0
603 7.0000 0.4156 0 0
604 7.2500 0.3992 0 0
605 6.5000 0.3203 0 0
606 6.2500 0.3984 0 0
607 6.2500 0.3320 0 0
608 6.7500 0.3703 0 0
609 6.7500 0.3086 0 0
610 6.5000 0.4484 0 0
611 6.7500 0.4320 0 0
612 6.2500 0.4648 0 0
613 8.5000 -0.3172 0 0
614 8.2500 -0.2859 0 0
615 8.2500 -0.3336 0 0
616 9.0000 -0.2844 0 0
617 8.7500 -0.2578 0 0
618 8.7500 -0.3008 0 0
619 9.0000 -0.2031 0 0
620 8.7500 -0.1719 0 0
621 8.5000 -0.2266 0 0
622 8.7500 -0.2148 0 0
623 8.2500 -0.1906 0 0
624 8.2500 -0.2383 0 0
625 9.5000 -0.2516 0 0
626 9.2500 -0.2297 0 0
627 9.2500 -0.2680 0 0
628 9.7500 -0.2016 0 0
629 9.7500 -0.2352 0 0
630 9.7500 -0.1344 0 0
631 9.5000 -0.1797 0 0
632 9.7500 -0.1680 0 0
633 9.2500 -0.1531 0 0
634 9.2500 -0.1914 0 0
635 9.5000 -0.1078 0 0
636 9.2500 -0.0766 0 0
637 9.0000 -0.1219 0 0
638 9.2500 -0.1148 0 0
639 9.7500 -0.0672 0 0
640 9.7500 -0.1008 0 0
641 9.7500 -0.0000 0 0
642 9.5000 -0.0359 0 0
643 9.7500 -0.0336 0 0
644 9.2500 -0.0000 0 0
645 9.0000 -0.0406 0 0
646 9.2500 -0.0383 0 0
647 8.5000 -0.1359 0 0
648 8.2500 -0.0953 0 0
649 8.2500 -0.1430 0 0
650 8.7500 -0.0859 0 0
651 8.7500 -0.1289 0 0
652 8.7500 -0.0000 0 0
653 8.5000 -0.0453 0 0
654 8.7500 -0.0430 0 0
655 8.2500 -0.0000 0 0
656 8.2500 -0.0477 0 0
657 8.5000 0.0453 0 0
658 8.2500 0.0953 0 0
659 8.2500 0.0477 0 0
660 9.0000 0.0406 0 0
661 8.7500 0.0859 0 0
662 8.7500 0.0430 0 0
663 9.0000 0.1219 0 0
664 8.7500 0.1719 0 0
665 8.5000 0.1359 0 0
666 8.7500 0.1289 0 0
667 8.2500 0.1906 0 0
668 8.2500 0.1430 0 0
669 9.5000 0.0359 0 0
670 9.2500 0.0766 0 0
671 9.2500 0.0383 0 0
672 9.7500 0.0672 0 0
673 9.7500 0.0336 0 0
674 9.7500 0.1344 0 0
675 9.5000 0.1078 0 0
676 9.7500 0.1008 0 0
677 9.2500 0.1531 0 0
678 9.2500 0.1148 0 0
679 9.5000 0.1797 0 0
680 9.2500 0.2297 0 0
681 9.0000 0.2031 0 0
682 9.2500 0.1914 0 0
683 9.7500 0.2016 0 0
684 9.7500 0.1680 0 0
685 9.5000 0.2516 0 0
686 9.7500 0.2352 0 0
687 9.0000 0.2844 0 0
688 9.2500 0.2680 0 0
689 8.5000 0.2266 0 0
690 8.2500 0.2859 0 0
691 8.2500 0.2383 0 0
692 8.7500 0.2578 0 0
693 8.7500 0.2148 0 0
694 8.5000 0.3172 0 0
695 8.7500 0.3008 0 0
696 8.2500 0.3336 0 0
