0 2 0 0 4 39
1 2 0 39 4 40
2 2 0 39 40 38
3 2 0 38 40 41
4 2 0 38 41 37
5 2 0 37 41 42
6 2 0 37 42 36
7 2 0 36 42 43
8 2 0 36 43 35
9 2 0 35 43 44
10 2 0 35 44 34
11 2 0 34 44 45
12 2 0 34 45 33
13 2 0 33 45 46
14 2 0 33 46 32
15 2 0 32 46 47
16 2 0 32 47 31
17 2 0 31 47 48
18 2 0 31 48 3
19 2 0 3 48 30
20 2 0 4 5 40
21 2 0 40 5 49
22 2 0 40 49 41
23 2 0 41 49 50
24 2 0 41 50 42
25 2 0 42 50 51
26 2 0 42 51 43
27 2 0 43 51 52
28 2 0 43 52 44
29 2 0 44 52 53
30 2 0 44 53 45
31 2 0 45 53 54
32 2 0 45 54 46
33 2 0 46 54 55
34 2 0 46 55 47
35 2 0 47 55 56
36 2 0 47 56 48
37 2 0 48 56 57
38 2 0 48 57 30
39 2 0 30 57 29
40 2 0 5 6 49
41 2 0 49 6 58
42 2 0 49 58 50
43 2 0 50 58 59
44 2 0 50 59 51
45 2 0 51 59 60
46 2 0 51 60 52
47 2 0 52 60 61
48 2 0 52 61 53
49 2 0 53 61 62
50 2 0 53 62 54
51 2 0 54 62 63
52 2 0 54 63 55
53 2 0 55 63 64
54 2 0 55 64 56
55 2 0 56 64 65
56 2 0 56 65 57
57 2 0 57 65 66
58 2 0 57 66 29
59 2 0 29 66 28
60 2 0 6 7 58
61 2 0 58 7 67
62 2 0 58 67 59
63 2 0 59 67 68
64 2 0 59 68 60
65 2 0 60 68 69
66 2 0 60 69 61
67 2 0 61 69 70
68 2 0 61 70 62
69 2 0 62 70 71
70 2 0 62 71 63
71 2 0 63 71 72
72 2 0 63 72 64
73 2 0 64 72 73
74 2 0 64 73 65
75 2 0 65 73 74
76 2 0 65 74 66
77 2 0 66 74 75
78 2 0 66 75 28
79 2 0 28 75 27
80 2 0 7 8 67
81 2 0 67 8 76
82 2 0 67 76 68
83 2 0 68 76 77
84 2 0 68 77 69
85 2 0 69 77 78
86 2 0 69 78 70
87 2 0 70 78 79
88 2 0 70 79 71
89 2 0 71 79 80
90 2 0 71 80 72
91 2 0 72 80 81
92 2 0 72 81 73
93 2 0 73 81 82
94 2 0 73 82 74
95 2 0 74 82 83
96 2 0 74 83 75
97 2 0 75 83 84
98 2 0 75 84 27
99 2 0 27 84 26
100 2 0 8 9 76
101 2 0 76 9 85
102 2 0 76 85 77
103 2 0 77 85 86
104 2 0 77 86 78
105 2 0 78 86 87
106 2 0 78 87 79
107 2 0 79 87 88
108 2 0 79 88 80
109 2 0 80 88 89
110 2 0 80 89 81
111 2 0 81 89 90
112 2 0 81 90 82
113 2 0 82 90 91
114 2 0 82 91 83
115 2 0 83 91 92
116 2 0 83 92 84
117 2 0 84 92 93
118 2 0 84 93 26
119 2 0 26 93 25
120 2 0 9 10 85
121 2 0 85 10 94
122 2 0 85 94 86
123 2 0 86 94 95
124 2 0 86 95 87
125 2 0 87 95 96
126 2 0 87 96 88
127 2 0 88 96 97
128 2 0 88 97 89
129 2 0 89 97 98
130 2 0 89 98 90
131 2 0 90 98 99
132 2 0 90 99 91
133 2 0 91 99 100
134 2 0 91 100 92
135 2 0 92 100 101
136 2 0 92 101 93
137 2 0 93 101 102
138 2 0 93 102 25
139 2 0 25 102 24
140 2 0 10 11 94
141 2 0 94 11 103
142 2 0 94 103 95
143 2 0 95 103 104
144 2 0 95 104 96
145 2 0 96 104 105
146 2 0 96 105 97
147 2 0 97 105 106
148 2 0 97 106 98
149 2 0 98 106 107
150 2 0 98 107 99
151 2 0 99 107 108
152 2 0 99 108 100
153 2 0 100 108 109
154 2 0 100 109 101
155 2 0 101 109 110
156 2 0 101 110 102
157 2 0 102 110 111
158 2 0 102 111 24
159 2 0 24 111 23
160 2 0 11 12 103
161 2 0 103 12 112
162 2 0 103 112 104
163 2 0 104 112 113
164 2 0 104 113 105
165 2 0 105 113 114
166 2 0 105 114 106
167 2 0 106 114 115
168 2 0 106 115 107
169 2 0 107 115 116
170 2 0 107 116 108
171 2 0 108 116 117
172 2 0 108 117 109
173 2 0 109 117 118
174 2 0 109 118 110
175 2 0 110 118 119
176 2 0 110 119 111
177 2 0 111 119 120
178 2 0 111 120 23
179 2 0 23 120 22
180 2 0 12 1 112
181 2 0 112 1 13
182 2 0 112 13 113
183 2 0 113 13 14
184 2 0 113 14 114
185 2 0 114 14 15
186 2 0 114 15 115
187 2 0 115 15 16
188 2 0 115 16 116
189 2 0 116 16 17
190 2 0 116 17 117
191 2 0 117 17 18
192 2 0 117 18 118
193 2 0 118 18 19
194 2 0 118 19 119
195 2 0 119 19 20
196 2 0 119 20 120
197 2 0 120 20 21
198 2 0 120 21 22
199 2 0 22 21 2
