
 0.000e+00  
 0.000e+00  
 0.000e+00  
 0.000e+00  
 0.000e+00  
 0.000e+00  
 0.000e+00  
 0.000e+00  
 0.000e+00  
 0.000e+00  
 0.000e+00  
 0.000e+00  
 0.000e+00  
 0.000e+00  
 0.000e+00  
 0.000e+00  
 0.000e+00  
 0.000e+00  
 0.000e+00  
 0.000e+00  
 0.000e+00  
 0.000e+00  
 0.000e+00  
 0.000e+00  
 0.000e+00  
 0.000e+00  
 0.000e+00  
 0.000e+00  
 0.000e+00  
 0.000e+00  
 0.000e+00  

 0.000e+00  
 0.000e+00  
 0.000e+00  
 0.000e+00  
 0.000e+00  
 0.000e+00  
 0.000e+00  
 0.000e+00  
 0.000e+00  
 0.000e+00  
 0.000e+00  
 0.000e+00  
 0.000e+00  
 0.000e+00  
 0.000e+00  
 0.000e+00  
 0.000e+00  
 0.000e+00  
 0.000e+00  
 0.000e+00  
 0.000e+00  
 0.000e+00  
 0.000e+00  
 0.000e+00  
 0.000e+00  
 0.000e+00  
 0.000e+00  
 0.000e+00  
 0.000e+00  
 0.000e+00  
 0.000e+00  

 0.000e+00  
-3.478e-05  
-8.668e-05  
-1.146e-04  
-1.096e-04  
-8.417e-05  
-5.468e-05  
-3.096e-05  
-1.558e-05  
-7.053e-06  
-2.866e-06  
-8.776e-07  
 6.167e-07  
 4.102e-06  
 1.685e-05  
 6.371e-05  
 2.263e-04  
 7.535e-04  
 2.343e-03  
 6.772e-03  
 1.809e-02  
 4.436e-02  
 9.911e-02  
 1.996e-01  
 3.574e-01  
 5.574e-01  
 7.300e-01  
 7.437e-01  
 4.971e-01  
 0.000e+00  
 0.000e+00  

 0.000e+00  
-1.278e-04  
-3.131e-04  
-4.091e-04  
-3.871e-04  
-2.945e-04  
-1.897e-04  
-1.065e-04  
-5.309e-05  
-2.383e-05  
-9.632e-06  
-3.097e-06  
 1.205e-06  
 9.986e-06  
 4.134e-05  
 1.562e-04  
 5.542e-04  
 1.844e-03  
 5.731e-03  
 1.656e-02  
 4.428e-02  
 1.088e-01  
 2.439e-01  
 4.942e-01  
 8.938e-01  
 1.416e+00  
 1.903e+00  
 1.993e+00  
 1.383e+00  
 0.000e+00  
 0.000e+00  

 0.000e+00  
-4.178e-04  
-1.005e-03  
-1.296e-03  
-1.211e-03  
-9.111e-04  
-5.803e-04  
-3.222e-04  
-1.589e-04  
-7.054e-05  
-2.826e-05  
-9.416e-06  
 1.375e-06  
 1.973e-05  
 8.274e-05  
 3.124e-04  
 1.106e-03  
 3.675e-03  
 1.140e-02  
 3.292e-02  
 8.794e-02  
 2.162e-01  
 4.860e-01  
 9.905e-01  
 1.811e+00  
 2.927e+00  
 4.081e+00  
 4.470e+00  
 3.349e+00  
 0.000e+00  
 0.000e+00  

 0.000e+00  
-1.285e-03  
-3.027e-03  
-3.838e-03  
-3.538e-03  
-2.628e-03  
-1.653e-03  
-9.065e-04  
-4.414e-04  
-1.933e-04  
-7.650e-05  
-2.589e-05  
-1.212e-07  
 3.576e-05  
 1.525e-04  
 5.743e-04  
 2.026e-03  
 6.699e-03  
 2.070e-02  
 5.949e-02  
 1.583e-01  
 3.882e-01  
 8.720e-01  
 1.782e+00  
 3.285e+00  
 5.407e+00  
 7.863e+00  
 9.151e+00  
 7.950e+00  
 0.000e+00  
 0.000e+00  

 0.000e+00  
-3.716e-03  
-8.536e-03  
-1.063e-02  
-9.646e-03  
-7.064e-03  
-4.382e-03  
-2.369e-03  
-1.136e-03  
-4.897e-04  
-1.906e-04  
-6.447e-05  
-5.973e-06  
 6.099e-05  
 2.649e-04  
 9.924e-04  
 3.477e-03  
 1.141e-02  
 3.499e-02  
 9.980e-02  
 2.637e-01  
 6.424e-01  
 1.436e+00  
 2.929e+00  
 5.419e+00  
 9.026e+00  
 1.360e+01  
 1.697e+01  
 2.004e+01  
 1.822e+01  
 1.800e+01  

 0.000e+00  
-1.005e-02  
-2.242e-02  
-2.734e-02  
-2.440e-02  
-1.759e-02  
-1.074e-02  
-5.714e-03  
-2.693e-03  
-1.138e-03  
-4.333e-04  
-1.444e-04  
-2.019e-05  
 9.892e-05  
 4.363e-04  
 1.622e-03  
 5.629e-03  
 1.829e-02  
 5.551e-02  
 1.566e-01  
 4.096e-01  
 9.881e-01  
 2.190e+00  
 4.439e+00  
 8.186e+00  
 1.366e+01  
 2.075e+01  
 2.692e+01  
 3.435e+01  
 3.473e+01  
 3.600e+01  

 0.000e+00  
-2.522e-02  
-5.433e-02  
-6.477e-02  
-5.675e-02  
-4.023e-02  
-2.414e-02  
-1.260e-02  
-5.813e-03  
-2.396e-03  
-8.854e-04  
-2.858e-04  
-4.484e-05  
 1.545e-04  
 6.831e-04  
 2.513e-03  
 8.623e-03  
 2.770e-02  
 8.303e-02  
 2.314e-01  
 5.977e-01  
 1.425e+00  
 3.122e+00  
 6.263e+00  
 1.145e+01  
 1.903e+01  
 2.869e+01  
 3.835e+01  
 4.925e+01  
 5.101e+01  
 5.400e+01  

 0.000e+00  
-5.775e-02  
-1.196e-01  
-1.392e-01  
-1.198e-01  
-8.341e-02  
-4.911e-02  
-2.506e-02  
-1.125e-02  
-4.482e-03  
-1.586e-03  
-4.822e-04  
-6.875e-05  
 2.373e-04  
 1.018e-03  
 3.692e-03  
 1.252e-02  
 3.971e-02  
 1.175e-01  
 3.234e-01  
 8.243e-01  
 1.939e+00  
 4.195e+00  
 8.312e+00  
 1.503e+01  
 2.473e+01  
 3.703e+01  
 5.015e+01  
 6.317e+01  
 6.678e+01  
 7.200e+01  

 0.000e+00  
-1.169e-01  
-2.322e-01  
-2.646e-01  
-2.241e-01  
-1.535e-01  
-8.845e-02  
-4.389e-02  
-1.899e-02  
-7.191e-03  
-2.359e-03  
-6.304e-04  
-4.109e-05  
 3.696e-04  
 1.449e-03  
 5.148e-03  
 1.723e-02  
 5.402e-02  
 1.579e-01  
 4.289e-01  
 1.079e+00  
 2.506e+00  
 5.349e+00  
 1.046e+01  
 1.866e+01  
 3.039e+01  
 4.516e+01  
 6.101e+01  
 7.531e+01  
 8.176e+01  
 9.000e+01  

 0.000e+00  
-1.931e-01  
-3.714e-01  
-4.205e-01  
-3.546e-01  
-2.401e-01  
-1.353e-01  
-6.465e-02  
-2.637e-02  
-9.067e-03  
-2.486e-03  
-4.052e-04  
 1.743e-04  
 6.024e-04  
 1.980e-03  
 6.824e-03  
 2.254e-02  
 6.983e-02  
 2.017e-01  
 5.416e-01  
 1.346e+00  
 3.086e+00  
 6.500e+00  
 1.254e+01  
 2.210e+01  
 3.561e+01  
 5.241e+01  
 7.016e+01  
 8.559e+01  
 9.571e+01  
 1.080e+02  

 0.000e+00  
-1.806e-01  
-3.807e-01  
-4.698e-01  
-4.168e-01  
-2.862e-01  
-1.577e-01  
-7.058e-02  
-2.507e-02  
-6.228e-03  
-2.621e-04  
 9.013e-04  
 8.571e-04  
 1.040e-03  
 2.631e-03  
 8.641e-03  
 2.810e-02  
 8.607e-02  
 2.460e-01  
 6.531e-01  
 1.605e+00  
 3.636e+00  
 7.564e+00  
 1.441e+01  
 2.511e+01  
 4.004e+01  
 5.829e+01  
 7.713e+01  
 9.346e+01  
 1.080e+02  
 1.080e+02  

 0.000e+00  
 3.928e-01  
 2.799e-01  
 1.798e-03  
-1.481e-01  
-1.445e-01  
-7.998e-02  
-2.511e-02  
 1.626e-03  
 8.592e-03  
 7.326e-03  
 4.490e-03  
 2.481e-03  
 1.879e-03  
 3.483e-03  
 1.057e-02  
 3.361e-02  
 1.017e-01  
 2.876e-01  
 7.559e-01  
 1.838e+00  
 4.119e+00  
 8.473e+00  
 1.596e+01  
 2.753e+01  
 4.348e+01  
 6.255e+01  
 8.151e+01  
 9.681e+01  
 1.080e+02  
 1.080e+02  

 0.000e+00  
 3.340e+00  
 3.033e+00  
 1.886e+00  
 9.534e-01  
 4.434e-01  
 2.217e-01  
 1.278e-01  
 7.802e-02  
 4.553e-02  
 2.438e-02  
 1.201e-02  
 5.752e-03  
 3.490e-03  
 4.794e-03  
 1.280e-02  
 3.911e-02  
 1.162e-01  
 3.249e-01  
 8.453e-01  
 2.036e+00  
 4.516e+00  
 9.197e+00  
 1.716e+01  
 2.935e+01  
 4.598e+01  
 6.548e+01  
 8.423e+01  
 9.851e+01  
 1.080e+02  
 1.080e+02  

 1.800e+01  
 1.478e+01  
 1.044e+01  
 6.385e+00  
 3.466e+00  
 1.751e+00  
 8.727e-01  
 4.439e-01  
 2.281e-01  
 1.147e-01  
 5.517e-02  
 2.538e-02  
 1.174e-02  
 6.690e-03  
 7.361e-03  
 1.618e-02  
 4.547e-02  
 1.305e-01  
 3.582e-01  
 9.211e-01  
 2.196e+00  
 4.827e+00  
 9.741e+00  
 1.804e+01  
 3.066e+01  
 4.772e+01  
 6.745e+01  
 8.596e+01  
 9.951e+01  
 1.080e+02  
 1.080e+02  

 3.600e+01  
 2.781e+01  
 1.968e+01  
 1.248e+01  
 7.109e+00  
 3.742e+00  
 1.891e+00  
 9.422e-01  
 4.639e-01  
 2.227e-01  
 1.033e-01  
 4.703e-02  
 2.250e-02  
 1.359e-02  
 1.354e-02  
 2.340e-02  
 5.577e-02  
 1.480e-01  
 3.919e-01  
 9.887e-01  
 2.328e+00  
 5.066e+00  
 1.014e+01  
 1.866e+01  
 3.157e+01  
 4.893e+01  
 6.879e+01  
 8.712e+01  
 1.002e+02  
 1.080e+02  
 1.080e+02  

 5.400e+01  
 4.160e+01  
 2.980e+01  
 1.945e+01  
 1.149e+01  
 6.251e+00  
 3.223e+00  
 1.611e+00  
 7.855e-01  
 3.725e-01  
 1.728e-01  
 8.138e-02  
 4.307e-02  
 2.999e-02  
 3.001e-02  
 4.212e-02  
 7.873e-02  
 1.786e-01  
 4.373e-01  
 1.062e+00  
 2.450e+00  
 5.263e+00  
 1.044e+01  
 1.911e+01  
 3.223e+01  
 4.980e+01  
 6.977e+01  
 8.796e+01  
 1.007e+02  
 1.080e+02  
 1.080e+02  

 7.200e+01  
 5.590e+01  
 4.050e+01  
 2.698e+01  
 1.639e+01  
 9.162e+00  
 4.813e+00  
 2.427e+00  
 1.188e+00  
 5.680e-01  
 2.719e-01  
 1.395e-01  
 8.675e-02  
 7.129e-02  
 7.441e-02  
 9.234e-02  
 1.369e-01  
 2.476e-01  
 5.225e-01  
 1.172e+00  
 2.598e+00  
 5.464e+00  
 1.072e+01  
 1.949e+01  
 3.276e+01  
 5.050e+01  
 7.055e+01  
 8.865e+01  
 1.011e+02  
 1.080e+02  
 1.080e+02  

 9.000e+01  
 7.084e+01  
 5.164e+01  
 3.470e+01  
 2.140e+01  
 1.218e+01  
 6.514e+00  
 3.337e+00  
 1.662e+00  
 8.211e-01  
 4.230e-01  
 2.502e-01  
 1.873e-01  
 1.759e-01  
 1.899e-01  
 2.223e-01  
 2.836e-01  
 4.136e-01  
 7.112e-01  
 1.389e+00  
 2.849e+00  
 5.755e+00  
 1.106e+01  
 1.992e+01  
 3.331e+01  
 5.118e+01  
 7.130e+01  
 8.931e+01  
 1.015e+02  
 1.080e+02  
 1.080e+02  

 1.080e+02  
 8.722e+01  
 6.313e+01  
 4.249e+01  
 2.649e+01  
 1.532e+01  
 8.332e+00  
 4.352e+00  
 2.237e+00  
 1.178e+00  
 6.859e-01  
 4.839e-01  
 4.244e-01  
 4.326e-01  
 4.744e-01  
 5.391e-01  
 6.357e-01  
 8.030e-01  
 1.139e+00  
 1.857e+00  
 3.355e+00  
 6.299e+00  
 1.165e+01  
 2.058e+01  
 3.407e+01  
 5.204e+01  
 7.217e+01  
 9.003e+01  
 1.020e+02  
 1.080e+02  
 1.080e+02  

 1.080e+02  
 1.080e+02  
 7.354e+01  
 4.900e+01  
 3.072e+01  
 1.803e+01  
 1.005e+01  
 5.447e+00  
 2.980e+00  
 1.751e+00  
 1.198e+00  
 9.974e-01  
 9.713e-01  
 1.030e+00  
 1.132e+00  
 1.263e+00  
 1.429e+00  
 1.668e+00  
 2.075e+00  
 2.858e+00  
 4.415e+00  
 7.411e+00  
 1.281e+01  
 2.181e+01  
 3.537e+01  
 5.338e+01  
 7.341e+01  
 9.097e+01  
 1.025e+02  
 1.080e+02  
 1.080e+02  

 1.080e+02  
 1.080e+02  
 7.804e+01  
 5.346e+01  
 3.432e+01  
 2.071e+01  
 1.197e+01  
 6.864e+00  
 4.131e+00  
 2.802e+00  
 2.251e+00  
 2.109e+00  
 2.172e+00  
 2.337e+00  
 2.556e+00  
 2.810e+00  
 3.103e+00  
 3.469e+00  
 4.000e+00  
 4.900e+00  
 6.559e+00  
 9.643e+00  
 1.512e+01  
 2.419e+01  
 3.776e+01  
 5.566e+01  
 7.534e+01  
 9.232e+01  
 1.032e+02  
 1.080e+02  
 1.080e+02  

 1.080e+02  
 1.080e+02  
 8.002e+01  
 5.602e+01  
 3.685e+01  
 2.303e+01  
 1.409e+01  
 8.861e+00  
 6.095e+00  
 4.818e+00  
 4.381e+00  
 4.396e+00  
 4.642e+00  
 5.007e+00  
 5.432e+00  
 5.897e+00  
 6.402e+00  
 6.979e+00  
 7.714e+00  
 8.806e+00  
 1.063e+01  
 1.386e+01  
 1.944e+01  
 2.855e+01  
 4.200e+01  
 5.951e+01  
 7.841e+01  
 9.432e+01  
 1.042e+02  
 1.080e+02  
 1.080e+02  

 1.080e+02  
 1.080e+02  
 8.175e+01  
 5.882e+01  
 4.018e+01  
 2.655e+01  
 1.763e+01  
 1.242e+01  
 9.751e+00  
 8.663e+00  
 8.485e+00  
 8.800e+00  
 9.369e+00  
 1.006e+01  
 1.082e+01  
 1.162e+01  
 1.245e+01  
 1.334e+01  
 1.437e+01  
 1.574e+01  
 1.781e+01  
 2.124e+01  
 2.691e+01  
 3.595e+01  
 4.901e+01  
 6.564e+01  
 8.303e+01  
 9.714e+01  
 1.054e+02  
 1.080e+02  
 1.080e+02  

 1.080e+02  
 1.080e+02  
 8.315e+01  
 6.141e+01  
 4.378e+01  
 3.098e+01  
 2.275e+01  
 1.813e+01  
 1.601e+01  
 1.546e+01  
 1.581e+01  
 1.664e+01  
 1.771e+01  
 1.890e+01  
 2.013e+01  
 2.138e+01  
 2.263e+01  
 2.393e+01  
 2.533e+01  
 2.704e+01  
 2.938e+01  
 3.297e+01  
 3.864e+01  
 4.733e+01  
 5.947e+01  
 7.439e+01  
 8.926e+01  
 1.007e+02  
 1.069e+02  
 1.080e+02  
 1.080e+02  

 1.080e+02  
 1.080e+02  
 8.577e+01  
 6.630e+01  
 5.051e+01  
 3.910e+01  
 3.190e+01  
 2.811e+01  
 2.673e+01  
 2.689e+01  
 2.794e+01  
 2.945e+01  
 3.117e+01  
 3.296e+01  
 3.474e+01  
 3.649e+01  
 3.819e+01  
 3.987e+01  
 4.161e+01  
 4.357e+01  
 4.607e+01  
 4.963e+01  
 5.494e+01  
 6.271e+01  
 7.308e+01  
 8.516e+01  
 9.639e+01  
 1.044e+02  
 1.082e+02  
 1.080e+02  
 1.080e+02  

 1.080e+02  
 1.080e+02  
 8.867e+01  
 7.189e+01  
 5.861e+01  
 4.945e+01  
 4.419e+01  
 4.204e+01  
 4.209e+01  
 4.348e+01  
 4.558e+01  
 4.799e+01  
 5.044e+01  
 5.282e+01  
 5.505e+01  
 5.714e+01  
 5.907e+01  
 6.090e+01  
 6.269e+01  
 6.459e+01  
 6.687e+01  
 6.993e+01  
 7.425e+01  
 8.025e+01  
 8.779e+01  
 9.594e+01  
 1.028e+02  
 1.072e+02  
 1.089e+02  
 1.080e+02  
 1.080e+02  

 1.080e+02  
 1.080e+02  
 9.386e+01  
 8.167e+01  
 7.219e+01  
 6.596e+01  
 6.294e+01  
 6.255e+01  
 6.397e+01  
 6.640e+01  
 6.922e+01  
 7.203e+01  
 7.464e+01  
 7.696e+01  
 7.899e+01  
 8.076e+01  
 8.230e+01  
 8.368e+01  
 8.497e+01  
 8.627e+01  
 8.777e+01  
 8.972e+01  
 9.236e+01  
 9.583e+01  
 9.988e+01  
 1.038e+02  
 1.067e+02  
 1.083e+02  
 1.088e+02  
 1.080e+02  
 1.080e+02  

 1.080e+02  
 1.080e+02  
 9.864e+01  
 9.062e+01  
 8.513e+01  
 8.269e+01  
 8.292e+01  
 8.491e+01  
 8.771e+01  
 9.059e+01  
 9.318e+01  
 9.531e+01  
 9.699e+01  
 9.829e+01  
 9.929e+01  
 1.001e+02  
 1.007e+02  
 1.011e+02  
 1.016e+02  
 1.020e+02  
 1.025e+02  
 1.032e+02  
 1.040e+02  
 1.051e+02  
 1.062e+02  
 1.071e+02  
 1.076e+02  
 1.078e+02  
 1.079e+02  
 1.080e+02  
 1.080e+02  

 1.080e+02  
 1.080e+02  
 1.080e+02  
 1.080e+02  
 1.080e+02  
 1.080e+02  
 1.080e+02  
 1.080e+02  
 1.080e+02  
 1.080e+02  
 1.080e+02  
 1.080e+02  
 1.080e+02  
 1.080e+02  
 1.080e+02  
 1.080e+02  
 1.080e+02  
 1.080e+02  
 1.080e+02  
 1.080e+02  
 1.080e+02  
 1.080e+02  
 1.080e+02  
 1.080e+02  
 1.080e+02  
 1.080e+02  
 1.080e+02  
 1.080e+02  
 1.080e+02  
 1.080e+02  
 1.080e+02  
