
 0.000e+00  
 0.000e+00  
 0.000e+00  
 0.000e+00  
 0.000e+00  
 0.000e+00  
 0.000e+00  
 0.000e+00  
 0.000e+00  
 0.000e+00  
 0.000e+00  
 0.000e+00  
 0.000e+00  
 0.000e+00  
 0.000e+00  
 0.000e+00  
 7.323e+01  

 0.000e+00  
 0.000e+00  
 0.000e+00  
 0.000e+00  
 0.000e+00  
 0.000e+00  
 0.000e+00  
 0.000e+00  
 0.000e+00  
 0.000e+00  
 0.000e+00  
 0.000e+00  
 0.000e+00  
 0.000e+00  
 0.000e+00  
 0.000e+00  
 7.302e+01  

 0.000e+00  
 0.000e+00  
 0.000e+00  
 0.000e+00  
 0.000e+00  
 0.000e+00  
 0.000e+00  
 0.000e+00  
 0.000e+00  
 0.000e+00  
 0.000e+00  
 0.000e+00  
 0.000e+00  
 0.000e+00  
 0.000e+00  
 0.000e+00  
 7.280e+01  

 0.000e+00  
 0.000e+00  
 0.000e+00  
 0.000e+00  
 0.000e+00  
 0.000e+00  
 0.000e+00  
 0.000e+00  
 0.000e+00  
 0.000e+00  
 0.000e+00  
 0.000e+00  
 0.000e+00  
 0.000e+00  
 0.000e+00  
 0.000e+00  
 7.258e+01  

 0.000e+00  
 0.000e+00  
 0.000e+00  
 0.000e+00  
 0.000e+00  
 0.000e+00  
 0.000e+00  
 0.000e+00  
 0.000e+00  
 0.000e+00  
 0.000e+00  
 0.000e+00  
 0.000e+00  
 0.000e+00  
 0.000e+00  
 0.000e+00  
 7.237e+01  

 0.000e+00  
 0.000e+00  
 0.000e+00  
 0.000e+00  
 0.000e+00  
 0.000e+00  
 0.000e+00  
 0.000e+00  
 0.000e+00  
 0.000e+00  
 0.000e+00  
 0.000e+00  
 0.000e+00  
 0.000e+00  
 0.000e+00  
 0.000e+00  
 7.215e+01  

 0.000e+00  
 0.000e+00  
 0.000e+00  
 0.000e+00  
 0.000e+00  
 0.000e+00  
 0.000e+00  
 0.000e+00  
 0.000e+00  
 0.000e+00  
 0.000e+00  
 0.000e+00  
 0.000e+00  
 0.000e+00  
 0.000e+00  
 0.000e+00  
 7.193e+01  

 0.000e+00  
 0.000e+00  
 0.000e+00  
 0.000e+00  
 0.000e+00  
 0.000e+00  
 0.000e+00  
 0.000e+00  
 0.000e+00  
 0.000e+00  
 0.000e+00  
 0.000e+00  
 0.000e+00  
 0.000e+00  
 0.000e+00  
 0.000e+00  
 7.171e+01  

 0.000e+00  
 0.000e+00  
 0.000e+00  
 0.000e+00  
 0.000e+00  
 0.000e+00  
 0.000e+00  
 0.000e+00  
 0.000e+00  
 0.000e+00  
 0.000e+00  
 0.000e+00  
 0.000e+00  
 0.000e+00  
 0.000e+00  
 0.000e+00  
 7.150e+01  

 0.000e+00  
 0.000e+00  
 0.000e+00  
 0.000e+00  
 0.000e+00  
 0.000e+00  
 0.000e+00  
 0.000e+00  
 0.000e+00  
 0.000e+00  
 0.000e+00  
 0.000e+00  
 0.000e+00  
 0.000e+00  
 0.000e+00  
 0.000e+00  
 7.128e+01  

 0.000e+00  
 0.000e+00  
 0.000e+00  
 0.000e+00  
 0.000e+00  
 0.000e+00  
 0.000e+00  
 0.000e+00  
 0.000e+00  
 0.000e+00  
 0.000e+00  
 0.000e+00  
 0.000e+00  
 0.000e+00  
 0.000e+00  
 0.000e+00  
 7.106e+01  

 0.000e+00  
 0.000e+00  
 0.000e+00  
 0.000e+00  
 0.000e+00  
 0.000e+00  
 0.000e+00  
 0.000e+00  
 0.000e+00  
 0.000e+00  
 0.000e+00  
 0.000e+00  
 0.000e+00  
 0.000e+00  
 0.000e+00  
 0.000e+00  
 7.084e+01  

 0.000e+00  
 0.000e+00  
 0.000e+00  
 0.000e+00  
 0.000e+00  
 0.000e+00  
 0.000e+00  
 0.000e+00  
 0.000e+00  
 0.000e+00  
 0.000e+00  
 0.000e+00  
 0.000e+00  
 0.000e+00  
 0.000e+00  
 0.000e+00  
 7.061e+01  

 0.000e+00  
 0.000e+00  
 0.000e+00  
 0.000e+00  
 0.000e+00  
 0.000e+00  
 0.000e+00  
 0.000e+00  
 0.000e+00  
 0.000e+00  
 0.000e+00  
 0.000e+00  
 0.000e+00  
 0.000e+00  
 0.000e+00  
 0.000e+00  
 7.039e+01  

 0.000e+00  
 0.000e+00  
 0.000e+00  
 0.000e+00  
 0.000e+00  
 0.000e+00  
 0.000e+00  
 0.000e+00  
 0.000e+00  
 0.000e+00  
 0.000e+00  
 0.000e+00  
 0.000e+00  
 0.000e+00  
 0.000e+00  
 0.000e+00  
 7.017e+01  

 0.000e+00  
 0.000e+00  
 0.000e+00  
 0.000e+00  
 0.000e+00  
 0.000e+00  
 0.000e+00  
 0.000e+00  
 0.000e+00  
 0.000e+00  
 0.000e+00  
 0.000e+00  
 0.000e+00  
 0.000e+00  
 0.000e+00  
 0.000e+00  
 6.994e+01  

 0.000e+00  
 0.000e+00  
 0.000e+00  
 0.000e+00  
 0.000e+00  
 0.000e+00  
 0.000e+00  
 0.000e+00  
 0.000e+00  
 0.000e+00  
 0.000e+00  
 0.000e+00  
 0.000e+00  
 0.000e+00  
 0.000e+00  
 0.000e+00  
 6.972e+01  

 0.000e+00  
 0.000e+00  
 0.000e+00  
 0.000e+00  
 0.000e+00  
 0.000e+00  
 0.000e+00  
 0.000e+00  
 0.000e+00  
 0.000e+00  
 0.000e+00  
 0.000e+00  
 0.000e+00  
 0.000e+00  
 0.000e+00  
 0.000e+00  
 6.949e+01  

 0.000e+00  
 0.000e+00  
 0.000e+00  
 0.000e+00  
 0.000e+00  
 0.000e+00  
 0.000e+00  
 0.000e+00  
 0.000e+00  
 0.000e+00  
 0.000e+00  
 0.000e+00  
 0.000e+00  
 0.000e+00  
 0.000e+00  
 0.000e+00  
 6.927e+01  

 0.000e+00  
 0.000e+00  
 0.000e+00  
 0.000e+00  
 0.000e+00  
 0.000e+00  
 0.000e+00  
 0.000e+00  
 0.000e+00  
 0.000e+00  
 0.000e+00  
 0.000e+00  
 0.000e+00  
 0.000e+00  
 0.000e+00  
 0.000e+00  
 6.904e+01  

 0.000e+00  
 0.000e+00  
 0.000e+00  
 0.000e+00  
 0.000e+00  
 0.000e+00  
 0.000e+00  
 0.000e+00  
 0.000e+00  
 0.000e+00  
 0.000e+00  
 0.000e+00  
 0.000e+00  
 0.000e+00  
 0.000e+00  
 0.000e+00  
 6.881e+01  

 4.484e-01  
 4.484e-01  
 5.507e-01  
 7.687e-01  
 1.132e+00  
 1.687e+00  
 2.496e+00  
 3.645e+00  
 5.245e+00  
 7.449e+00  
 1.047e+01  
 1.465e+01  
 2.056e+01  
 2.935e+01  
 4.364e+01  
 7.028e+01  
 1.298e+02  

 8.826e-01  
 8.826e-01  
 1.083e+00  
 1.510e+00  
 2.222e+00  
 3.306e+00  
 4.883e+00  
 7.114e+00  
 1.021e+01  
 1.444e+01  
 2.018e+01  
 2.796e+01  
 3.862e+01  
 5.355e+01  
 7.522e+01  
 1.078e+02  
 1.571e+02  

 1.288e+00  
 1.288e+00  
 1.579e+00  
 2.199e+00  
 3.229e+00  
 4.793e+00  
 7.063e+00  
 1.026e+01  
 1.466e+01  
 2.062e+01  
 2.858e+01  
 3.915e+01  
 5.314e+01  
 7.169e+01  
 9.640e+01  
 1.292e+02  
 1.711e+02  

 1.653e+00  
 1.653e+00  
 2.025e+00  
 2.814e+00  
 4.123e+00  
 6.105e+00  
 8.970e+00  
 1.298e+01  
 1.846e+01  
 2.581e+01  
 3.548e+01  
 4.805e+01  
 6.417e+01  
 8.465e+01  
 1.103e+02  
 1.418e+02  
 1.789e+02  

 1.971e+00  
 1.971e+00  
 2.411e+00  
 3.343e+00  
 4.887e+00  
 7.219e+00  
 1.057e+01  
 1.524e+01  
 2.158e+01  
 2.998e+01  
 4.090e+01  
 5.482e+01  
 7.225e+01  
 9.367e+01  
 1.194e+02  
 1.496e+02  
 1.835e+02  

 2.238e+00  
 2.238e+00  
 2.734e+00  
 3.784e+00  
 5.518e+00  
 8.130e+00  
 1.187e+01  
 1.705e+01  
 2.403e+01  
 3.321e+01  
 4.499e+01  
 5.980e+01  
 7.800e+01  
 9.985e+01  
 1.254e+02  
 1.545e+02  
 1.863e+02  

 2.455e+00  
 2.455e+00  
 2.995e+00  
 4.138e+00  
 6.022e+00  
 8.850e+00  
 1.289e+01  
 1.845e+01  
 2.590e+01  
 3.563e+01  
 4.801e+01  
 6.338e+01  
 8.202e+01  
 1.040e+02  
 1.293e+02  
 1.576e+02  
 1.880e+02  

 2.626e+00  
 2.626e+00  
 3.201e+00  
 4.414e+00  
 6.411e+00  
 9.401e+00  
 1.366e+01  
 1.950e+01  
 2.728e+01  
 3.739e+01  
 5.016e+01  
 6.589e+01  
 8.477e+01  
 1.068e+02  
 1.319e+02  
 1.595e+02  
 1.891e+02  

 2.757e+00  
 2.757e+00  
 3.357e+00  
 4.622e+00  
 6.702e+00  
 9.810e+00  
 1.422e+01  
 2.026e+01  
 2.828e+01  
 3.864e+01  
 5.166e+01  
 6.761e+01  
 8.662e+01  
 1.087e+02  
 1.335e+02  
 1.608e+02  
 1.898e+02  

 2.854e+00  
 2.854e+00  
 3.472e+00  
 4.775e+00  
 6.914e+00  
 1.011e+01  
 1.463e+01  
 2.080e+01  
 2.897e+01  
 3.950e+01  
 5.269e+01  
 6.877e+01  
 8.785e+01  
 1.099e+02  
 1.346e+02  
 1.616e+02  
 1.902e+02  

 2.924e+00  
 2.924e+00  
 3.555e+00  
 4.884e+00  
 7.064e+00  
 1.031e+01  
 1.491e+01  
 2.117e+01  
 2.945e+01  
 4.008e+01  
 5.337e+01  
 6.953e+01  
 8.865e+01  
 1.107e+02  
 1.353e+02  
 1.621e+02  
 1.905e+02  

 2.973e+00  
 2.973e+00  
 3.613e+00  
 4.960e+00  
 7.167e+00  
 1.045e+01  
 1.510e+01  
 2.142e+01  
 2.977e+01  
 4.047e+01  
 5.382e+01  
 7.003e+01  
 8.916e+01  
 1.112e+02  
 1.357e+02  
 1.624e+02  
 1.907e+02  

 3.007e+00  
 3.007e+00  
 3.652e+00  
 5.011e+00  
 7.237e+00  
 1.055e+01  
 1.523e+01  
 2.159e+01  
 2.997e+01  
 4.072e+01  
 5.411e+01  
 7.034e+01  
 8.949e+01  
 1.115e+02  
 1.360e+02  
 1.626e+02  
 1.908e+02  

 3.029e+00  
 3.029e+00  
 3.678e+00  
 5.044e+00  
 7.282e+00  
 1.061e+01  
 1.531e+01  
 2.169e+01  
 3.011e+01  
 4.088e+01  
 5.429e+01  
 7.054e+01  
 8.969e+01  
 1.117e+02  
 1.362e+02  
 1.628e+02  
 1.908e+02  

 3.043e+00  
 3.043e+00  
 3.695e+00  
 5.066e+00  
 7.311e+00  
 1.065e+01  
 1.536e+01  
 2.176e+01  
 3.019e+01  
 4.097e+01  
 5.440e+01  
 7.066e+01  
 8.981e+01  
 1.118e+02  
 1.363e+02  
 1.628e+02  
 1.909e+02  

 3.052e+00  
 3.052e+00  
 3.705e+00  
 5.080e+00  
 7.329e+00  
 1.067e+01  
 1.539e+01  
 2.180e+01  
 3.024e+01  
 4.103e+01  
 5.447e+01  
 7.073e+01  
 8.988e+01  
 1.118e+02  
 1.363e+02  
 1.629e+02  
 1.909e+02  

 3.058e+00  
 3.058e+00  
 3.712e+00  
 5.088e+00  
 7.340e+00  
 1.069e+01  
 1.541e+01  
 2.182e+01  
 3.027e+01  
 4.107e+01  
 5.451e+01  
 7.077e+01  
 8.993e+01  
 1.119e+02  
 1.363e+02  
 1.629e+02  
 1.909e+02  

 3.061e+00  
 3.061e+00  
 3.716e+00  
 5.093e+00  
 7.347e+00  
 1.070e+01  
 1.542e+01  
 2.184e+01  
 3.028e+01  
 4.109e+01  
 5.453e+01  
 7.080e+01  
 8.995e+01  
 1.119e+02  
 1.364e+02  
 1.629e+02  
 1.909e+02  

 3.063e+00  
 3.063e+00  
 3.718e+00  
 5.096e+00  
 7.350e+00  
 1.070e+01  
 1.543e+01  
 2.185e+01  
 3.029e+01  
 4.110e+01  
 5.454e+01  
 7.081e+01  
 8.996e+01  
 1.119e+02  
 1.364e+02  
 1.629e+02  
 1.909e+02  

 3.064e+00  
 3.064e+00  
 3.720e+00  
 5.097e+00  
 7.353e+00  
 1.070e+01  
 1.543e+01  
 2.185e+01  
 3.030e+01  
 4.111e+01  
 5.455e+01  
 7.082e+01  
 8.997e+01  
 1.119e+02  
 1.364e+02  
 1.629e+02  
 1.909e+02  

 3.065e+00  
 3.065e+00  
 3.720e+00  
 5.098e+00  
 7.354e+00  
 1.071e+01  
 1.543e+01  
 2.185e+01  
 3.030e+01  
 4.111e+01  
 5.455e+01  
 7.082e+01  
 8.998e+01  
 1.119e+02  
 1.364e+02  
 1.629e+02  
 1.909e+02  

 3.065e+00  
 3.065e+00  
 3.721e+00  
 5.099e+00  
 7.354e+00  
 1.071e+01  
 1.543e+01  
 2.185e+01  
 3.031e+01  
 4.111e+01  
 5.456e+01  
 7.082e+01  
 8.998e+01  
 1.119e+02  
 1.364e+02  
 1.629e+02  
 1.909e+02  

 3.066e+00  
 3.066e+00  
 3.721e+00  
 5.099e+00  
 7.355e+00  
 1.071e+01  
 1.543e+01  
 2.185e+01  
 3.031e+01  
 4.111e+01  
 5.456e+01  
 7.083e+01  
 8.998e+01  
 1.119e+02  
 1.364e+02  
 1.629e+02  
 1.909e+02  

 3.066e+00  
 3.066e+00  
 3.721e+00  
 5.099e+00  
 7.355e+00  
 1.071e+01  
 1.544e+01  
 2.186e+01  
 3.031e+01  
 4.111e+01  
 5.456e+01  
 7.083e+01  
 8.998e+01  
 1.119e+02  
 1.364e+02  
 1.629e+02  
 1.909e+02  

 3.066e+00  
 3.066e+00  
 3.721e+00  
 5.099e+00  
 7.355e+00  
 1.071e+01  
 1.544e+01  
 2.186e+01  
 3.031e+01  
 4.111e+01  
 5.456e+01  
 7.083e+01  
 8.998e+01  
 1.119e+02  
 1.364e+02  
 1.629e+02  
 1.909e+02  

 3.066e+00  
 3.066e+00  
 3.721e+00  
 5.099e+00  
 7.355e+00  
 1.071e+01  
 1.544e+01  
 2.186e+01  
 3.031e+01  
 4.112e+01  
 5.456e+01  
 7.083e+01  
 8.998e+01  
 1.119e+02  
 1.364e+02  
 1.629e+02  
 1.909e+02  

 3.066e+00  
 3.066e+00  
 3.721e+00  
 5.099e+00  
 7.355e+00  
 1.071e+01  
 1.544e+01  
 2.186e+01  
 3.031e+01  
 4.112e+01  
 5.456e+01  
 7.083e+01  
 8.998e+01  
 1.119e+02  
 1.364e+02  
 1.629e+02  
 1.909e+02  

 3.066e+00  
 3.066e+00  
 3.721e+00  
 5.099e+00  
 7.355e+00  
 1.071e+01  
 1.544e+01  
 2.186e+01  
 3.031e+01  
 4.112e+01  
 5.456e+01  
 7.083e+01  
 8.998e+01  
 1.119e+02  
 1.364e+02  
 1.629e+02  
 1.909e+02  

 3.066e+00  
 3.066e+00  
 3.721e+00  
 5.099e+00  
 7.355e+00  
 1.071e+01  
 1.544e+01  
 2.186e+01  
 3.031e+01  
 4.112e+01  
 5.456e+01  
 7.083e+01  
 8.998e+01  
 1.119e+02  
 1.364e+02  
 1.629e+02  
 1.909e+02  

 3.066e+00  
 3.066e+00  
 3.721e+00  
 5.099e+00  
 7.355e+00  
 1.071e+01  
 1.544e+01  
 2.186e+01  
 3.031e+01  
 4.112e+01  
 5.456e+01  
 7.083e+01  
 8.998e+01  
 1.119e+02  
 1.364e+02  
 1.629e+02  
 1.909e+02  

 3.066e+00  
 3.066e+00  
 3.721e+00  
 5.099e+00  
 7.355e+00  
 1.071e+01  
 1.544e+01  
 2.186e+01  
 3.031e+01  
 4.112e+01  
 5.456e+01  
 7.083e+01  
 8.998e+01  
 1.119e+02  
 1.364e+02  
 1.629e+02  
 1.909e+02  

 3.066e+00  
 3.066e+00  
 3.721e+00  
 5.099e+00  
 7.355e+00  
 1.071e+01  
 1.544e+01  
 2.186e+01  
 3.031e+01  
 4.112e+01  
 5.456e+01  
 7.083e+01  
 8.998e+01  
 1.119e+02  
 1.364e+02  
 1.629e+02  
 1.909e+02  

 3.066e+00  
 3.066e+00  
 3.721e+00  
 5.099e+00  
 7.355e+00  
 1.071e+01  
 1.544e+01  
 2.186e+01  
 3.031e+01  
 4.112e+01  
 5.456e+01  
 7.083e+01  
 8.998e+01  
 1.119e+02  
 1.364e+02  
 1.629e+02  
 1.909e+02  

 3.066e+00  
 3.066e+00  
 3.721e+00  
 5.099e+00  
 7.355e+00  
 1.071e+01  
 1.544e+01  
 2.186e+01  
 3.031e+01  
 4.112e+01  
 5.456e+01  
 7.083e+01  
 8.998e+01  
 1.119e+02  
 1.364e+02  
 1.629e+02  
 1.909e+02  

 3.066e+00  
 3.066e+00  
 3.721e+00  
 5.099e+00  
 7.355e+00  
 1.071e+01  
 1.544e+01  
 2.186e+01  
 3.031e+01  
 4.112e+01  
 5.456e+01  
 7.083e+01  
 8.998e+01  
 1.119e+02  
 1.364e+02  
 1.629e+02  
 1.909e+02  

 3.066e+00  
 3.066e+00  
 3.721e+00  
 5.099e+00  
 7.355e+00  
 1.071e+01  
 1.544e+01  
 2.186e+01  
 3.031e+01  
 4.112e+01  
 5.456e+01  
 7.083e+01  
 8.998e+01  
 1.119e+02  
 1.364e+02  
 1.629e+02  
 1.909e+02  

 3.066e+00  
 3.066e+00  
 3.721e+00  
 5.099e+00  
 7.355e+00  
 1.071e+01  
 1.544e+01  
 2.186e+01  
 3.031e+01  
 4.112e+01  
 5.456e+01  
 7.083e+01  
 8.998e+01  
 1.119e+02  
 1.364e+02  
 1.629e+02  
 1.909e+02  

 3.066e+00  
 3.066e+00  
 3.721e+00  
 5.099e+00  
 7.355e+00  
 1.071e+01  
 1.544e+01  
 2.186e+01  
 3.031e+01  
 4.112e+01  
 5.456e+01  
 7.083e+01  
 8.998e+01  
 1.119e+02  
 1.364e+02  
 1.629e+02  
 1.909e+02  

 3.066e+00  
 3.066e+00  
 3.721e+00  
 5.099e+00  
 7.355e+00  
 1.071e+01  
 1.544e+01  
 2.186e+01  
 3.031e+01  
 4.112e+01  
 5.456e+01  
 7.083e+01  
 8.998e+01  
 1.119e+02  
 1.364e+02  
 1.629e+02  
 1.909e+02  

 3.066e+00  
 3.066e+00  
 3.721e+00  
 5.099e+00  
 7.355e+00  
 1.071e+01  
 1.544e+01  
 2.186e+01  
 3.031e+01  
 4.112e+01  
 5.456e+01  
 7.083e+01  
 8.998e+01  
 1.119e+02  
 1.364e+02  
 1.629e+02  
 1.909e+02  

 3.066e+00  
 3.066e+00  
 3.721e+00  
 5.099e+00  
 7.355e+00  
 1.071e+01  
 1.544e+01  
 2.186e+01  
 3.031e+01  
 4.112e+01  
 5.456e+01  
 7.083e+01  
 8.998e+01  
 1.119e+02  
 1.364e+02  
 1.629e+02  
 1.909e+02  

 3.066e+00  
 3.066e+00  
 3.721e+00  
 5.099e+00  
 7.355e+00  
 1.071e+01  
 1.544e+01  
 2.186e+01  
 3.031e+01  
 4.112e+01  
 5.456e+01  
 7.083e+01  
 8.998e+01  
 1.119e+02  
 1.364e+02  
 1.629e+02  
 1.909e+02  

 3.066e+00  
 3.066e+00  
 3.721e+00  
 5.099e+00  
 7.355e+00  
 1.071e+01  
 1.544e+01  
 2.186e+01  
 3.031e+01  
 4.112e+01  
 5.456e+01  
 7.083e+01  
 8.998e+01  
 1.119e+02  
 1.364e+02  
 1.629e+02  
 1.909e+02  

 3.066e+00  
 3.066e+00  
 3.721e+00  
 5.099e+00  
 7.355e+00  
 1.071e+01  
 1.544e+01  
 2.186e+01  
 3.031e+01  
 4.112e+01  
 5.456e+01  
 7.083e+01  
 8.998e+01  
 1.119e+02  
 1.364e+02  
 1.629e+02  
 1.909e+02  

 3.066e+00  
 3.066e+00  
 3.721e+00  
 5.099e+00  
 7.355e+00  
 1.071e+01  
 1.544e+01  
 2.186e+01  
 3.031e+01  
 4.112e+01  
 5.456e+01  
 7.083e+01  
 8.998e+01  
 1.119e+02  
 1.364e+02  
 1.629e+02  
 1.909e+02  

 3.066e+00  
 3.066e+00  
 3.721e+00  
 5.099e+00  
 7.355e+00  
 1.071e+01  
 1.544e+01  
 2.186e+01  
 3.031e+01  
 4.112e+01  
 5.456e+01  
 7.083e+01  
 8.998e+01  
 1.119e+02  
 1.364e+02  
 1.629e+02  
 1.909e+02  

 3.066e+00  
 3.066e+00  
 3.721e+00  
 5.099e+00  
 7.355e+00  
 1.071e+01  
 1.544e+01  
 2.186e+01  
 3.031e+01  
 4.112e+01  
 5.456e+01  
 7.083e+01  
 8.998e+01  
 1.119e+02  
 1.364e+02  
 1.629e+02  
 1.909e+02  

 3.066e+00  
 3.066e+00  
 3.721e+00  
 5.099e+00  
 7.355e+00  
 1.071e+01  
 1.544e+01  
 2.186e+01  
 3.031e+01  
 4.112e+01  
 5.456e+01  
 7.083e+01  
 8.998e+01  
 1.119e+02  
 1.364e+02  
 1.629e+02  
 1.909e+02  

 3.066e+00  
 3.066e+00  
 3.721e+00  
 5.099e+00  
 7.355e+00  
 1.071e+01  
 1.544e+01  
 2.186e+01  
 3.031e+01  
 4.112e+01  
 5.456e+01  
 7.083e+01  
 8.998e+01  
 1.119e+02  
 1.364e+02  
 1.629e+02  
 1.909e+02  

 3.066e+00  
 3.066e+00  
 3.721e+00  
 5.099e+00  
 7.355e+00  
 1.071e+01  
 1.544e+01  
 2.186e+01  
 3.031e+01  
 4.112e+01  
 5.456e+01  
 7.083e+01  
 8.998e+01  
 1.119e+02  
 1.364e+02  
 1.629e+02  
 1.909e+02  

 3.066e+00  
 3.066e+00  
 3.721e+00  
 5.099e+00  
 7.355e+00  
 1.071e+01  
 1.544e+01  
 2.186e+01  
 3.031e+01  
 4.112e+01  
 5.456e+01  
 7.083e+01  
 8.998e+01  
 1.119e+02  
 1.364e+02  
 1.629e+02  
 1.909e+02  

 3.066e+00  
 3.066e+00  
 3.721e+00  
 5.099e+00  
 7.355e+00  
 1.071e+01  
 1.544e+01  
 2.186e+01  
 3.031e+01  
 4.112e+01  
 5.456e+01  
 7.083e+01  
 8.998e+01  
 1.119e+02  
 1.364e+02  
 1.629e+02  
 1.909e+02  

 3.066e+00  
 3.066e+00  
 3.721e+00  
 5.099e+00  
 7.355e+00  
 1.071e+01  
 1.544e+01  
 2.186e+01  
 3.031e+01  
 4.112e+01  
 5.456e+01  
 7.083e+01  
 8.998e+01  
 1.119e+02  
 1.364e+02  
 1.629e+02  
 1.909e+02  

 3.066e+00  
 3.066e+00  
 3.721e+00  
 5.099e+00  
 7.355e+00  
 1.071e+01  
 1.544e+01  
 2.186e+01  
 3.031e+01  
 4.112e+01  
 5.456e+01  
 7.083e+01  
 8.998e+01  
 1.119e+02  
 1.364e+02  
 1.629e+02  
 1.909e+02  

 3.066e+00  
 3.066e+00  
 3.721e+00  
 5.099e+00  
 7.355e+00  
 1.071e+01  
 1.544e+01  
 2.186e+01  
 3.031e+01  
 4.112e+01  
 5.456e+01  
 7.083e+01  
 8.998e+01  
 1.119e+02  
 1.364e+02  
 1.629e+02  
 1.909e+02  

 3.066e+00  
 3.066e+00  
 3.721e+00  
 5.099e+00  
 7.355e+00  
 1.071e+01  
 1.544e+01  
 2.186e+01  
 3.031e+01  
 4.112e+01  
 5.456e+01  
 7.083e+01  
 8.998e+01  
 1.119e+02  
 1.364e+02  
 1.629e+02  
 1.909e+02  

 3.066e+00  
 3.066e+00  
 3.721e+00  
 5.099e+00  
 7.355e+00  
 1.071e+01  
 1.544e+01  
 2.186e+01  
 3.031e+01  
 4.112e+01  
 5.456e+01  
 7.083e+01  
 8.998e+01  
 1.119e+02  
 1.364e+02  
 1.629e+02  
 1.909e+02  

 3.066e+00  
 3.066e+00  
 3.721e+00  
 5.099e+00  
 7.355e+00  
 1.071e+01  
 1.544e+01  
 2.186e+01  
 3.031e+01  
 4.112e+01  
 5.456e+01  
 7.083e+01  
 8.998e+01  
 1.119e+02  
 1.364e+02  
 1.629e+02  
 1.909e+02  

 3.066e+00  
 3.066e+00  
 3.721e+00  
 5.099e+00  
 7.355e+00  
 1.071e+01  
 1.544e+01  
 2.186e+01  
 3.031e+01  
 4.112e+01  
 5.456e+01  
 7.083e+01  
 8.998e+01  
 1.119e+02  
 1.364e+02  
 1.629e+02  
 1.909e+02  

 3.066e+00  
 3.066e+00  
 3.721e+00  
 5.099e+00  
 7.355e+00  
 1.071e+01  
 1.544e+01  
 2.186e+01  
 3.031e+01  
 4.112e+01  
 5.456e+01  
 7.083e+01  
 8.998e+01  
 1.119e+02  
 1.364e+02  
 1.629e+02  
 1.909e+02  

 3.066e+00  
 3.066e+00  
 3.721e+00  
 5.099e+00  
 7.355e+00  
 1.071e+01  
 1.544e+01  
 2.186e+01  
 3.031e+01  
 4.112e+01  
 5.456e+01  
 7.083e+01  
 8.998e+01  
 1.119e+02  
 1.364e+02  
 1.629e+02  
 1.909e+02  

 3.066e+00  
 3.066e+00  
 3.721e+00  
 5.099e+00  
 7.355e+00  
 1.071e+01  
 1.544e+01  
 2.186e+01  
 3.031e+01  
 4.112e+01  
 5.456e+01  
 7.083e+01  
 8.998e+01  
 1.119e+02  
 1.364e+02  
 1.629e+02  
 1.909e+02  

 3.066e+00  
 3.066e+00  
 3.721e+00  
 5.099e+00  
 7.355e+00  
 1.071e+01  
 1.544e+01  
 2.186e+01  
 3.031e+01  
 4.112e+01  
 5.456e+01  
 7.083e+01  
 8.998e+01  
 1.119e+02  
 1.364e+02  
 1.629e+02  
 1.909e+02  

 3.066e+00  
 3.066e+00  
 3.721e+00  
 5.099e+00  
 7.355e+00  
 1.071e+01  
 1.544e+01  
 2.186e+01  
 3.031e+01  
 4.112e+01  
 5.456e+01  
 7.083e+01  
 8.998e+01  
 1.119e+02  
 1.364e+02  
 1.629e+02  
 1.909e+02  

 3.066e+00  
 3.066e+00  
 3.721e+00  
 5.099e+00  
 7.355e+00  
 1.071e+01  
 1.544e+01  
 2.186e+01  
 3.031e+01  
 4.112e+01  
 5.456e+01  
 7.083e+01  
 8.998e+01  
 1.119e+02  
 1.364e+02  
 1.629e+02  
 1.909e+02  

 3.066e+00  
 3.066e+00  
 3.721e+00  
 5.099e+00  
 7.355e+00  
 1.071e+01  
 1.544e+01  
 2.186e+01  
 3.031e+01  
 4.112e+01  
 5.456e+01  
 7.083e+01  
 8.998e+01  
 1.119e+02  
 1.364e+02  
 1.629e+02  
 1.909e+02  

 3.066e+00  
 3.066e+00  
 3.721e+00  
 5.099e+00  
 7.355e+00  
 1.071e+01  
 1.544e+01  
 2.186e+01  
 3.031e+01  
 4.112e+01  
 5.456e+01  
 7.083e+01  
 8.998e+01  
 1.119e+02  
 1.364e+02  
 1.629e+02  
 1.909e+02  

 3.066e+00  
 3.066e+00  
 3.721e+00  
 5.099e+00  
 7.355e+00  
 1.071e+01  
 1.544e+01  
 2.186e+01  
 3.031e+01  
 4.112e+01  
 5.456e+01  
 7.083e+01  
 8.998e+01  
 1.119e+02  
 1.364e+02  
 1.629e+02  
 1.909e+02  

 3.066e+00  
 3.066e+00  
 3.721e+00  
 5.099e+00  
 7.355e+00  
 1.071e+01  
 1.544e+01  
 2.186e+01  
 3.031e+01  
 4.112e+01  
 5.456e+01  
 7.083e+01  
 8.998e+01  
 1.119e+02  
 1.364e+02  
 1.629e+02  
 1.909e+02  

 3.066e+00  
 3.066e+00  
 3.721e+00  
 5.099e+00  
 7.355e+00  
 1.071e+01  
 1.544e+01  
 2.186e+01  
 3.031e+01  
 4.112e+01  
 5.456e+01  
 7.083e+01  
 8.998e+01  
 1.119e+02  
 1.364e+02  
 1.629e+02  
 1.909e+02  

 3.066e+00  
 3.066e+00  
 3.721e+00  
 5.099e+00  
 7.355e+00  
 1.071e+01  
 1.544e+01  
 2.186e+01  
 3.031e+01  
 4.112e+01  
 5.456e+01  
 7.083e+01  
 8.998e+01  
 1.119e+02  
 1.364e+02  
 1.629e+02  
 1.909e+02  

 3.066e+00  
 3.066e+00  
 3.721e+00  
 5.099e+00  
 7.355e+00  
 1.071e+01  
 1.544e+01  
 2.186e+01  
 3.031e+01  
 4.112e+01  
 5.456e+01  
 7.083e+01  
 8.998e+01  
 1.119e+02  
 1.364e+02  
 1.629e+02  
 1.909e+02  

 3.066e+00  
 3.066e+00  
 3.721e+00  
 5.099e+00  
 7.355e+00  
 1.071e+01  
 1.544e+01  
 2.186e+01  
 3.031e+01  
 4.112e+01  
 5.456e+01  
 7.083e+01  
 8.998e+01  
 1.119e+02  
 1.364e+02  
 1.629e+02  
 1.909e+02  

 3.066e+00  
 3.066e+00  
 3.721e+00  
 5.099e+00  
 7.355e+00  
 1.071e+01  
 1.544e+01  
 2.186e+01  
 3.031e+01  
 4.112e+01  
 5.456e+01  
 7.083e+01  
 8.998e+01  
 1.119e+02  
 1.364e+02  
 1.629e+02  
 1.909e+02  

 3.066e+00  
 3.066e+00  
 3.721e+00  
 5.099e+00  
 7.355e+00  
 1.071e+01  
 1.544e+01  
 2.186e+01  
 3.031e+01  
 4.112e+01  
 5.456e+01  
 7.083e+01  
 8.998e+01  
 1.119e+02  
 1.364e+02  
 1.629e+02  
 1.909e+02  

 3.066e+00  
 3.066e+00  
 3.721e+00  
 5.099e+00  
 7.355e+00  
 1.071e+01  
 1.544e+01  
 2.186e+01  
 3.031e+01  
 4.112e+01  
 5.456e+01  
 7.083e+01  
 8.998e+01  
 1.119e+02  
 1.364e+02  
 1.629e+02  
 1.909e+02  

 3.066e+00  
 3.066e+00  
 3.721e+00  
 5.099e+00  
 7.355e+00  
 1.071e+01  
 1.544e+01  
 2.186e+01  
 3.031e+01  
 4.112e+01  
 5.456e+01  
 7.083e+01  
 8.998e+01  
 1.119e+02  
 1.364e+02  
 1.629e+02  
 1.909e+02  

 3.066e+00  
 3.066e+00  
 3.721e+00  
 5.099e+00  
 7.355e+00  
 1.071e+01  
 1.544e+01  
 2.186e+01  
 3.031e+01  
 4.112e+01  
 5.456e+01  
 7.083e+01  
 8.998e+01  
 1.119e+02  
 1.364e+02  
 1.629e+02  
 1.909e+02  

 3.066e+00  
 3.066e+00  
 3.721e+00  
 5.099e+00  
 7.355e+00  
 1.071e+01  
 1.544e+01  
 2.186e+01  
 3.031e+01  
 4.112e+01  
 5.456e+01  
 7.083e+01  
 8.998e+01  
 1.119e+02  
 1.364e+02  
 1.629e+02  
 1.909e+02  

 3.066e+00  
 3.066e+00  
 3.721e+00  
 5.099e+00  
 7.355e+00  
 1.071e+01  
 1.544e+01  
 2.186e+01  
 3.031e+01  
 4.112e+01  
 5.456e+01  
 7.083e+01  
 8.998e+01  
 1.119e+02  
 1.364e+02  
 1.629e+02  
 1.909e+02  

 3.066e+00  
 3.066e+00  
 3.721e+00  
 5.099e+00  
 7.355e+00  
 1.071e+01  
 1.544e+01  
 2.186e+01  
 3.031e+01  
 4.112e+01  
 5.456e+01  
 7.083e+01  
 8.998e+01  
 1.119e+02  
 1.364e+02  
 1.629e+02  
 1.909e+02  

 3.066e+00  
 3.066e+00  
 3.721e+00  
 5.099e+00  
 7.355e+00  
 1.071e+01  
 1.544e+01  
 2.186e+01  
 3.031e+01  
 4.112e+01  
 5.456e+01  
 7.083e+01  
 8.998e+01  
 1.119e+02  
 1.364e+02  
 1.629e+02  
 1.909e+02  

 3.066e+00  
 3.066e+00  
 3.721e+00  
 5.099e+00  
 7.355e+00  
 1.071e+01  
 1.544e+01  
 2.186e+01  
 3.031e+01  
 4.112e+01  
 5.456e+01  
 7.083e+01  
 8.998e+01  
 1.119e+02  
 1.364e+02  
 1.629e+02  
 1.909e+02  

 3.066e+00  
 3.066e+00  
 3.721e+00  
 5.099e+00  
 7.355e+00  
 1.071e+01  
 1.544e+01  
 2.186e+01  
 3.031e+01  
 4.112e+01  
 5.456e+01  
 7.083e+01  
 8.998e+01  
 1.119e+02  
 1.364e+02  
 1.629e+02  
 1.909e+02  

 3.066e+00  
 3.066e+00  
 3.721e+00  
 5.099e+00  
 7.355e+00  
 1.071e+01  
 1.544e+01  
 2.186e+01  
 3.031e+01  
 4.112e+01  
 5.456e+01  
 7.083e+01  
 8.998e+01  
 1.119e+02  
 1.364e+02  
 1.629e+02  
 1.909e+02  

 3.066e+00  
 3.066e+00  
 3.721e+00  
 5.099e+00  
 7.355e+00  
 1.071e+01  
 1.544e+01  
 2.186e+01  
 3.031e+01  
 4.112e+01  
 5.456e+01  
 7.083e+01  
 8.998e+01  
 1.119e+02  
 1.364e+02  
 1.629e+02  
 1.909e+02  

 3.066e+00  
 3.066e+00  
 3.721e+00  
 5.099e+00  
 7.355e+00  
 1.071e+01  
 1.544e+01  
 2.186e+01  
 3.031e+01  
 4.112e+01  
 5.456e+01  
 7.083e+01  
 8.998e+01  
 1.119e+02  
 1.364e+02  
 1.629e+02  
 1.909e+02  

 3.066e+00  
 3.066e+00  
 3.721e+00  
 5.099e+00  
 7.355e+00  
 1.071e+01  
 1.544e+01  
 2.186e+01  
 3.031e+01  
 4.112e+01  
 5.456e+01  
 7.083e+01  
 8.998e+01  
 1.119e+02  
 1.364e+02  
 1.629e+02  
 1.909e+02  

 3.066e+00  
 3.066e+00  
 3.721e+00  
 5.099e+00  
 7.355e+00  
 1.071e+01  
 1.544e+01  
 2.186e+01  
 3.031e+01  
 4.112e+01  
 5.456e+01  
 7.083e+01  
 8.998e+01  
 1.119e+02  
 1.364e+02  
 1.629e+02  
 1.909e+02  

 3.066e+00  
 3.066e+00  
 3.721e+00  
 5.099e+00  
 7.355e+00  
 1.071e+01  
 1.544e+01  
 2.186e+01  
 3.031e+01  
 4.112e+01  
 5.456e+01  
 7.083e+01  
 8.998e+01  
 1.119e+02  
 1.364e+02  
 1.629e+02  
 1.909e+02  

 3.066e+00  
 3.066e+00  
 3.721e+00  
 5.099e+00  
 7.355e+00  
 1.071e+01  
 1.544e+01  
 2.186e+01  
 3.031e+01  
 4.112e+01  
 5.456e+01  
 7.083e+01  
 8.998e+01  
 1.119e+02  
 1.364e+02  
 1.629e+02  
 1.909e+02  

 3.066e+00  
 3.066e+00  
 3.721e+00  
 5.099e+00  
 7.355e+00  
 1.071e+01  
 1.544e+01  
 2.186e+01  
 3.031e+01  
 4.112e+01  
 5.456e+01  
 7.083e+01  
 8.998e+01  
 1.119e+02  
 1.364e+02  
 1.629e+02  
 1.909e+02  

 3.066e+00  
 3.066e+00  
 3.721e+00  
 5.099e+00  
 7.355e+00  
 1.071e+01  
 1.544e+01  
 2.186e+01  
 3.031e+01  
 4.112e+01  
 5.456e+01  
 7.083e+01  
 8.998e+01  
 1.119e+02  
 1.364e+02  
 1.629e+02  
 1.909e+02  

 3.066e+00  
 3.066e+00  
 3.721e+00  
 5.099e+00  
 7.355e+00  
 1.071e+01  
 1.544e+01  
 2.186e+01  
 3.031e+01  
 4.112e+01  
 5.456e+01  
 7.083e+01  
 8.998e+01  
 1.119e+02  
 1.364e+02  
 1.629e+02  
 1.909e+02  

 3.066e+00  
 3.066e+00  
 3.721e+00  
 5.099e+00  
 7.355e+00  
 1.071e+01  
 1.544e+01  
 2.186e+01  
 3.031e+01  
 4.112e+01  
 5.456e+01  
 7.083e+01  
 8.998e+01  
 1.119e+02  
 1.364e+02  
 1.629e+02  
 1.909e+02  

 3.066e+00  
 3.066e+00  
 3.721e+00  
 5.099e+00  
 7.355e+00  
 1.071e+01  
 1.544e+01  
 2.186e+01  
 3.031e+01  
 4.112e+01  
 5.456e+01  
 7.083e+01  
 8.998e+01  
 1.119e+02  
 1.364e+02  
 1.629e+02  
 1.909e+02  

 3.066e+00  
 3.066e+00  
 3.721e+00  
 5.099e+00  
 7.355e+00  
 1.071e+01  
 1.544e+01  
 2.186e+01  
 3.031e+01  
 4.112e+01  
 5.456e+01  
 7.083e+01  
 8.998e+01  
 1.119e+02  
 1.364e+02  
 1.629e+02  
 1.909e+02  

 3.066e+00  
 3.066e+00  
 3.721e+00  
 5.099e+00  
 7.355e+00  
 1.071e+01  
 1.544e+01  
 2.186e+01  
 3.031e+01  
 4.112e+01  
 5.456e+01  
 7.083e+01  
 8.998e+01  
 1.119e+02  
 1.364e+02  
 1.629e+02  
 1.909e+02  

 3.066e+00  
 3.066e+00  
 3.721e+00  
 5.099e+00  
 7.355e+00  
 1.071e+01  
 1.544e+01  
 2.186e+01  
 3.031e+01  
 4.112e+01  
 5.456e+01  
 7.083e+01  
 8.998e+01  
 1.119e+02  
 1.364e+02  
 1.629e+02  
 1.909e+02  

 3.066e+00  
 3.066e+00  
 3.721e+00  
 5.099e+00  
 7.355e+00  
 1.071e+01  
 1.544e+01  
 2.186e+01  
 3.031e+01  
 4.112e+01  
 5.456e+01  
 7.083e+01  
 8.998e+01  
 1.119e+02  
 1.364e+02  
 1.629e+02  
 1.909e+02  

 3.066e+00  
 3.066e+00  
 3.721e+00  
 5.099e+00  
 7.355e+00  
 1.071e+01  
 1.544e+01  
 2.186e+01  
 3.031e+01  
 4.112e+01  
 5.456e+01  
 7.083e+01  
 8.998e+01  
 1.119e+02  
 1.364e+02  
 1.629e+02  
 1.909e+02  

 3.066e+00  
 3.066e+00  
 3.721e+00  
 5.099e+00  
 7.355e+00  
 1.071e+01  
 1.544e+01  
 2.186e+01  
 3.031e+01  
 4.112e+01  
 5.456e+01  
 7.083e+01  
 8.998e+01  
 1.119e+02  
 1.364e+02  
 1.629e+02  
 1.909e+02  

 3.066e+00  
 3.066e+00  
 3.721e+00  
 5.099e+00  
 7.355e+00  
 1.071e+01  
 1.544e+01  
 2.186e+01  
 3.031e+01  
 4.112e+01  
 5.456e+01  
 7.083e+01  
 8.998e+01  
 1.119e+02  
 1.364e+02  
 1.629e+02  
 1.909e+02  

 3.066e+00  
 3.066e+00  
 3.721e+00  
 5.099e+00  
 7.355e+00  
 1.071e+01  
 1.544e+01  
 2.186e+01  
 3.031e+01  
 4.112e+01  
 5.456e+01  
 7.083e+01  
 8.998e+01  
 1.119e+02  
 1.364e+02  
 1.629e+02  
 1.909e+02  

 3.066e+00  
 3.066e+00  
 3.721e+00  
 5.099e+00  
 7.355e+00  
 1.071e+01  
 1.544e+01  
 2.186e+01  
 3.031e+01  
 4.112e+01  
 5.456e+01  
 7.083e+01  
 8.998e+01  
 1.119e+02  
 1.364e+02  
 1.629e+02  
 1.909e+02  

 3.066e+00  
 3.066e+00  
 3.721e+00  
 5.099e+00  
 7.355e+00  
 1.071e+01  
 1.544e+01  
 2.186e+01  
 3.031e+01  
 4.112e+01  
 5.456e+01  
 7.083e+01  
 8.998e+01  
 1.119e+02  
 1.364e+02  
 1.629e+02  
 1.909e+02  

 3.066e+00  
 3.066e+00  
 3.721e+00  
 5.099e+00  
 7.355e+00  
 1.071e+01  
 1.544e+01  
 2.186e+01  
 3.031e+01  
 4.112e+01  
 5.456e+01  
 7.083e+01  
 8.998e+01  
 1.119e+02  
 1.364e+02  
 1.629e+02  
 1.909e+02  

 3.066e+00  
 3.066e+00  
 3.721e+00  
 5.099e+00  
 7.355e+00  
 1.071e+01  
 1.544e+01  
 2.186e+01  
 3.031e+01  
 4.112e+01  
 5.456e+01  
 7.083e+01  
 8.998e+01  
 1.119e+02  
 1.364e+02  
 1.629e+02  
 1.909e+02  

 3.066e+00  
 3.066e+00  
 3.721e+00  
 5.099e+00  
 7.355e+00  
 1.071e+01  
 1.544e+01  
 2.186e+01  
 3.031e+01  
 4.112e+01  
 5.456e+01  
 7.083e+01  
 8.998e+01  
 1.119e+02  
 1.364e+02  
 1.629e+02  
 1.909e+02  

 3.066e+00  
 3.066e+00  
 3.721e+00  
 5.099e+00  
 7.355e+00  
 1.071e+01  
 1.544e+01  
 2.186e+01  
 3.031e+01  
 4.112e+01  
 5.456e+01  
 7.083e+01  
 8.998e+01  
 1.119e+02  
 1.364e+02  
 1.629e+02  
 1.909e+02  

 3.066e+00  
 3.066e+00  
 3.721e+00  
 5.099e+00  
 7.355e+00  
 1.071e+01  
 1.544e+01  
 2.186e+01  
 3.031e+01  
 4.112e+01  
 5.456e+01  
 7.083e+01  
 8.998e+01  
 1.119e+02  
 1.364e+02  
 1.629e+02  
 1.909e+02  

 3.066e+00  
 3.066e+00  
 3.721e+00  
 5.099e+00  
 7.355e+00  
 1.071e+01  
 1.544e+01  
 2.186e+01  
 3.031e+01  
 4.112e+01  
 5.456e+01  
 7.083e+01  
 8.998e+01  
 1.119e+02  
 1.364e+02  
 1.629e+02  
 1.909e+02  

 3.066e+00  
 3.066e+00  
 3.721e+00  
 5.099e+00  
 7.355e+00  
 1.071e+01  
 1.544e+01  
 2.186e+01  
 3.031e+01  
 4.112e+01  
 5.456e+01  
 7.083e+01  
 8.998e+01  
 1.119e+02  
 1.364e+02  
 1.629e+02  
 1.909e+02  

 3.066e+00  
 3.066e+00  
 3.721e+00  
 5.099e+00  
 7.355e+00  
 1.071e+01  
 1.544e+01  
 2.186e+01  
 3.031e+01  
 4.112e+01  
 5.456e+01  
 7.083e+01  
 8.998e+01  
 1.119e+02  
 1.364e+02  
 1.629e+02  
 1.909e+02  

 3.066e+00  
 3.066e+00  
 3.721e+00  
 5.099e+00  
 7.355e+00  
 1.071e+01  
 1.544e+01  
 2.186e+01  
 3.031e+01  
 4.112e+01  
 5.456e+01  
 7.083e+01  
 8.998e+01  
 1.119e+02  
 1.364e+02  
 1.629e+02  
 1.909e+02  

 3.066e+00  
 3.066e+00  
 3.721e+00  
 5.099e+00  
 7.355e+00  
 1.071e+01  
 1.544e+01  
 2.186e+01  
 3.031e+01  
 4.112e+01  
 5.456e+01  
 7.083e+01  
 8.998e+01  
 1.119e+02  
 1.364e+02  
 1.629e+02  
 1.909e+02  

 3.066e+00  
 3.066e+00  
 3.721e+00  
 5.099e+00  
 7.355e+00  
 1.071e+01  
 1.544e+01  
 2.186e+01  
 3.031e+01  
 4.112e+01  
 5.456e+01  
 7.083e+01  
 8.998e+01  
 1.119e+02  
 1.364e+02  
 1.629e+02  
 1.909e+02  

 3.066e+00  
 3.066e+00  
 3.721e+00  
 5.099e+00  
 7.355e+00  
 1.071e+01  
 1.544e+01  
 2.186e+01  
 3.031e+01  
 4.112e+01  
 5.456e+01  
 7.083e+01  
 8.998e+01  
 1.119e+02  
 1.364e+02  
 1.629e+02  
 1.909e+02  

 3.066e+00  
 3.066e+00  
 3.721e+00  
 5.099e+00  
 7.355e+00  
 1.071e+01  
 1.544e+01  
 2.186e+01  
 3.031e+01  
 4.112e+01  
 5.456e+01  
 7.083e+01  
 8.998e+01  
 1.119e+02  
 1.364e+02  
 1.629e+02  
 1.909e+02  

 3.066e+00  
 3.066e+00  
 3.721e+00  
 5.099e+00  
 7.355e+00  
 1.071e+01  
 1.544e+01  
 2.186e+01  
 3.031e+01  
 4.112e+01  
 5.456e+01  
 7.083e+01  
 8.998e+01  
 1.119e+02  
 1.364e+02  
 1.629e+02  
 1.909e+02  

 3.066e+00  
 3.066e+00  
 3.721e+00  
 5.099e+00  
 7.355e+00  
 1.071e+01  
 1.544e+01  
 2.186e+01  
 3.031e+01  
 4.112e+01  
 5.456e+01  
 7.083e+01  
 8.998e+01  
 1.119e+02  
 1.364e+02  
 1.629e+02  
 1.909e+02  

 3.066e+00  
 3.066e+00  
 3.721e+00  
 5.099e+00  
 7.355e+00  
 1.071e+01  
 1.544e+01  
 2.186e+01  
 3.031e+01  
 4.112e+01  
 5.456e+01  
 7.083e+01  
 8.998e+01  
 1.119e+02  
 1.364e+02  
 1.629e+02  
 1.909e+02  

 3.066e+00  
 3.066e+00  
 3.721e+00  
 5.099e+00  
 7.355e+00  
 1.071e+01  
 1.544e+01  
 2.186e+01  
 3.031e+01  
 4.112e+01  
 5.456e+01  
 7.083e+01  
 8.998e+01  
 1.119e+02  
 1.364e+02  
 1.629e+02  
 1.909e+02  

 3.066e+00  
 3.066e+00  
 3.721e+00  
 5.099e+00  
 7.355e+00  
 1.071e+01  
 1.544e+01  
 2.186e+01  
 3.031e+01  
 4.112e+01  
 5.456e+01  
 7.083e+01  
 8.998e+01  
 1.119e+02  
 1.364e+02  
 1.629e+02  
 1.909e+02  

 3.066e+00  
 3.066e+00  
 3.721e+00  
 5.099e+00  
 7.355e+00  
 1.071e+01  
 1.544e+01  
 2.186e+01  
 3.031e+01  
 4.112e+01  
 5.456e+01  
 7.083e+01  
 8.998e+01  
 1.119e+02  
 1.364e+02  
 1.629e+02  
 1.909e+02  

 3.066e+00  
 3.066e+00  
 3.721e+00  
 5.099e+00  
 7.355e+00  
 1.071e+01  
 1.544e+01  
 2.186e+01  
 3.031e+01  
 4.112e+01  
 5.456e+01  
 7.083e+01  
 8.998e+01  
 1.119e+02  
 1.364e+02  
 1.629e+02  
 1.909e+02  

 3.066e+00  
 3.066e+00  
 3.721e+00  
 5.099e+00  
 7.355e+00  
 1.071e+01  
 1.544e+01  
 2.186e+01  
 3.031e+01  
 4.112e+01  
 5.456e+01  
 7.083e+01  
 8.998e+01  
 1.119e+02  
 1.364e+02  
 1.629e+02  
 1.909e+02  

 3.065e+00  
 3.065e+00  
 3.721e+00  
 5.099e+00  
 7.355e+00  
 1.071e+01  
 1.544e+01  
 2.186e+01  
 3.031e+01  
 4.112e+01  
 5.456e+01  
 7.083e+01  
 8.998e+01  
 1.119e+02  
 1.364e+02  
 1.629e+02  
 1.909e+02  

 3.065e+00  
 3.065e+00  
 3.720e+00  
 5.099e+00  
 7.354e+00  
 1.071e+01  
 1.544e+01  
 2.186e+01  
 3.031e+01  
 4.112e+01  
 5.456e+01  
 7.083e+01  
 8.998e+01  
 1.119e+02  
 1.364e+02  
 1.629e+02  
 1.909e+02  

 3.064e+00  
 3.064e+00  
 3.720e+00  
 5.098e+00  
 7.354e+00  
 1.071e+01  
 1.543e+01  
 2.186e+01  
 3.031e+01  
 4.111e+01  
 5.456e+01  
 7.083e+01  
 8.998e+01  
 1.119e+02  
 1.364e+02  
 1.629e+02  
 1.909e+02  

 3.063e+00  
 3.063e+00  
 3.718e+00  
 5.097e+00  
 7.353e+00  
 1.071e+01  
 1.543e+01  
 2.185e+01  
 3.031e+01  
 4.111e+01  
 5.456e+01  
 7.083e+01  
 8.998e+01  
 1.119e+02  
 1.364e+02  
 1.629e+02  
 1.909e+02  

 3.061e+00  
 3.061e+00  
 3.717e+00  
 5.095e+00  
 7.352e+00  
 1.071e+01  
 1.543e+01  
 2.185e+01  
 3.031e+01  
 4.111e+01  
 5.456e+01  
 7.083e+01  
 8.998e+01  
 1.119e+02  
 1.364e+02  
 1.629e+02  
 1.909e+02  

 3.058e+00  
 3.058e+00  
 3.714e+00  
 5.093e+00  
 7.350e+00  
 1.070e+01  
 1.543e+01  
 2.185e+01  
 3.031e+01  
 4.111e+01  
 5.456e+01  
 7.083e+01  
 8.998e+01  
 1.119e+02  
 1.364e+02  
 1.629e+02  
 1.909e+02  

 3.055e+00  
 3.055e+00  
 3.710e+00  
 5.090e+00  
 7.348e+00  
 1.070e+01  
 1.543e+01  
 2.185e+01  
 3.031e+01  
 4.111e+01  
 5.456e+01  
 7.083e+01  
 8.998e+01  
 1.119e+02  
 1.364e+02  
 1.629e+02  
 1.909e+02  

 3.051e+00  
 3.051e+00  
 3.707e+00  
 5.088e+00  
 7.346e+00  
 1.070e+01  
 1.543e+01  
 2.185e+01  
 3.031e+01  
 4.111e+01  
 5.456e+01  
 7.083e+01  
 8.998e+01  
 1.119e+02  
 1.364e+02  
 1.629e+02  
 1.909e+02  
