RMRF	SMB	HML	UMD	RF	R1	R2	R3	R4	R5	R6	R7	R8	R9	R10
-6.99	2.13	2.65	-3.28	0.33	0.3	-2.41	-3.24	-4.57	-3.73	-5.24	-5.14	-5.16	-4.83	-7.61
0.99	0.71	-2.15	3.59	0.29	-1.25	0.96	1.91	1.5	1.02	0.3	1.29	1.94	1.25	1.25
-1.46	-0.65	-2.69	1.85	0.35	-1.12	-3.56	-3.08	-2.83	-2.69	-2.72	-1.92	-1.94	-0.58	-0.88
-1.7	0.32	-2.22	2.6	0.19	-3.06	-2.07	-2.07	-1.98	-2.39	-2.12	-1.27	-1.02	0.07	-1.89
3.08	1.42	-3.83	4.77	0.27	0.83	0.43	3.23	3.54	2.46	3.32	2.41	2.12	3.33	3.28
2.09	-0.24	-0.3	1.03	0.24	3.33	1.77	1.75	2.15	2.02	2.89	2.3	2.65	2.75	2.31
-2.23	-0.4	1.94	-0.8	0.13	-1.47	-1.23	-2.51	-1.56	-1.7	-1.59	-2.4	-0.77	-2.05	-2.23
2.85	0.34	0.67	2.04	0.17	5.4	3.95	2.66	4.1	2.97	4.02	2.94	2.81	3.27	2.86
-6	-0.98	1.29	0.3	0.16	-6.13	-5.25	-6.15	-6.57	-6.01	-5.63	-6.13	-4.91	-5.79	-5.86
-0.7	-3.75	2.34	1.27	0.22	-3.17	-2.36	-3.69	-1.81	-3.81	-2.05	-1.85	-1.27	-1.08	0.09
4.72	0.52	-2.96	3.65	0.13	1.97	1.23	5.04	3.91	5.99	5.99	5.19	6.17	6.39	4.26
4.68	-1.5	-0.68	1.4	0.16	2.43	2.54	4.27	2.4	3.71	3.47	4.46	5.06	4.92	5.01
6.23	0.78	3.7	-4.02	0.19	8.52	8.35	8.91	8.12	8.21	8.87	8.75	7.86	6.05	5.98
3.54	3.85	-1.04	0.92	0.14	6.27	6.28	7.77	7.29	6.74	5.68	6.33	4.95	5	2.71
2.86	3.34	-0.82	4.1	0.2	5.74	7.52	7.42	5.17	4.94	4.7	5.64	4.29	2.38	2.57
0.39	0.05	1.89	3.39	0.17	3.3	0.03	2.56	2.4	-0.72	0.45	0.99	-0.29	-0.02	0.54
2.4	2.02	0.35	-1.46	0.18	4.35	3.97	4.65	3.88	5.68	4.34	2.74	3.98	3.04	2.08
-3.04	-2.45	-0.33	0.24	0.2	-5.34	-5.73	-4.54	-4.84	-5.28	-4.23	-3.33	-3.27	-3.03	-2.43
2.81	-1.88	-0.22	0.29	0.18	-0.71	0.49	0.58	0.64	1.8	0.82	0.99	2.34	2.65	3.57
2.54	-1.81	-0.19	1.54	0.14	1.07	0.73	0.47	2.04	0.16	1.62	2.85	4.41	3.85	2.42
-2.17	-1.27	-0.34	0.76	0.17	-3.25	-3.61	-3.62	-3.29	-3.88	-1.64	-2.59	-2.64	-2.45	-1.62
2.56	-1.88	0.43	3.15	0.19	2.49	2.24	1.51	1.09	1.55	2.76	1.96	3.14	3.13	2.8
4.39	1.1	-1.06	1.14	0.15	4.53	5.85	5.68	5.67	5.16	4.59	4.64	3.51	3.82	4.87
-0.1	-1.11	2.29	-2.17	0.19	-0.67	0.79	-0.31	-0.59	-0.2	-0.56	-0.78	-2.01	-1.13	0.62
-3.86	1.92	4.93	-2.09	0.24	3.78	0.96	0.91	-0.91	-0.81	-3.39	-1.97	-2.58	-1.81	-4.46
1.75	-1.28	1.08	-1.01	0.2	2.77	1.28	1.46	1	0.51	2.1	2.1	1.29	1.12	2.33
-0.66	0.26	-1.01	2	0.2	-1.11	1.3	-0.92	-0.55	-1.38	0.14	-1.44	-0.98	-0.03	-0.47
-6.56	-1.19	0.77	2.88	0.22	-6.79	-7.3	-6.82	-7.55	-6.98	-5.45	-6.38	-6.64	-6.77	-6.18
-8.69	-3.02	2.5	0.45	0.24	-10.85	-9.42	-9.83	-9.79	-9.95	-11.2	-9.1	-9.59	-8.36	-7.8
-8.46	-0.93	3.19	6.4	0.2	-8.09	-7.04	-8.86	-6.58	-8.29	-7.48	-8.32	-9.14	-7.15	-8.46
6.28	1.54	-3.65	0.73	0.27	7.42	7.29	7.62	6.78	6.48	5.04	5.96	5.81	6.04	6.81
2.11	1.26	-1.24	-0.63	0.23	3.27	2.57	3.79	3.03	3.66	2.07	3.43	2.08	2.8	2.09
-5.23	-2.54	1.48	3.94	0.21	-5.87	-7.56	-6.98	-7.46	-7.1	-5.85	-5.15	-5.28	-5.75	-4.5
-0.04	-3.93	1.35	0.77	0.26	-3.8	-4.42	-2.52	-3.89	-2.96	-1	-1.72	-1	-0.63	1.27
10.81	2.53	0.79	-7.2	0.2	13.03	14.97	14.94	14.81	13.7	12.92	13.14	13.12	13	10.11
0.96	-3.81	0.27	5.9	0.23	-1.19	-2.68	-1.87	-2.7	-2.24	-0.53	-0.02	1.09	1.34	1.9
4.93	3.14	2.36	-2.06	0.25	10.68	11.15	9.36	8	8.34	6.14	6.39	5.67	5.06	4.63
-2.42	0.33	2.17	2.52	0.23	-0.31	0.2	-1.5	-2.17	-1.14	-1.48	-1.95	-1.38	-1.66	-2.48
3.06	-2.66	1.95	1.58	0.23	2.03	1.29	2.3	1.72	1.8	1.5	1.7	2.83	3.14	3.87
4.49	-1.36	1.03	0.14	0.25	2.86	2.75	5.43	2.97	3.77	3.83	4.14	4.77	4.54	4.97
1.77	1.01	2.64	0.37	0.24	6.36	4.45	3.54	3.64	3.61	3.6	2.46	1.95	3.04	1.62
-2.03	-0.22	0.82	1.15	0.23	-1.81	-1.05	-1.39	-1.91	-1.83	-1.47	-1.93	-1.59	-1.16	-1.99
-0.44	-0.49	-0.96	1.04	0.27	-0.22	-0.5	-1.72	-0.89	-1.18	-2.04	-1.18	-1.56	-0.33	0.33
5.02	-1.02	1.69	1.16	0.25	2.53	3.33	4.83	5.18	6.4	4.47	5.53	5.85	5.85	5.23
-1.46	-0.34	0.26	0.08	0.27	-0.15	-1.9	-1.71	-1.87	-1.9	-1.51	-2.74	-1.81	-2	-0.91
2.48	-0.58	-0.2	3.13	0.29	0.66	0.33	2.74	2.74	1.02	1.5	1.46	1.15	1.78	3.53
-0.83	-1.13	1.57	-0.74	0.27	-2.04	-2.07	-0.6	-1.78	-1.3	-1.59	-0.17	-0.35	-0.25	-0.55
1.88	-1.98	-0.06	1.68	0.29	-2.3	-0.91	0.05	0.35	2.15	0.47	1.94	1.19	1.8	2.57
2.28	-0.23	1.47	1.07	0.3	4.68	3.51	2.58	0.79	2.33	1.42	1.08	1.31	1.19	3.19
1.46	0.06	2.82	0.26	0.26	2.74	2.39	2.76	3.29	2.26	2.3	2.96	3.07	2.04	1.47
1.45	0.92	3.25	0.74	0.31	2.3	2.41	4	3.45	4.11	3.24	2.78	3.11	1.85	1.27
0.17	-1.41	-0.45	-0.61	0.29	0.02	-0.65	-0.71	-0.42	-0.98	-0.51	0.3	-0.94	-0.43	0.92
1.48	-0.95	1.74	2.62	0.26	0.74	0.23	1.87	2.73	1.42	0.88	2.08	2.15	0.97	1.76
1.21	-0.28	0.67	0.49	0.3	1.19	1.19	1.1	1.27	0.94	1.9	1.57	1.33	1.45	1.61
1.71	0.15	0.78	-0.29	0.3	3.67	2.41	3.61	1.8	1.81	2.98	2	2.15	3.33	1.68
-1.41	-0.04	0.23	-0.19	0.28	-0.52	-0.75	-0.62	-1.74	-0.67	-0.98	-0.51	0.06	-1.26	-1.31
2.77	-0.73	1.81	-0.4	0.28	5.13	3.72	2.93	3.02	2.82	3	3.69	3.8	3.14	2.78
0.6	0.46	1.01	0.15	0.29	2.63	1.96	1.06	1.31	1.48	2.62	1.21	1.76	0.78	0.63
0.02	0.59	-1.91	1.1	0.29	0.13	0.25	0.58	-1.57	0.15	0.81	0.04	0.06	0.33	0.3
0.06	-0.24	-2.54	-0.71	0.31	-1.7	-2.22	-0.98	0.15	-0.24	-0.62	-0.4	-0.26	-0.36	0.76
3.58	2.54	0.41	-1.36	0.28	8.33	6.62	6.36	6.22	5.47	5.8	5.23	5.57	4.69	3.08
0.39	3.26	0.44	0.31	0.3	3.15	2.6	3.77	4.16	4.55	3.15	2.74	2.76	2.5	-0.41
-1.33	1.77	1.09	0.1	0.36	2.26	2.32	1.13	-0.35	0.69	0.4	-0.03	-0.15	-0.6	-1.53
3.06	1.18	0.67	2.56	0.31	5.15	4.28	3.5	4.85	4.79	3.48	3.75	3.38	2.67	3.37
-0.74	0.05	-1.63	0.54	0.31	-0.05	-1.58	-1.26	-0.41	-0.56	-0.3	-0.75	-0.87	-0.48	-0.28
-5.54	-4.13	0.34	-3.16	0.35	-9.59	-10	-8.53	-8.99	-8.08	-7.92	-7.76	-7.27	-5.8	-3.98
1.37	0.85	2.21	4.08	0.31	2.64	3.43	3.45	3.53	3.18	3.52	2.72	3.69	2.29	1.1
2.76	2.87	-1.01	2.58	0.33	4.1	4.29	4.26	5.16	7.41	5.16	4.01	4.38	3.44	2.43
2.89	0.61	-0.11	3.29	0.31	3.03	2.09	2.71	4.85	3.52	3.34	2.94	3.13	2.92	3.23
2.62	2.45	1.65	3.43	0.31	8.04	6.48	5.64	5.95	5.79	4.84	3.75	4.1	3.34	2.18
-0.04	4.69	0.25	4.4	0.35	7.15	4.2	2.65	6.38	5.32	3.82	3.51	3.16	1.67	-1.23
1.02	2.03	1.99	0.12	0.33	5.15	3.63	4.45	5.51	2.17	3.19	3.01	1.63	1.76	0.66
0.83	3.85	3.59	5.38	0.38	8.49	6.78	6.41	4.95	4.22	4.29	2.49	3.54	2.77	-0.46
-1.21	4.46	0.4	4.53	0.35	5.45	3.71	3.62	2.33	2.58	2.11	1	0.27	-0.89	-1.9
-2.47	0.98	-2	1.37	0.38	0.45	-2	-3.44	-0.59	-2.73	-3.34	-2.94	-1.51	-0.64	-2.5
2.14	3.36	-0.41	6.14	0.34	6.94	4.95	8.17	4.62	3.65	3.73	3.32	2.98	2.22	1.87
-5.66	-4.55	-1.64	-4.7	0.41	-12.91	-9.11	-9.33	-10.12	-8.77	-7.6	-7.07	-6.19	-5.41	-4.01
-1.41	1.09	0.57	3.34	0.38	-0.15	0.98	0.49	0.29	-0.37	0.56	-0.94	1.08	-0.48	-1.78
-1.64	-0.32	0.88	-1.38	0.35	-1.97	-1.85	-1.21	-2.25	-0.73	-1.11	-1.45	-1.76	-0.83	-1.27
-7.95	-3.33	0.47	-2.1	0.41	-11.72	-9.54	-11.16	-10.08	-9.41	-8.74	-9.01	-8.05	-8.24	-6.71
-1.1	-1.1	0.5	-1.76	0.4	-2.24	-1.64	-1.95	-1.54	-1.15	-1.8	-0.96	-1.25	-1.46	-0.2
3.78	-6.61	2.79	-5.13	0.45	-5.36	-2.46	-0.34	-1.6	0.86	2.11	0.82	3.52	5.03	5.41
1.35	4.37	-4.53	5.68	0.4	4.08	5.47	3.32	4.72	5.61	3.23	5.57	2.68	1.89	0.91
0.22	1.81	-1.31	1.09	0.4	1.48	2.21	2.69	1.87	2.24	1.86	2.35	2.62	2.23	-0.5
8.12	8.35	1.96	-6.75	0.43	20.67	16.46	18.86	17.7	13.44	14.15	11	9	8.38	7.01
0.73	3.33	-2.25	3.55	0.36	6.52	4.99	3.04	3.06	1.98	1	1.69	0.43	0.93	0.81
3.95	1.75	0.14	1.41	0.39	6.9	6.5	6.86	6.9	5.71	5.57	5.44	5.09	4.38	3.83
3.84	0.52	-2.58	0.58	0.32	4.77	4.25	3.96	3.67	4.37	4.43	3.95	4.82	2.73	4.46
-4.26	2.05	0.82	0.64	0.33	-0.15	-0.33	-2.01	-1.33	-2.39	-0.82	-0.79	-2.21	-3.93	-5.01
2.42	5.96	0.88	6.08	0.27	12.99	11.15	7.08	8.56	5.77	5	4.62	3.61	2.15	1.43
4.6	3.07	2.6	-1.07	0.32	10.27	8.92	8.81	7.51	6.79	5.97	5.31	5.92	5.05	4.1
-0.94	0.46	1.46	-1.42	0.31	1.3	-0.27	0.65	-1.16	0.27	0.02	0.41	-0.49	-0.41	-0.87
3.11	3.03	-2.41	2.54	0.32	8.79	7.51	5.81	4.71	3.16	4.02	4.43	1.3	2.15	3.49
-3.13	1.47	-3.38	3.63	0.39	-1.07	-2.7	-3.16	-1.67	-3.58	-2.46	-3.84	-5.24	-4.9	-1.82
0.43	0.18	-1.72	1.29	0.36	-1.09	1.19	0.26	1.12	1.46	0.46	1.62	0.83	0.32	0.74
3.04	5.76	-0.45	3.22	0.33	11.56	9.8	9.51	8.29	7.06	6.16	3.73	2.7	3.11	2.32
-4.03	3.84	4.63	-4.65	0.4	5.64	0.93	0.55	-0.79	-0.86	-3.09	-2.73	-3.66	-2.64	-4.52
-3.75	-2.87	1.2	-3.4	0.39	-7.39	-5.96	-5.81	-6.04	-3.75	-4.71	-4.76	-4.16	-3.4	-2.34
0.13	-1.3	-0.54	3.17	0.38	-1.5	-0.71	-1.21	-1.19	-1.27	0.92	0.71	-0.47	-0.34	1.21
8.98	5.77	-1.18	5.12	0.43	16.99	17.12	14.73	14.77	12.34	12.95	10.5	10.52	8.97	7.87
2.25	6.35	0.85	3.76	0.45	14.65	8.58	9.51	7.03	5.6	6.05	5.01	3.78	2.64	0.96
0.72	-0.22	0.75	-1.89	0.43	1.56	-0.46	-0.03	0.76	2.31	-0.04	2.34	1.75	2.37	0.89
-2.68	-1.36	5.47	-0.9	0.48	-2.21	-3.77	-1.81	-5.08	-2.7	-4.83	-5.49	-2.43	-2.21	-1.53
1.38	2.32	1	1.88	0.42	4.7	4.24	3.84	2.72	3.99	2.74	1.3	2.52	1.57	1.38
4.02	2.79	0.18	-0.59	0.43	7.33	6.63	7.07	6.94	7.4	4.69	6.72	6.77	5.42	3.04
0.46	-0.48	2.86	-1.44	0.44	0.18	0.15	1.27	0.1	1.57	1.17	1.21	0.5	1.58	0.78
5.43	2.32	-0.88	1.73	0.42	7.06	7.24	8.31	8.43	8.19	7.98	7.83	7.25	6.39	4.89
-3.82	3.39	-0.01	0.28	0.43	3.36	1.52	-1.25	-1.39	-1.42	-2.48	-3.1	-3.47	-2.71	-4.52
-1.2	-0.8	1.58	-0.16	0.53	-0.59	-0.83	-0.49	-0.48	-1.21	-1.93	-1.94	0.35	0.02	-0.96
-5.82	-3.91	0.9	-2.42	0.46	-10.73	-9.54	-8.33	-8.45	-7.92	-7.53	-7.54	-6.89	-5.97	-3.49
2.59	-0.31	-0.47	4.03	0.46	3.02	3.27	2.36	2.03	2.42	1.82	1.75	2.32	0.9	4.1
1.52	-0.84	0.06	1.2	0.53	0.15	1.14	1.59	1.03	1.2	0.95	1.98	1.05	2	2.49
0.02	-0.32	0.73	1.66	0.48	1.24	0.73	0.56	-1.56	1.04	-0.16	-0.04	0.06	-0.64	0.63
-7.25	-5.31	-1.17	-2.33	0.51	-13.61	-13.17	-11.75	-11.01	-11.05	-10.44	-9.13	-7.43	-6.77	-4.74
-7.05	-3.3	1.33	1.7	0.53	-11.54	-11.21	-9.65	-8.91	-8.52	-8.3	-7.44	-6.64	-6.35	-5.64
4.65	0.83	-3.92	2.17	0.5	4.13	5.58	5.95	5	7.84	6.59	5.2	6.36	3.98	5.08
-2.88	1.11	-3.41	2.5	0.62	-3.27	-3.32	-0.96	-0.13	-1.11	-1.03	-1.59	-1.98	-0.9	-3.06
4.96	3.71	-3.31	-4.32	0.6	10.77	9.55	9.24	8.89	7.32	7.57	8.06	6.95	7	4.12
-3.74	-2.59	-1.17	3.64	0.52	-7.04	-7.05	-4.32	-3.89	-5.33	-4.36	-4	-3.6	-3.49	-2.66
-2.61	-3.66	-2.97	4.99	0.64	-8.67	-6.28	-6.97	-4.81	-2.99	-3.92	-1.76	-2.17	-2.58	-1.02
-7.93	2.91	2.98	0.41	0.6	-1.85	-5.83	-5.35	-4.99	-6.53	-7.03	-6.88	-8.11	-6.09	-8.07
5.05	-2.35	3.93	0.34	0.62	2.84	3.77	3.75	3.52	4.13	4.82	4.53	6.74	7.71	5.75
-1.04	-2.38	4.24	-0.23	0.57	-4.1	-3.4	-2.53	-2.9	-1.66	-0.81	-0.33	-0.41	-0.39	0.17
-11.03	-6.12	6.22	-0.69	0.5	-18.69	-16.85	-17.23	-16.9	-14.44	-14.49	-13.22	-11.38	-10.74	-8.45
-6.96	-4.48	3.44	-2.63	0.53	-9.61	-9.3	-9.24	-11.41	-10.09	-9.75	-9.32	-8.45	-7.04	-4.7
-5.69	-2.18	0.74	5.65	0.58	-8.01	-9.29	-7.44	-8.33	-5.1	-6.56	-5.53	-3.46	-4.76	-4.98
6.9	-0.53	0.97	-3.12	0.52	4.05	5.91	7.35	7.22	8.54	6.5	8.82	8.76	7.39	7.33
4.47	1.52	1.24	-6.46	0.53	5.96	6.44	8.23	6.85	5.8	7.17	5.29	6.06	5.46	4.48
4.21	8.69	-5.49	-8.91	0.54	16.68	13.79	14.67	12.12	9.24	9.82	7.15	6.67	4.33	2.84
-2.28	-4.15	0.19	9.55	0.46	-8.76	-6.79	-6.52	-3.96	-5.16	-4.44	-3.92	-3.67	-2.11	-0.51
4.58	-4.03	1.73	2.86	0.46	-2.78	-0.5	1.86	2.91	3.69	3.68	4.76	5.31	6.32	5.41
5.65	2.9	0.94	-2.21	0.42	9.13	9.37	7.88	9.03	7.95	8.35	8.88	8.04	6.43	5.21
4.82	7.46	1.43	-6.6	0.38	17.37	12.22	12.77	9.75	10.13	7.87	6.81	7.72	5.06	3.44
1.36	1.83	-1.37	0.78	0.33	6.78	4.84	1.92	3.85	2.2	2.58	2	2.79	1.18	1.27
4.18	2.55	-3.9	-1.33	0.3	6.17	5.43	5.44	5.85	7.21	5.76	4.86	5.06	3.39	3.99
3.05	-0.37	0.82	1.44	0.28	1.46	2.91	3.37	3.21	4.88	4.67	3.98	3.96	3.35	3.42
-3.93	-1.03	-1.21	0.91	0.29	-6.49	-5.18	-5.23	-4.02	-4.07	-3.52	-2.56	-4	-2.69	-3.83
-0.06	-1.39	-2.1	2.71	0.37	-2.97	-1.21	-2.23	1.38	-1.21	-0.97	0.1	0.71	0.76	0.43
-4.43	-1.68	0.31	-2.37	0.4	-6.71	-6.57	-5.57	-5.38	-3.63	-5.72	-3.93	-4.63	-3.8	-3.76
3.78	0.31	1.94	3.53	0.47	3.12	5.4	5.2	5.05	3.79	6.56	5.83	4.92	3.81	3.95
-0.87	0.36	-2.71	2.13	0.37	-0.18	-0.17	-1.24	-0.53	-0.74	0.04	-0.71	-0.29	-0.85	-0.43
-4.44	-1.76	-0.54	0.52	0.37	-6.97	-6.06	-5.55	-4.24	-5.82	-6.34	-4.21	-3.95	-5.58	-3.28
-0.5	-2.72	-1.96	1.43	0.37	-5.54	-3.8	-3.72	-1.22	-1.86	-2.04	-1.19	-1.47	-1	0.96
8.76	3.28	-0.16	-0.63	0.37	12.83	12.42	13.75	11.84	10.25	11.71	11.23	9.67	9.8	8.02
2.55	6.24	1.92	0.31	0.29	14.66	11.49	7.73	7.46	5.62	5.01	4.23	2.44	1.98	1.71
2.88	1.37	-2.91	2.53	0.25	4.64	3.58	3.55	3.97	2.38	4.38	3.49	1.69	3.34	3.03
0.6	-0.14	-1.99	2.9	0.27	-0.85	-0.43	0.49	0.28	0.76	1.28	1	1.33	-0.29	1.07
0.26	0.06	0.35	2.67	0.29	0.51	-0.15	1.56	0.52	0.38	0.25	0.62	-0.48	1.2	0.61
1.34	-2.86	-2.47	3.28	0.3	-2.83	-1.88	-3.29	-0.25	-1.1	0.05	2.06	-0.46	0.73	2.53
-2.38	0.07	-1.94	1.97	0.29	-4.17	-3.24	-2.16	-2.15	-3.47	-2.19	-2.83	-3.96	-3.12	-1.41
-0.74	-2.87	0.66	2.75	0.31	-3.68	-5.05	-3.48	-4.14	-2.09	-2.48	-2.72	-2.54	-2.1	0.93
3.31	-4.12	4.64	-5.35	0.29	-0.11	-0.33	0.57	1.25	2.86	2.4	2.56	3.8	5.07	3.73
-1.11	-2.72	0.5	1.77	0.34	-4.44	-4	-3.47	-2.86	-1.87	-2.49	-3.42	-1.38	-1.88	0.17
0.47	-2.67	1.31	0.73	0.4	-3.21	-2.21	-0.86	-0.27	-0.54	-0.28	-0.83	0.55	1.03	1.44
4.61	-1.12	4.74	-5.17	0.37	4.3	4.94	6.07	6	5.71	5.25	7.46	7.42	6.66	4.01
0.75	-1.9	-2.3	5.02	0.37	-2.85	-1.61	-2.47	-1.2	0.16	-0.67	-1.2	-0.93	-1.19	2.35
-3.2	-3.5	2.64	3.66	0.44	-2.82	-4.95	-4.92	-7.37	-5.96	-6.25	-6.2	-5.16	-6.73	-0.62
-4.86	-4	1.72	2.14	0.41	-8.03	-8.64	-8.38	-7.66	-8.14	-7.37	-5.89	-5.64	-3.88	-3.31
-1.25	-2.87	2.8	3.66	0.46	-2.38	-2.82	-2.39	-2.35	-2.95	-2.87	-2.33	-2.69	-1.36	0.29
-5.7	-4.02	5.59	6.33	0.52	-7.21	-7.35	-7.06	-7.84	-5.86	-6.19	-7.46	-5.73	-5.15	-3.75
-2.96	-6.1	0.16	7.09	0.51	-9.25	-8.85	-8.51	-8.3	-6.42	-6.14	-5.93	-4.43	-2.5	-0.72
-1.38	-2.94	1.42	4.35	0.51	-3.46	-3.71	-2.37	-3.65	-3.37	-2	-3.52	-2.9	-3.33	0.22
5.07	7.99	-5.44	-11.56	0.64	12.22	12.66	13.18	12.16	9.8	9.06	9.57	9.59	7.21	3.5
-3.67	-2.09	1.14	3.49	0.7	-5.93	-5.07	-4.88	-4.56	-3.27	-3.42	-1.51	-2.31	-1.38	-3.39
4.72	2.92	2.13	-7.24	0.68	7.38	9.51	9.83	9.47	9.79	10.08	10.67	9.86	8.77	2.85
-0.68	-0.26	1.76	6.8	0.65	-0.08	-1.18	-0.71	-0.4	-1.03	0.77	-0.2	-0.66	-1.49	0.27
-12.64	-7.73	4.03	8.69	0.56	-19.48	-18.47	-17.96	-17.67	-16.74	-17.04	-17.32	-15.29	-12.03	-10.01
0.5	-5.3	3.98	10.33	0.64	-4.89	-2.5	-1.7	-1.09	-0.82	1.07	1.02	3.71	1.69	1.37
-0.19	9.67	5.95	-8.89	0.63	13.72	10.85	9.23	7.91	6.46	6.34	3.57	2.31	1.53	-1.9
-0.35	0.03	2.48	0.13	0.58	0.07	-0.45	1.35	0.98	0.16	-0.29	-0.06	0.96	0.26	-0.01
-2.9	2.41	-0.06	-0.88	0.56	1.61	-0.57	-0.98	-0.8	-1.43	-1.94	-2.68	-3.33	-3.35	-2.14
-5.35	-0.76	0.99	2.12	0.75	-5.14	-5.76	-6.82	-5.29	-5.82	-5.73	-6.32	-6.26	-6.06	-3.56
-4.95	-2.87	-1.92	-0.39	0.75	-7.07	-7.3	-7.94	-7.07	-7.77	-8.24	-7.9	-6.46	-6.54	-1.88
-2.89	-0.19	0.83	2.33	0.6	-2.76	-2.99	-2.86	-2.77	-2.79	-4.39	-3.47	-3.56	-3.08	-1.54
-7.79	0.84	5.26	3.15	0.7	-5.62	-5.62	-4.93	-4.69	-4.41	-2.94	-5.32	-4.47	-5.98	-8.59
-9.37	-0.71	2.63	2.99	0.6	-7.96	-8.6	-8.43	-7.97	-8.84	-8.25	-9.62	-9.67	-10.17	-8.39
-11.78	0.31	5.52	4.12	0.81	-7.68	-8.41	-8.69	-8.1	-8.48	-7.85	-8.86	-8.31	-7.64	-12.58
16.05	-3.38	-9.79	-0.77	0.51	6.98	10.04	10.1	9.54	9.94	11.56	15.52	14.89	18.12	18
-4.64	-1.27	-0.14	2.19	0.54	-5.82	-5.06	-4.09	-4.51	-3.61	-3.76	-3.31	-1.77	-2	-4.64
-3.4	-4.81	0.14	2.95	0.7	-8.4	-6.4	-6.75	-5.47	-5.48	-4.41	-5.31	-3.1	-1.31	-2.04
13.57	10.93	7.94	-13.81	0.58	26.57	28.41	25.73	24.16	24.96	20.83	22.46	18.97	15.2	10.89
5.41	0.18	-4.47	-0.56	0.43	4.41	4.42	5.57	3.73	3.54	4.84	3.68	3.93	4.42	7.04
2.61	3.71	2.54	-1.99	0.41	8.26	7.68	5.8	6.18	5.8	5.14	6.26	4.9	2.88	1.92
4.21	-0.6	-1.18	1.38	0.44	3.09	4.2	3.58	3.39	4.58	4.79	4.84	4.62	4.15	4.86
5.07	3.69	-4.08	-0.56	0.44	7.89	8.11	7.73	7.54	5.65	5.48	7.48	5.34	5.02	5.42
4.74	0.76	1.39	0.07	0.41	7.4	6.19	7.27	6.29	5.99	5.53	6.01	7.95	6.92	4.2
-6.52	2.71	1.65	0.43	0.48	0.67	-2.1	-3.6	-2.88	-3.85	-4.32	-4.73	-6.77	-5.81	-6.9
-2.84	-3.24	-0.82	-0.13	0.48	-5.91	-5.9	-5.56	-4.47	-3.68	-3.97	-3.66	-3.28	-2.13	-1.64
-4.33	-0.08	0.43	0.39	0.53	-3.39	-3.47	-3.24	-4.01	-3.78	-4.16	-3.94	-4.06	-3.28	-3.73
5.03	-4.1	0.42	-0.08	0.56	0.77	2.32	2.68	2.67	1.79	3.69	5.14	6.35	5.25	6.69
2.71	-1.18	1.88	-0.47	0.41	1.69	2.22	2.98	2.02	1.94	3.59	3.63	4.36	2.53	3.12
-1.58	-0.77	1.69	-0.13	0.48	-1.24	-0.53	-1.49	-1.08	-0.21	0.22	-0.19	-0.99	-0.04	-1.54
12.13	4.79	8.37	4.43	0.47	19.61	18.93	18.65	17.22	16.91	16.25	15.52	14.47	12.98	11.02
0.39	7.03	5.66	0.31	0.34	12.56	9.29	8.36	7.98	5.87	5.78	4.03	2.39	1.55	-1.65
2.28	-1.33	0.05	0.18	0.4	1.72	1.86	0.56	1.31	1.62	1.12	2.12	1.6	0.98	3.66
-1.46	-0.07	-0.11	0.5	0.42	-0.98	-1.65	-0.89	-1.38	-0.27	-0.96	-1.28	-1.32	-0.75	-1.06
-1.31	-1.2	-1.39	-1.13	0.37	-2.93	-2.01	-1.65	-2.21	-0.92	-1.56	-1.28	-1.66	-0.28	-0.78
4.02	-1.32	0.69	-0.42	0.43	1.98	3.02	2.86	3.82	5.36	5.59	4.95	5.71	4.94	4.24
-1.09	0.27	1.71	-0.1	0.47	-0.01	0.44	0.3	0.78	0.23	-0.44	-0.24	-0.15	-0.68	-0.85
-0.56	-2	0.87	-0.86	0.42	-1.79	-0.97	-2.61	-1.62	-1.39	-1.9	-0.51	-0.86	-0.09	0.37
2.01	-0.02	-0.26	0.24	0.44	1.28	2.49	2.63	3.58	2.63	2.4	2.13	2.1	2.33	2.52
-2.45	0.16	-0.17	-0.45	0.41	-1.73	-1.65	-2.48	-1.81	-1.65	-1.84	-2.49	-1.29	-2.82	-1.91
0.14	2.34	1.46	2.96	0.4	2.22	4.24	4.13	3.49	3.72	4.17	3.19	2.99	2.21	-0.79
5.76	2.93	2.3	0.76	0.4	10.47	9.08	10.1	9.12	9.38	7.3	7.85	7.26	6.94	4.79
-3.99	4.76	4.22	3.94	0.36	5.3	3.2	2.05	1.11	0.42	-0.53	-2.07	-2.72	-3.93	-5.19
-1.93	1.06	0.5	0.37	0.35	0.45	-0.18	-1.13	-0.47	-1.07	-2.58	-1.6	-2.45	-2.37	-1.35
-1.3	1.01	1.08	0.52	0.38	1.08	0.58	0.05	0.06	0.37	0.45	0.14	0.01	0.03	-1.86
0.12	-0.07	3.42	4.22	0.38	2.13	1.6	2.14	1.76	1.12	2.16	1.63	1.59	2.16	-0.53
-1.45	1.25	0.87	2.09	0.37	0.69	-0.14	-0.2	0.02	0.12	-0.21	-0.61	-0.85	-0.1	-1.74
4.74	2.14	-0.67	1.77	0.4	5.94	6.15	5.92	7.2	6.8	6.04	4.92	5.75	4.17	4.89
-1.7	2.13	-0.62	0.36	0.42	1.78	0.63	0.23	-0.2	-0.34	-0.65	-1.31	-2.02	-2.1	-1.34
-1.78	1.56	-2.75	-1.69	0.44	-0.19	-0.73	-0.31	-0.95	-0.34	-0.29	-2.04	-1.65	-2.38	-1.17
-0.27	1.4	-0.49	2.06	0.43	2.09	1.24	0.61	0.53	1.81	0.52	-0.08	1.06	-0.13	-0.17
-4.42	1.27	1.87	-0.06	0.49	-2.25	-2.5	-2.37	-2.57	-2.28	-3	-2.68	-4.16	-3.77	-4.36
4.04	3.68	0.25	2.17	0.5	7.61	8.59	8.57	7.57	6.78	7.01	6.52	6.57	4.33	3.18
0.33	1.43	-0.33	1.6	0.49	2.67	2.87	2	1.68	1.63	0.91	1.4	0.14	0.57	0.53
-6.01	2.27	3.28	-0.68	0.49	-0.2	-1.98	-2.81	-3.81	-4.19	-4.44	-5.38	-5.52	-5.37	-6.27
-1.39	3.6	0.78	1.97	0.46	3.72	2.83	1.15	1.55	1.74	0.33	0.58	-1.54	-1.92	-1.62
2.87	3.38	1.11	1.4	0.53	7.5	6.99	6.73	6.06	5.42	5.39	4.98	4.71	4.49	1.8
7.74	0.3	-3.52	0.9	0.54	8.32	8.06	7.98	7.55	7.53	7.62	7.08	7.02	7.61	9.16
1.81	4.59	-0.6	2.87	0.51	8.1	5.58	6.03	4.87	5.38	4.55	3.94	3.03	2.88	0.65
-1.62	1.7	0.55	2.76	0.54	0.79	0.71	-0.05	0.36	0.29	0.08	0.13	-0.72	-1.24	-1.88
5.11	0.28	-1.21	4.17	0.56	4.8	5.95	5.96	6.94	5.3	4.8	6.16	6.84	5.18	5.6
3.69	4.97	-0.46	2.85	0.55	10.3	6.97	8.14	8.34	6.9	7.32	5.19	5.04	3.59	3.01
-1.31	-0.4	1.91	-3.14	0.62	0.38	-1.26	-1.47	-1.2	-1.04	-1.57	-1.67	-1.03	-0.71	-0.55
-11.78	-9.94	1.51	-8.39	0.68	-20.7	-20.79	-19.92	-18.69	-17.99	-16.26	-14.47	-13.11	-11.79	-7.62
2.68	3.04	-2.23	5.37	0.7	4.53	5.96	6.59	5.8	5.88	3.9	3.13	3.02	3.18	2.97
0.99	1.2	-2.08	3.09	0.78	2.01	1.64	2.01	2.91	2.44	1.78	1.21	1.22	0.48	1.92
4.18	3.48	2.19	-1.4	0.77	9.83	9.12	8.63	7.58	6.71	7.7	5.81	6.38	5.25	3.62
-3.41	0.44	1.19	-1.03	0.73	-1.6	-2.67	-2.09	-3.03	-1.74	-2.97	-2.92	-3.77	-2.67	-2.82
5.75	3.07	-0.6	2.96	0.81	7.9	8.93	9.41	8.94	9.98	9.07	7.41	8.64	7.42	4.92
0.05	2.16	1.12	0.76	0.8	3.21	2.79	1.1	2.99	2.24	1.36	2.34	0.91	-0.15	0.23
-2.18	0.12	1.27	-0.53	0.82	-1.18	-1.61	-1.21	-1.13	-1.47	-1.78	-1.06	-0.66	0.18	-1.88
3.88	1.06	1.44	0.9	0.81	5.26	5.44	6.55	6.37	5.99	4.72	5.74	6.68	5.94	3.6
0.73	1.31	1.77	-1.14	0.77	1.81	3.34	2.52	3.3	2.96	4.07	3.39	1.97	2.76	0.45
5.7	1.97	-1.58	-0.1	0.77	7.25	7.58	7.94	7.65	8.09	6.55	7.46	7.03	6.05	5.83
-0.69	-0.28	-0.88	5.46	0.83	-0.61	-0.3	-0.97	0.03	0.44	-1.31	0.37	-1.1	0.11	0.47
-8.14	-3.29	-1.88	2.09	0.87	-10.21	-11.09	-11.21	-10.03	-9.33	-9.06	-8.72	-8.57	-7.96	-5.71
5.37	2.75	-3.22	8.01	0.99	6.98	8.07	8.65	7.98	9.25	7.38	8.39	7.23	6.75	5.09
1.87	4.08	-2.01	4.82	0.95	8.39	6.52	6.28	6.38	5.16	3.77	4.33	3.11	3.79	1.15
5.76	1.63	1.77	7.54	0.8	11.29	8.15	7.42	6.51	6.88	6.36	6.15	6.19	6.02	5.91
-0.79	-1.86	0.65	8.17	0.89	-0.6	-1.58	-1.09	-2.51	-2.38	-3.12	-2.47	-2.27	-2.99	1.81
-13.23	-6.55	-1	-9.73	1.21	-18.88	-17.97	-17.52	-16.79	-17.35	-14.68	-14.11	-12.94	-10.08	-9.66
3.97	0.92	1.18	-0.32	1.26	5.22	7.31	6.3	5.73	6.5	7.86	5.86	6.9	4.91	4.48
5.2	2.07	0.33	-1.11	0.81	6.57	7.34	8.09	9.14	8.05	7.55	9.24	7.69	5.96	4.9
3.16	1.69	-0.87	1.59	0.61	4.42	4.67	4.17	5.39	5.35	4.21	4.9	4.96	3.74	2.77
6.41	4.33	-6.23	0.32	0.53	9.31	10.66	10.38	10.96	9.18	9.22	9.21	6.75	8.17	5.55
1.72	3.92	-2.57	3.12	0.64	8.13	7.24	6.24	5.59	3.97	4.54	3.69	1.34	2.5	1.1
2.2	0.93	-4.63	5.36	0.75	4.44	3.88	3.41	2.71	3.28	3.11	3.26	2.91	3.55	2.51
1.06	2.51	-2.73	7.17	0.95	6.13	3.87	3.55	3.17	3.19	1.57	0.88	0.87	1.51	1.82
9.53	-3.33	-8.45	15.1	0.96	7.57	7.56	8.09	8.39	5.68	7.76	10.22	6.76	9.12	12.69
-4.75	-0.34	2.71	-6.67	1.31	-4.36	-4.75	-3.44	-2.16	-2.15	-2.85	-2.64	-1.8	-2.05	-3.57
-5.05	2.92	6.78	-7.93	1.04	0.03	-1.07	-0.84	-1.45	-0.99	-1.98	-3	-2.64	-3.73	-5.36
0.48	-0.35	1.01	-1.36	1.07	-0.37	-0.31	0.81	2.38	1.77	2.21	1.44	2.9	1.35	1.86
3.41	3.49	0.64	0.77	1.21	7.06	8	7.76	7.64	6.98	8.58	8.5	7.85	7.31	1.65
-2.21	4.4	2.3	-0.92	1.08	3.58	4.24	2.52	3.75	2.36	1.94	0.48	-0.33	-0.56	-2.75
0.21	2.02	-0.4	3.68	1.15	3.37	3.48	3.42	3.32	2.73	2.96	2.84	1.73	1.68	0.09
-2.37	-0.88	5.14	-5.93	1.35	-1.45	-1.35	-2.1	-2.75	-1.01	-2.25	-2.28	-0.71	-1.95	0.29
-1.55	-2.18	-0.59	-2.4	1.24	-2.48	-3.26	-2	-2.19	-1.45	-2.1	-1.6	-0.59	-1.05	0.85
-6.91	-1.91	4.75	-1.13	1.28	-8.39	-8.19	-7.67	-7.11	-5.95	-6.84	-5.71	-4.91	-5.82	-5.2
-7.62	-2.67	5.19	2.24	1.24	-10.08	-8.52	-8.2	-6.62	-7.37	-5.61	-6.38	-7.07	-5.82	-5.31
4.81	2.16	-4.07	4.13	1.21	7.3	8.4	8.21	8.18	7.29	7.09	6.4	6.34	7.18	5.08
3.51	-1.04	1.87	-0.37	1.07	1.17	3.21	3.8	4.09	3.49	2.22	4.74	4.76	3.97	5.18
-3.68	1.22	0.77	1.38	0.87	-2.06	-1.44	-1.48	-1.95	-1.62	-2.33	-2.1	-2.85	-2.44	-3.33
-3.42	-1.21	3.14	1.71	0.8	-1.21	-2.62	-2.77	-4.1	-4.48	-3.28	-4.65	-3.31	-3.02	-1.58
-6.03	0.55	6.07	4.92	0.92	-4.28	-4.45	-4.54	-4.06	-4.76	-3.4	-4.36	-3.34	-4.54	-5.68
-1.99	-0.19	3.85	2.98	0.98	-1.13	-1.27	-0.71	-0.89	-0.18	-0.36	-0.75	-1.09	-1.14	-0.75
3.2	1.48	-2.78	-0.44	1.13	4.73	5.86	5.28	6.07	5.52	5.31	4.44	5.36	5.18	3.66
-3.88	0.46	1.89	2.39	1.06	-1.79	-1.6	-2.68	-3.59	-2.38	-2.58	-3.95	-3.99	-4.37	-1.98
-3.35	-0.31	1.44	5.15	0.96	-2.68	-3.13	-2.67	-1.76	-2.76	-1.96	-2.35	-1.82	-2.66	-1.85
-3.1	0.9	0.22	4.36	1.05	-1.73	-2.06	-2.02	-0.09	-1.48	-2	-2.1	-3.42	-3.62	-1.7
11.14	-4.15	1.17	-3.59	0.76	4.41	6.95	7.53	8.51	11.12	11.18	11.66	13.04	12.26	12.68
1.17	2.88	0.38	4.25	0.51	3.22	4.19	3.98	4.11	4.61	3.32	2.49	3.34	1.53	0.78
11.27	2.38	-3.59	0.06	0.59	12.88	15.25	14.47	13.39	13.77	14.05	15.37	13.17	11.65	10.45
4.56	4.77	-1.87	6.02	0.63	11.7	8.08	8.26	9.11	8.79	7.98	7.36	5.54	4.96	3.67
0.78	-0.15	0.09	0.03	0.67	2.01	1.92	0.91	0.43	0.44	0.54	0.87	1.79	1.05	1.36
3.49	2.6	-0.89	-1.66	0.69	11.49	8.14	5.91	6.69	5.02	4.11	3.26	3.6	2.74	3.87
2.4	3.2	0.74	3.83	0.62	5.33	5.34	6.45	5.56	5.52	4.67	4.12	2.68	2.99	2.39
2.84	1.81	1.97	0.9	0.63	5.63	4.54	4.4	3.67	4.98	4.48	3.24	2.88	3.74	3.1
6.71	0.43	0.59	1.77	0.71	7.92	8.45	7.62	8.71	6.81	6.58	6.85	6.31	6.57	7.73
0.63	6.12	-1.48	-1.57	0.69	10.22	8.37	5.88	5.11	3.78	4.35	4.21	3.45	2.21	-1.95
3.11	0.96	-3.95	1.74	0.67	4.57	3.23	4.68	4.49	4.68	3.58	4.22	2.44	3.48	3.78
-3.9	1.51	5.53	-3.17	0.74	-2.45	-1.84	-2.12	-3.82	-2.43	-3.26	-3.69	-3	-3.4	-3.53
-0.41	-4.25	5.56	-5.43	0.76	-4.55	-2.78	-3.5	-2.74	-3.21	-2.18	-1.15	0.56	-0.27	2.09
0.85	0.59	0.96	-0.08	0.76	-0.81	0.5	2.62	2.59	2.51	4.02	3.4	1.58	2.29	1.11
-3.56	-3.59	4.87	-4.5	0.76	-5.91	-6.14	-5.88	-6.53	-5.58	-4.34	-4.14	-3.28	-2.41	-1.06
2.26	2.04	-0.79	-0.18	0.7	2.56	3.87	4.01	6.03	4.44	5.07	4.51	4.6	2.62	1.65
-1.78	-0.28	1.77	0.8	0.73	-2.17	-1.3	-0.8	-1.79	-1.85	-1.48	-1.92	-2.08	-1.71	-0.18
-2.06	-0.38	7.65	-2.47	0.76	0.78	-0.88	-1.4	-1.41	-2.47	-4.28	-3.45	-3.19	-1.23	0.08
-4.62	-1.64	3.47	0.21	0.71	-5.51	-5.74	-5.02	-4.61	-5.36	-5.94	-5.6	-4.66	-5	-2.67
0.61	0.11	0.47	1.01	0.73	0.41	1.06	1.04	0.6	1.61	1.02	2.15	1.65	2.48	0.72
-0.56	-1.13	1.3	2.09	0.81	-2.42	-0.76	-0.34	0.06	-0.05	-0.29	-0.61	-2.26	-0.87	1.74
-6.01	0.06	0.32	1.63	0.78	-5.07	-4.92	-4.65	-5.49	-6.11	-5.2	-5.06	-5.42	-5.18	-4.93
1.59	-0.23	-2.69	-0.68	0.75	0.91	2.96	2.47	3.72	3.5	3.26	3.44	3.29	3.26	2.55
-2.88	-2.3	0.31	2.91	0.82	-5.42	-4.15	-4.73	-3.61	-3.68	-2.87	-3.97	-3.13	-1.48	-0.69
10.44	-0.23	-1.67	-5.67	0.83	7.69	10.53	12.6	11.32	13.1	12.55	11.55	12.74	11.12	10.66
-0.82	0.19	5.24	3.63	0.86	-0.1	-0.46	-0.69	-0.55	0.53	-0.04	-0.1	0.92	0.41	-0.03
-1.01	-1.17	0.53	3.22	1	-2.2	-1.9	-1.06	-0.71	0.17	-1.1	-0.97	1.02	1.04	0.36
-1.8	-0.65	3.91	1.64	0.73	-3.73	-1.66	-2.58	-1.87	-0.29	-0.18	-1.02	-0.67	0.01	-1.12
1.73	-0.55	-0.12	1.53	0.64	0.1	1.86	2.35	1.82	2.87	2.56	2.24	3.03	3.24	2.35
7.92	3.21	-5.29	-6.87	0.65	12.83	12.34	12.81	11.52	10.51	10.39	10.89	8.96	6.83	7.4
1.11	0.79	-0.03	1.83	0.58	4.3	2.63	2.34	2.66	1.54	0.66	1.13	1.99	2.11	1.56
-0.79	-1.08	4.06	1.61	0.62	-1.31	-1.48	-2.15	-1.49	-0.9	-1.42	-0.13	-0.2	1.23	0
-0.94	0.11	3.69	2.99	0.72	-0.89	0.04	-1.3	-0.02	0.11	-0.41	-0.95	-0.14	-0.42	0.04
4.92	-2.3	-0.97	4.04	0.66	2.37	3.38	4.31	4	4.88	4.67	5	6.16	7.31	5.92
1.16	0.56	0.53	3.64	0.55	1.1	2	1.89	3.25	2.77	2.75	1.73	2.22	2.69	1.23
-0.65	2.84	-1.66	-3.93	0.62	2.35	2.81	2.93	2.74	1.66	1.6	0.4	-0.29	-1.73	-0.59
-1.03	-0.35	2.21	1.8	0.55	-0.48	-0.44	-0.69	-0.23	-0.99	-0.81	-0.2	-0.6	-0.29	-0.4
-4.58	-1.63	1.18	1.49	0.6	-6.09	-5.2	-5.66	-5.6	-5.19	-4.33	-5.12	-4.89	-4.35	-2.78
3.79	-1.67	0.74	4.89	0.65	1.24	3.43	4.2	4.23	3.98	3.46	4.67	5.54	6.65	4.35
6.31	0.15	-2.78	-0.48	0.61	4.55	7.14	7.46	7.55	7.65	6.28	7.97	6.62	7.02	7.02
3.66	-0.44	-1.34	-0.09	0.65	3.16	4.51	4.88	3.87	4.49	3.94	3.82	4.16	3.82	5.07
0.42	1.21	0.44	2.98	0.56	4.78	2.59	1.17	1.49	2.28	2.32	1.8	1.88	2.54	-0.13
6.73	-0.53	-0.61	2.7	0.53	5.89	6.96	8.4	7.07	7.91	6.9	7.3	7.99	8.62	7.42
4.8	-0.66	-0.49	2.39	0.6	4.24	5.53	4.37	4.71	4.45	6.4	6.88	4.07	4.63	5.96
-1.31	2.7	-2.83	-0.51	0.52	1.78	1.81	0.63	1.61	1.91	0.56	-1.19	-0.86	-2.55	-1.04
4.59	-1.27	-0.13	2.04	0.49	3.5	4.44	3.19	4.59	4.58	5.47	4.78	5.27	5.7	5.34
0.9	-0.95	1.34	5.14	0.52	1.12	0.69	0.98	1.37	0.46	1.41	0.86	1.63	1.57	1.88
-6.49	-3.45	4.8	1.86	0.52	-8.06	-8.49	-9.53	-8.27	-9.23	-7.33	-6.32	-6.96	-5.19	-4.88
6.16	-4.2	3.57	-5.01	0.46	0.04	1.51	3.13	4.4	4.12	6.62	6.79	7.7	7.11	7.26
-8.35	2.48	2.97	-5.83	0.45	-6.17	-6.73	-6.41	-6.72	-6.54	-6.3	-6.31	-7.32	-8.24	-9.07
4.47	-2.58	-1.53	2.7	0.46	1.43	2.39	3.84	4.12	3.14	3.22	5.33	5.38	6.73	5.34
1.12	-2.01	0.02	-0.33	0.39	-1.29	-0.53	-0.35	-0.52	0.26	-0.08	0.77	0.78	1.29	2.62
-3.13	0.07	0.31	0.33	0.49	-4.09	-3.23	-2.58	-2.69	-2.03	-2.23	-2.85	-3.27	-3.64	-2.28
12.43	-1.87	-2.91	1.97	0.42	10.67	10.85	11.84	11.92	11.35	12.14	13.01	13.61	12.4	13.37
4.36	3.46	-6.01	-2.1	0.43	8.04	8.01	7.2	8.27	6.7	6.79	5.78	5.41	4.79	3.46
1.89	0.44	1.37	1.64	0.47	3.32	1.95	2.39	1.44	1.94	1.09	1.78	1.39	1.1	2.72
-2.14	-1.66	-0.22	0.2	0.44	-1.98	-2.2	-2.08	-3.68	-3.22	-2.02	-1.54	-3.31	-2.33	-0.85
0.13	-0.53	0.08	-0.73	0.38	-0.09	-0.53	-0.2	-1.1	0.62	0.06	0.69	0.49	0.14	0.91
3.89	-2.09	1	-0.22	0.48	1.72	1.06	2.49	2.8	2.82	3.61	3.14	4.02	5.2	5.14
3.96	-0.46	0.78	2.73	0.46	2.09	2.61	2.84	3.36	4	4.63	4.3	5.29	4.89	4.31
3.24	-0.82	-0.85	-0.86	0.47	0.99	2.41	3.75	3.48	4.25	2.15	4.13	3.09	3.25	4.67
-2.53	0.56	0.25	0.7	0.45	-1.16	-2.6	-2.31	-1.87	-2.13	-2.51	-1.16	-1.63	-2.45	-2.26
-23.13	-8.3	4.27	-7.93	0.6	-28.76	-30.01	-28.87	-29.47	-27.7	-26.06	-26.01	-24.03	-22.32	-19.73
-7.58	2.66	3.25	-1.17	0.35	-5.3	-5.41	-4.47	-5.09	-4.36	-3.78	-4.5	-5.71	-6.36	-9.15
6.64	0.11	-4.5	5.79	0.39	1.65	6.06	6.61	8.93	8.3	8.08	9.29	7.94	7.7	6.56
4.2	-0.6	5.26	-7.59	0.29	7.32	5.19	4.69	3.57	3.6	5.01	3.17	4.1	5.86	4.41
4.71	3.33	-1.66	-1.54	0.46	6.04	6.73	7.19	9.39	7.75	7.51	7.69	7.49	4.87	3.75
-2.1	6.12	0.88	0.62	0.44	4.26	4.83	3.47	3.6	2.27	0.94	0.91	0.47	-1.88	-4.21
0.64	0.99	1.53	2.22	0.46	1.12	2.33	1.95	2.84	0.77	0.64	0.34	0.66	0.63	1.06
-0.47	-2.69	2.35	0.51	0.51	-2.35	-1.93	-2.63	-2.38	-1.15	0.13	-0.61	0.3	-0.24	1.24
4.66	1.92	-1.22	-2.91	0.49	5.04	5.54	7.29	7.46	6.55	6.2	6.98	6.32	5.11	4.42
-1.24	-0.19	2.27	0.65	0.51	0.08	-0.36	-0.37	-0.96	-1.36	-2.26	-2.03	-1.6	-1.59	-0.03
-3.39	0.1	2.04	0.31	0.59	-2.23	-2.64	-1.89	-3.12	-2.8	-2.08	-1.76	-1.79	-2.71	-3.14
3.1	-1.28	-0.73	0.27	0.62	1.1	2.31	3.12	2.32	2.81	2.34	3.8	2.8	5.08	4.3
1.15	-2.86	1.64	1.3	0.61	-1.67	-1.47	-0.46	-1.12	0.15	0.03	0.44	0.26	1.57	3.18
-2.21	-1.67	1.24	0.39	0.57	-4.34	-3.49	-3.22	-2.53	-2.12	-2.66	-1.76	-2.41	-2.73	-0.88
1.48	1.94	-1.45	0.43	0.63	2.09	2.71	4.61	3.35	3.68	3.43	2.08	2.24	1.86	1.73
6.06	-2.09	0.45	-0.15	0.55	4.88	4.96	4.95	4.26	4.4	5.9	5.8	5.84	7.07	7.19
-2.25	2.78	0.83	0.93	0.61	0.36	0.53	1.18	1.51	0.48	0.31	-0.28	0.11	-1.41	-2.98
1.48	0.78	0.42	3.53	0.67	1.87	2.55	2.32	1.95	3.7	0.73	1.01	1.61	2.49	2.42
4.15	-0.53	-1.54	1.72	0.67	2.84	2.7	4.38	4.76	5.32	4.85	5.87	4.88	4.79	5.27
3.14	-0.08	-0.83	1.53	0.79	2.91	3.25	3.53	3.73	4.81	4.63	4.01	3.8	4.83	4
-1.2	-0.91	2.06	0.67	0.71	-1.11	-1.61	-1.98	-1.86	-1.13	-0.72	-0.68	0.35	0.5	-0.77
7.01	-4.06	-2.79	5.4	0.7	2.64	3.03	4.72	4.17	4.84	4.76	6.73	7.97	7.88	9.16
1.47	0.53	0.61	-0.17	0.74	1.95	1.69	3.38	3.18	3.02	3.32	3.89	3.06	3.43	1.21
-0.8	0.34	-1.36	3.39	0.65	-0.08	0.53	0.14	0.91	0.24	-0.76	-1.23	-1.69	-0.5	0.4
-3.61	-3.2	-1.1	1.34	0.68	-5.67	-5.72	-5.49	-6.44	-5.5	-4.99	-4.57	-4.65	-4.64	-1.16
1.09	-1.23	-1.14	2.58	0.69	-1.21	0.24	0.94	0.21	1.17	1.67	0.59	2.12	1.12	2.26
1.22	-2.39	0.24	2.79	0.61	-2.11	-0.69	0.74	0.32	-0.57	0.76	1.62	2.2	1.62	2.43
-7.58	-1.23	0.85	-3.28	0.57	-5.53	-7.97	-8.63	-8.6	-9.22	-7.51	-7.2	-8.39	-6.94	-6.72
0.92	0.95	0.49	-0.52	0.57	1.2	2.68	3.95	2.33	2.85	2.83	1.64	2.14	1.94	1.18
1.77	1.42	-2.87	1.67	0.64	2	2.7	4.84	3.22	3.63	1.84	3.68	1.87	1.08	2.63
-3.52	-0.42	-2.49	2.38	0.69	-2.13	-3.49	-2.12	-4.81	-3.17	-3.85	-4.82	-4.3	-4.04	-1.63
8.21	-2.75	-3.8	3.02	0.68	4.01	6.12	8.03	6.59	6.61	8.5	9.18	9.38	9.32	9.44
-1.05	1.39	-2.09	2.37	0.63	1.33	-0.19	-0.49	-0.21	1	-0.32	-0.85	-0.82	-1.65	-0.34
-1.62	-3.06	0.15	5.95	0.68	-4.01	-4.61	-4.13	-4.18	-3.78	-3.75	-1.67	-2.59	-1.91	0.06
-9.85	-3.51	1.61	1.73	0.66	-12.41	-13.82	-13.1	-12.55	-12.48	-11.45	-9.81	-10.14	-9.35	-8.53
-5.98	-3.6	0.68	5.52	0.6	-8.54	-9.38	-8.76	-9.23	-9.52	-7.26	-5.89	-8.03	-6.28	-4.03
-1.93	-5.53	0.17	6.64	0.68	-6.89	-6.31	-5.88	-5.64	-5.71	-3.68	-3.05	-3	-2.28	0.51
6	0.23	-2.97	-5.68	0.57	1.6	4.21	6.72	7.8	9.01	8.83	7.91	9.57	9.69	5.63
2.35	0.78	-1.61	0.13	0.6	-1.15	1.39	3.21	5.39	4.52	4.93	4.46	3.81	4.02	2.4
4.39	3.78	-1.76	-6.58	0.52	7.26	8.25	8.38	7.54	9.11	6.88	6.52	5.94	6.01	4.06
7.1	3.83	-0.57	-4.79	0.48	12.66	12.74	10.42	11.6	10.05	8.72	9.93	7.87	7.95	6.69
2.45	3.94	-1.21	2.79	0.44	9.65	6.41	6.66	5.95	5.24	4.61	3.39	4.28	2.83	2.24
-0.2	0.48	1.51	-2.44	0.53	2.71	-0.18	0.28	0.44	1.1	-0.07	0.05	1.36	1.62	-0.26
3.6	-0.4	-0.56	-0.15	0.47	2.61	3.85	4.74	3.97	4.33	4.29	4.64	5.24	4.91	3.67
-4.82	0.11	1.11	0.45	0.42	-4.02	-4.98	-4.14	-4.34	-3.68	-4.27	-3.9	-5.05	-5.58	-4.21
4.19	-0.95	-1.35	4.39	0.49	2.18	4.2	3.65	4.07	5.02	5.37	4.79	4.52	4.64	4.83
2.22	1.55	-0.87	1.58	0.46	2.09	3.76	3.41	3.93	4.95	3.87	2.21	2.59	2.63	2.61
-1.56	1.63	-1.11	1.73	0.46	0.87	1.6	1.36	-0.15	-0.28	-0.77	-0.61	-0.61	-0.94	-1.63
1.36	0.91	-0.37	3.19	0.42	2.33	5.12	2.61	2.18	2.62	2.28	1.11	2.23	2.44	1.16
-4.12	-0.48	-1.86	1.23	0.39	-1.34	-4.69	-5.49	-4.71	-5.35	-4.03	-3.61	-3.81	-4.67	-3.32
10.3	-2.3	-4.01	8.21	0.38	2.58	6.73	7.31	9.27	10.7	11.2	10.03	11.38	11.64	11.64
-0.46	8.4	4.61	-2.53	0.34	16.6	11.67	7.65	6.93	5.21	4	1.26	1.19	-0.01	-2.77
1.05	0.83	6.39	-0.66	0.28	5.2	3.58	2.33	2.45	2.4	2.97	2.06	2.02	2.22	0.51
-2.71	-0.99	3.61	-0.31	0.34	-1.13	-4.62	-3.68	-3.44	-2.46	-2.21	-2.57	-3.14	-2.3	-1.82
1.02	-6.09	4.25	-2.51	0.32	-5.12	-4.85	-4.39	-3.2	-1.1	-2.12	-0.28	1.64	2.05	3.01
0.36	0.38	1.12	0.1	0.28	0.3	-0.19	0.34	1.21	0.8	0.99	0.68	0.48	0.6	0.63
-2.25	-3.09	3.24	-0.57	0.32	-4.7	-5.31	-3.92	-3.55	-3.2	-2.58	-2.83	-1.52	-1.69	-1.58
3.68	-0.45	-0.58	1.51	0.31	2.46	3.1	4.05	3.35	4.02	4.99	3.63	4.55	4.22	4.07
-2.34	-0.09	-1.08	-0.51	0.26	-3.24	-3.12	-2.61	-2.61	-3.32	-2.23	-2.52	-1.93	-2.54	-1.82
0.98	0.54	-0.21	1.44	0.26	0.74	1.26	3.45	1.98	1.92	3.03	1.13	1.76	2.53	0.89
0.87	2.09	-2.06	2.72	0.23	1.33	3.19	3.47	3.46	3.84	3.3	2.67	3	1.91	0.06
3.79	3.51	-1.6	-0.18	0.23	7.47	10.22	8.32	7.26	7.3	6.94	4.64	4.92	4.5	3.16
1.5	1.64	2.48	4.48	0.28	4.88	3.08	2.91	3.5	3.57	3.75	2.88	2.97	1.16	1.12
1.03	2	5.77	4.75	0.23	7.83	3.61	3.47	2.44	2.47	1.66	1.62	2.53	1.82	0.04
0.32	-3.37	6.53	3.08	0.22	-2.05	-4.46	-2.9	-2.31	-1.3	-1.6	-0.09	0.09	0.76	1.29
2.26	0.3	1.26	3.73	0.25	3.63	2.71	2.96	2.62	3.48	4.65	3.63	3.27	3.12	1.79
-2.78	-0.66	2.63	0.42	0.24	-1.66	-3.36	-2.83	-2.82	-3.12	-2.31	-2.72	-2.9	-2.84	-2.73
2.74	2.03	-3.41	0.25	0.22	3.42	4.6	5.31	3.95	4.62	4.86	3.15	3.88	2.38	2.63
0.29	-0.32	2.58	4.51	0.25	1.52	-0.23	0.23	0.8	1.95	-0.28	1.33	1.3	0.35	0.28
-0.32	0.99	3.23	3.14	0.24	1.42	1.26	1.23	0.97	1.42	-0.12	0.47	0.06	0.66	-0.69
3.7	0.26	-0.39	2.55	0.25	3.71	4.22	4.58	5.05	3.83	4.46	4.3	5.65	3.96	3.47
-0.2	3.17	-0.46	3.45	0.26	3.74	2.65	2.55	3.66	2.35	1.49	0.69	0.18	-0.18	-0.6
1.59	1.41	-1.63	-2.65	0.22	5.05	4.24	3.92	1.29	2.2	0.13	0.52	1.15	0.63	1.91
-2.01	-1.44	-0.3	-4.77	0.25	-2.93	-3.18	-3.14	-3.73	-2.74	-2.39	-3.64	-2.41	-1.29	-0.85
1.72	1.23	0.57	2.28	0.23	0.13	1.49	2.83	3.7	4.72	4.04	4.2	3.62	2.41	0.66
2.9	0.09	2.09	-0.01	0.25	5.53	3.7	3.2	2.13	1.94	2.74	2.98	2.79	2.86	3.17
-2.63	2.68	-1.38	-0.25	0.21	-0.91	-0.95	-0.49	-0.95	0.75	-0.41	-1.26	-1.86	-2.1	-3.28
-4.85	-0.95	1.34	-1.31	0.27	-4.48	-5.12	-6.7	-5.53	-4.57	-5.34	-4.33	-4.78	-3.61	-4.27
0.68	-0.87	1.65	0.37	0.27	-1.44	-0.69	-0.08	0.76	0.12	0.32	1	0.66	0.43	1.52
0.62	-1.97	0.1	-2.21	0.32	-0.45	-1.01	-1.27	-1.4	-1.81	-0.76	-1.29	0.46	0.83	2.02
-3.1	-0.43	1.71	-0.81	0.31	-2.06	-3.95	-3.31	-2.69	-3.14	-1.75	-2.96	-3.34	-2.93	-2.36
2.78	-1.82	0.97	0.18	0.28	0.62	0.4	2.44	2.02	2.19	3.5	3.82	3.2	3.35	3.23
3.89	1.44	-3.47	1.53	0.37	2.64	4.54	5.46	6.7	6.87	5.09	5.25	4.86	4.94	3.77
-2.21	2.7	-1.8	1.3	0.37	1.49	1.12	0.89	-0.83	-0.59	-0.75	-1.8	-2.1	-2.83	-2.35
1.07	-2.18	-2.33	1.47	0.38	0.52	0.33	-0.19	-0.41	-0.48	1.77	0.44	0.12	1.76	2.6
-4.09	-0.16	-0.05	-0.19	0.37	-3.84	-3.55	-3.64	-3.97	-3.8	-5.57	-5.35	-3.45	-4.12	-3.13
0.82	0.02	0.28	3.53	0.44	-2.33	-0.04	1.69	2.32	2.92	2.32	1.53	1.02	0.72	1.41
1.62	-2.94	1.72	-1.82	0.42	3.06	1.37	-0.32	-0.87	-2.25	0.06	1.33	1.57	3.06	2.98
3.56	-0.35	0.41	-0.34	0.4	2.2	3.57	3.68	3.77	4.38	5.74	5.4	4.26	5.55	3.43
2.24	-0.34	-2.09	0.42	0.46	2	1.21	3.76	1.8	2.34	2.02	2.94	2.1	3.26	2.62
2.06	-0.44	1.69	1.83	0.44	2.94	2.54	2.33	1.47	2.08	1.23	2.6	1.22	1.6	3.24
2.86	-2.27	1.95	-0.43	0.54	2.35	1.85	2.13	1.14	0.92	2.38	2.01	2.66	3.87	4.2
2.65	3.04	-2.97	2.87	0.47	7.57	5.66	6.31	5.88	4.03	4.21	5.2	3.1	2.38	2.34
3.63	2.22	-2.2	2.55	0.45	5.28	7.07	6.12	7.16	6.17	5.83	6.11	5.26	3.87	3.27
0.46	1.81	1.9	0.15	0.47	4.57	3.87	1.83	1.99	2.3	1.07	1.2	1.9	2.1	0.23
3.21	-2.01	-1.01	2.76	0.43	2.29	2.67	1.66	2.05	1.64	1.37	2.52	2.32	2.62	5.09
-1.6	-3.91	-0.1	4.15	0.47	-4.98	-4.19	-6.28	-6.35	-4.1	-1.98	-0.89	-2.97	-2.13	0.43
3.85	-0.84	0.33	-0.62	0.42	0.52	2.92	4.25	5.29	3.58	5.7	4.47	4.58	5.25	4.19
1.03	0.38	1.29	2.52	0.49	0.83	2.76	2.89	2.79	1.36	2.86	0.34	-0.34	0.82	1.91
2.38	-2.57	0.43	0.5	0.43	2.5	0.15	-0.42	-0.04	0.07	-0.95	0.66	2.6	3.1	3.58
1.24	2.07	-2.2	0.59	0.39	3.1	3.16	3.28	3.69	3.49	2.93	3.13	1.69	2.4	1.03
0.7	1.28	1.28	-1.9	0.39	2.95	3.09	1.39	2.99	2.52	2.91	2.36	0.66	1.18	0.74
2.09	4.93	-3.9	-0.95	0.46	7.39	7.92	7.54	6.33	4.62	4	3.49	3.07	1.86	1.17
2.26	3.16	-1.42	1.64	0.42	8.73	5.33	5.84	4.47	3.3	1.85	1.39	1.46	1.69	2.78
-1.23	-3.67	2.03	0.96	0.4	-4.71	-4.47	-3.47	-4.45	-3.16	-3.39	-2	-1.5	-0.83	0.84
-5.83	-3.57	4.31	-0.15	0.45	-8.96	-9.39	-11.21	-9.14	-8.75	-8.58	-5.81	-6.48	-6.31	-4.04
2.84	2.25	-0.57	0.02	0.41	3.26	5.09	5.84	6.64	6.64	6.08	5.45	5.11	3.62	1.84
4.86	-0.82	-3.79	2.72	0.44	2.03	3.88	3.92	4.07	4.46	5.28	4.03	5.02	5.38	5.95
0.94	-4.1	4.8	3.84	0.42	-2.56	-1.81	-1.25	-1.98	-3.06	-2.15	0.94	-0.35	1.06	2.7
6.14	-3.57	0.15	-2.24	0.41	1.32	2.9	3.31	2.55	3.89	4.55	5.63	6.02	6.8	7.83
-1.6	3.15	0.95	0.57	0.46	0.3	2	2.78	2.31	0.89	0.38	0.54	-0.96	-2.35	-1.8
4.89	-1.51	-2.34	1.91	0.45	6.28	4.05	3.05	2.41	3.19	1.03	3.18	2.79	4.84	6.81
-0.51	-2.54	4.7	-2.02	0.39	-1.39	-2.5	-3.88	-2.5	-1.66	-2.48	-0.45	0.06	-0.09	0.74
-4.91	-0.29	3.87	0.96	0.43	-4.52	-4.92	-5.97	-4.78	-5.39	-4.3	-4.77	-4.79	-4.16	-4.45
3.8	-5.17	-1.05	4.94	0.43	-2.94	-3.89	-1.24	-0.48	1	2.18	2.2	1.93	3.06	6.67
6.67	4.72	-4.31	-5.2	0.49	7.78	11	12.89	12.24	11.43	9.94	8.55	7.81	7.4	5.92
4.04	1.5	0.65	2.56	0.37	5.13	6.53	5.33	5.23	4.97	4.23	3.9	3.18	2.66	4.77
7.22	-2.44	-0.42	3.81	0.43	4.85	6.07	3.15	6.35	5.52	6.35	6.34	7.38	9.02	8.16
-4.03	7.43	1.06	-2.61	0.41	4.34	4.31	3.71	2.37	2.71	1.23	0.41	-0.07	-2.09	-6.29
5.41	2.68	-0.23	1.48	0.44	10.25	9.03	8.1	7.68	7.89	6.05	6.58	4.53	5.7	5.37
-3.87	-0.85	2.27	-0.45	0.42	-2.15	-4.02	-4.91	-3.96	-5.35	-3.63	-4.5	-4.88	-3.23	-2.9
2.66	-5	0.94	0.35	0.39	-2.72	-1.16	-1.5	-2.38	-0.48	-0.73	1.47	1.9	2.73	5.12
1.29	-2.33	3.79	3.88	0.48	-3.36	0.12	0.48	1.27	1.3	2.58	2.54	1.33	3.68	1.71
0.02	-1.02	-1.81	0.13	0.43	-0.32	-0.98	-0.42	-1.43	-0.62	-1.85	-0.85	-1.17	-2.35	1.96
6.93	0.24	-0.77	-1.11	0.39	5.08	7.24	7.52	8.27	8.4	8.74	7.58	7.54	8	7.12
4.74	-1.22	1.63	2.12	0.39	5.12	5.43	4.07	4.81	4.35	4.53	5.08	4.64	4.76	5.34
0.66	0.44	0.32	0.76	0.43	2.7	2.46	0.42	1.72	0.14	1.09	1.01	-0.05	0.24	1.61
-2.97	-3.57	4.25	1.85	0.4	-4.28	-5.1	-4.93	-6.04	-5.6	-5.76	-4.04	-3.5	-2.32	-1.58
2.79	-3.25	-1.9	7.33	0.41	-3.01	1.47	-0.26	1.43	1.62	0.56	0.83	-0.01	2.49	5.08
-2.72	-4.85	-1.19	3.75	0.4	-6.21	-6.17	-7.66	-7.56	-7.78	-8.1	-5.65	-5.81	-4.55	0.01
-16.2	-5.57	5.11	1.86	0.43	-20.85	-22.5	-20.87	-19.36	-19.96	-19.91	-18.53	-16.94	-14.67	-14.44
5.93	-0.18	-3.77	-0.65	0.46	1.14	5.69	7.05	7.65	6.56	7.54	4.84	7.24	5.75	6.65
7.12	-3.19	-2.76	-5.28	0.32	1.11	3.12	3.5	4.41	5.44	4.14	6.86	7.28	7.76	8
5.89	1.18	-3.5	1.2	0.31	7.85	8.52	6.94	6.4	6.86	5.03	4.73	3.72	5.75	6.67
5.93	-0.25	-4.82	8.99	0.38	0.59	4.48	5.73	5.52	6.12	7.68	5.75	5.95	5.81	6.78
3.49	0.79	-5.45	2.87	0.35	7.11	4.13	1.94	-0.03	2.55	0.2	-0.93	-1.63	1.39	4.9
-4.16	-5.58	1.65	-0.17	0.35	-5.21	-7.34	-8.35	-9.19	-8.78	-7.11	-4.13	-3.73	-1.96	-3.39
3.38	-3.76	-2.95	-1.37	0.43	-3.62	-2.22	0.12	1.45	4.6	2.63	0.81	3.56	4.69	3.93
4.52	3.07	2.5	-9.11	0.37	8.08	11.17	9.53	5.91	11.12	9.59	7.65	10.03	6.12	3
-2.41	3.66	2.73	-5.25	0.34	3.2	1.05	1.51	2.69	-0.25	-0.05	2.92	0.73	-1.25	-2.63
4.71	3.29	-4.04	5.06	0.4	3.78	10.42	6.64	7.24	5.52	3.82	5.07	6	2.44	5.36
-3.43	2.23	0.62	1.63	0.38	2.22	0.92	-1.11	-2.32	-2	-2.61	-0.26	-2.79	-3.72	-3.33
-1.39	-1.31	-0.94	3.12	0.39	-2.85	-2.86	-4.35	-3.9	-2.35	-4.12	-3.98	-1.25	-1.94	-0.22
-2.65	3.23	-3.04	6.45	0.39	-2.39	-0.68	0.35	-0.54	1.48	-0.01	-1.14	-1.84	-4.53	-2.6
5.82	-6.67	-3.26	5.42	0.39	-0.58	-1.39	-0.35	-0.15	2.55	1.16	5.98	4.99	6.03	6.98
3.34	7.53	-7.76	5.64	0.36	11.89	9.74	8.73	7.52	6.53	5.33	6.11	4.69	2.31	2.52
7.96	6.81	-9.09	13.21	0.44	12.49	15.68	9.46	12.13	11.83	6.19	12.2	12.55	6.99	5.96
-4.37	4.31	0	1.82	0.41	10.4	1.79	0.88	-3.19	-4.48	-3.31	-3.86	-3.52	-3.4	-4.68
2.76	21.83	-12.65	18.38	0.43	29	25.54	18.11	16.72	14.71	9.74	13.26	13.06	6.39	-2.65
4.92	-16.62	7.93	-6.79	0.47	-10.27	-10.37	-5.88	-6.65	-6.91	0.9	3.23	3.84	5.36	10.65
-6.43	-7.55	9.21	-8.57	0.46	-17.89	-11.93	-11.88	-6.56	-5.46	-5.02	-5.62	-6.47	-4.75	-3.37
-4.4	-4.74	3.77	-9.15	0.5	-10.09	-7.38	-8.29	-4.46	-3.25	-3.4	-5.16	-3.9	-2.78	-2.5
4.76	13.43	-9.79	16.39	0.4	18.11	21.68	12.83	8.65	7.81	5.51	4.9	7.3	3.14	2.6
-2.2	-2.71	8.48	-0.09	0.48	-1.83	-1.77	-1.42	-4.26	-3.31	-2.87	-3.53	-1.65	-0.85	-1.81
7.13	-0.96	-1.28	5.65	0.5	3.77	7.93	6.04	5.5	7.71	7.91	6.97	10.2	9.08	7.35
-5.65	-1.73	6.8	2.44	0.51	-3.26	-3.66	-3.59	-2.91	-4.7	-3.36	-4.67	-4.76	-0.87	-5.52
-3.02	-3.63	5.11	-4.78	0.56	-7.25	-7.61	-4.39	-5.38	-4.24	-5.76	-3.37	-2.4	-1.92	-1.57
-10.82	-3.06	12.45	-2.51	0.51	-9.04	-10.6	-9.34	-10.31	-10.37	-10.81	-7.88	-9.87	-9.24	-9.78
1.46	1.63	6.09	6.81	0.5	-2.29	1.3	6.3	7.82	8.81	9.26	8.65	7.59	6.9	-0.18
3.42	6.78	-5.73	-24.96	0.54	17.3	14.63	10.51	7.21	4.42	5.23	2.36	3.91	2.67	3.23
-10.33	-1.16	13.65	12.42	0.39	-3.15	-5.31	-5.18	-5.1	-6.7	-7.43	-5.63	-7.65	-5.04	-10.52
-7.46	0.58	6.25	8.35	0.44	-1.1	-4.3	-3.19	-2.92	-5.65	-6.81	-6.77	-4.78	-5.63	-7.31
8.03	0.22	-4.47	-8.08	0.39	2.91	7.37	7.05	7.14	8.1	8.32	8.78	10.42	7.63	7.98
0.73	2.93	2.74	2.15	0.32	8.79	12.49	4.72	2.76	2.51	2.72	3.04	3.22	2.41	0.23
-2.01	6.39	-2.08	0.31	0.28	2	3.16	8.28	5.76	3.95	-0.08	1.47	-0.71	-1.45	-2.4
-2.12	-4.19	5.42	5.6	0.3	-0.7	-4.12	-6.46	-6.27	-5.6	-4.16	-1.26	-2.91	-3.67	-0.94
-6.27	2.11	3.38	5.45	0.31	-3.12	-3.27	-4.2	-4.56	-3.93	-4.13	-4.42	-5.45	-4.76	-6.75
-9.44	-6.43	1.75	11.56	0.28	-10.96	-13.51	-15.61	-16.05	-15.25	-13	-11.74	-14.78	-10.82	-7.12
2.57	6.83	-7.03	-8.44	0.22	6.76	5	6.89	7.37	7.75	7.69	4.57	4.83	3.56	1.71
7.71	0.39	0.77	-8.59	0.17	5.61	7.45	8.82	9.88	8.34	7.85	7.43	9.82	7.55	7.75
1.64	5.07	0.38	-0.01	0.15	6.52	8.02	7.38	6.83	6	6.19	5.63	4.38	2.56	0.42
-1.73	1.03	3.57	3.67	0.14	4.46	-0.49	-1.04	-2.59	-1.4	-2.15	0.24	-1.98	-0.21	-1.82
-2.34	-1.7	3.98	6.82	0.13	-3.83	-4.32	-3.7	-3.21	-2.96	-1.81	-1.23	-1.4	-1.63	-2.25
4.33	4.31	1.13	-1.67	0.13	7.87	8.36	9.13	8.51	8.82	6.73	5.92	6.5	5.96	3.32
-5.12	5.79	4.29	7.89	0.15	2.02	1.66	1.55	1.45	-0.11	-0.88	-1.71	-0.73	-3.15	-7.16
-1.23	-3.67	2.46	3.07	0.14	1.92	-3.82	-5.57	-4.57	-5.23	-2.84	-1.48	-1.55	-0.97	-0.73
-7.18	3.55	1.63	6.18	0.13	-4.17	0.14	-3.32	-5.11	-6.23	-6.83	-7.41	-8.26	-6.36	-7.59
-8.26	-5.06	-3.69	3.35	0.15	-11.27	-16.81	-15.19	-16.26	-12.74	-9.61	-9.67	-10.12	-9.79	-6.44
0.63	-2.21	2.2	1.72	0.14	-0.67	-1.37	-0.77	1.24	0.31	1.97	0.63	0.29	0.52	0.82
-10.12	2.73	1.19	9.06	0.14	-7.99	-7.91	-7.26	-7.1	-7.67	-8.72	-8.93	-10.72	-8.61	-10.88
7.31	-3.03	-6.67	-5.18	0.14	3.38	2.64	4.21	3.21	5.28	3.37	5.61	5.55	6.57	9.37
6.01	3.09	-1.61	-16.16	0.12	11.35	12.27	9.88	9.57	8.89	7.39	8.34	9.03	5.08	5.32
-5.45	-0.49	3.91	9.72	0.11	-3.91	-6.28	-6.58	-5.68	-5.97	-3.89	-5.59	-4.45	-3.75	-6.22
-2.41	1.38	-0.82	1.55	0.1	1.97	-2.28	-2.99	-2.62	-2.54	-3.22	-1.48	-1.98	-1.95	-2.99
-1.61	-0.33	-1.56	1.34	0.09	-1.16	-4.74	-2.41	-2.94	-3.76	-2.29	-1.69	-2.36	-0.58	-1.98
0.93	0.83	-1.62	1.51	0.1	1.75	1.02	0.75	1.74	1.11	1.39	0.59	0.49	1.03	1.15
8.15	1.16	0.07	-9.5	0.1	9.26	10.22	10.19	9.5	11.21	8.41	8.83	7.93	6.51	8.39
6.22	4.69	0.09	-10.81	0.09	13.79	13.53	11.1	11.17	10.59	7.82	9.48	9.39	9.03	4.45
1.54	1.45	0.55	-1.02	0.1	5.38	5.43	1.67	1.73	1.8	1.95	2.04	0.78	0.27	1.5
2.23	5.48	-2.21	-0.38	0.07	9.11	7.57	7.93	6.47	5.39	3.99	4.1	3.28	2.07	1.57
2.47	2.54	1.84	-0.53	0.07	5.15	4.77	4.91	4.66	5.81	5.1	5.18	4.67	3.81	1.3
-1.01	0.68	0.98	-0.06	0.08	4.35	0.11	-2.26	-2.62	-2.56	-1.48	-1.25	-1.83	-1.67	-0.98
5.95	2.85	1.82	3.8	0.07	9.31	8.99	8.88	8.77	8.77	8.46	7.33	8.57	6.79	5.13
1.58	2.24	1.28	1.67	0.07	4.9	3.94	3.52	3.43	3.44	3.6	3.23	2.5	2.19	0.65
4.47	-2.83	2.79	-5.65	0.08	2.72	2.42	2.14	2.24	1.68	3.22	1.87	3.07	3.41	5.39
