WAGE	LNWAGE	EDUC	EXPER	LNEXPER	LNEDUC	MALE
7.7802076852	2.05158303259	1	23	3.178054	0	1
4.81850475584	1.5724636633	1	15	2.772589	0	0
10.563645423	2.35741842922	1	31	3.465736	0	1
7.0424294557	1.95195320378	1	32	3.496508	0	1
7.88752079207	2.06528186394	1	9	2.302585	0	1
8.2000575113	2.10414116782	1	15	2.772589	0	0
8.21428907855	2.10587520831	1	26	3.295837	0	1
10.378317745	2.33971879764	1	23	3.178054	0	1
10.9548908153	2.39378600634	1	13	2.639057	0	1
7.21144821876	1.97566979365	1	22	3.135494	0	1
6.96829937605	1.94137120304	1	39	3.688879	0	0
7.43367484798	2.00602033242	1	20	3.044523	0	0
8.31006769972	2.11746775561	1	16	2.833213	0	1
6.757513033	1.91065492784	1	38	3.663562	0	0
12.181500202	2.49991842399	1	41	3.73767	0	1
6.2972664781	1.84011564687	1	37	3.637586	0	0
8.09582819987	2.09134889195	1	18	2.944439	0	0
7.70960760934	2.04246729255	1	24	3.218876	0	1
7.40461181113	2.00210302381	1	31	3.465736	0	1
8.7837525626	2.17290371527	1	34	3.555348	0	1
8.79120672089	2.17375198565	1	20	3.044523	0	1
9.10821048143	2.20917625745	1	35	3.583519	0	1
6.52035081892	1.87492818107	1	23	3.178054	0	0
9.2191800178	2.22128609845	1	40	3.713572	0	1
3.38036534548	1.21798379403	1	23	3.178054	0	0
8.16921707788	2.10037307538	1	33	3.526361	0	1
11.7126715733	2.46067129619	1	15	2.772589	0	1
9.57770346481	2.25943784141	1	31	3.465736	0	1
7.6134373164	2.02991475405	1	18	2.944439	0	1
8.33992647478	2.12105440036	1	31	3.465736	0	1
9.9335323092	2.29591613577	1	33	3.526361	0	1
8.59176398553	2.15080406829	1	11	2.484907	0	1
6.51033592052	1.87339105558	1	28	3.367296	0	1
8.80303619989	2.17509668469	1	17	2.890372	0	1
9.70290456843	2.27242528073	1	26	3.295837	0	1
7.74667264916	2.04726341558	1	18	2.944439	0	1
7.46497636335	2.01022226466	1	28	3.367296	0	1
9.19222407591	2.21835791752	1	18	2.944439	0	1
8.89570127839	2.18556815763	1	37	3.637586	0	1
9.15515903609	2.21431754948	1	22	3.135494	0	1
7.92273406726	2.06973635677	1	19	2.995732	0	0
4.50715544659	1.50566623315	1	27	3.332205	0	1
8.16780904266	2.10020070187	1	19	2.995732	0	1
11.9721318099	2.48258159978	1	32	3.496508	0	1
7.90918916507	2.06802526895	1	40	3.713572	0	1
11.5568085196	2.44727474551	1	21	3.091043	0	1
9.57770346481	2.25943784141	1	21	3.091043	0	1
4.1513266022	1.42342794634	1	2	1.098612	0	0
9.85940222955	2.28842554097	1	30	3.433987	0	1
7.74667264916	2.04726341558	1	29	3.401197	0	1
6.9217028302	1.93466181309	1	21	3.091043	0	0
5.63394306877	1.72880956446	1	32	3.496508	0	1
8.25597981155	2.11093776343	1	33	3.526361	0	1
7.74667264916	2.04726341558	1	4	1.609438	0	1
12.6763725245	2.53973982957	1	34	3.555348	0	1
7.85787024757	2.06151560886	1	36	3.610918	0	1
4.50715544659	1.50566623315	1	13	2.639057	0	0
7.74667264916	2.04726341558	1	19	2.995732	0	1
8.60741350375	2.15262386724	1	21	3.091043	0	1
7.75174455068	2.04791792135	1	37	3.637586	0	1
11.7373840788	2.46277896834	1	32	3.496508	0	1
8.04849045238	2.0854845524	1	21	3.091043	0	1
8.1543930451	2.09855680597	1	40	3.713572	0	1
9.85940222955	2.28842554097	1	21	3.091043	0	1
8.45091584263	2.13427481924	1	41	3.73767	0	0
9.77341044475	2.2796654783	1	37	3.637586	0	0
9.90150694474	2.2926869622	1	26	3.295837	0	1
7.35542725688	1.99543844304	1	18	2.944439	0	1
4.89263483549	1.58773097954	1	16	2.833213	0	0
9.01431089319	2.19881341371	1	27	3.332205	0	1
6.59660534607	1.88655517521	1	39	3.688879	0	0
9.15515903609	2.21431754948	1	21	3.091043	0	1
6.50070525708	1.8719106721	1	18	2.944439	0	1
10.9548908153	2.39378600634	1	35	3.583519	0	1
13.3806157179	2.59380707142	1	37	3.637586	0	1
11.2678861375	2.42195674502	1	24	3.218876	0	1
7.88752079207	2.06528186394	1	29	3.401197	0	0
9.63700951167	2.26561084386	1	35	3.583519	0	1
11.7373840788	2.46277896834	1	23	3.178054	0	1
7.32412822045	1.99117413355	1	20	3.044523	0	1
9.63700951167	2.26561084386	1	27	3.332205	0	1
11.1196259782	2.40871165321	1	30	3.433987	0	1
8.45091584263	2.13427481924	1	28	3.367296	0	1
5.32940587359	1.67323976359	1	32	3.496508	0	0
8.45091584263	2.13427481924	1	29	3.401197	0	1
7.80084482113	2.05423203823	1	15	2.772589	0	1
9.63700951167	2.26561084386	1	33	3.526361	0	1
7.51192491801	2.01649174692	1	19	2.995732	0	0
11.2678861375	2.42195674502	1	37	3.637586	0	1
10.463037836	2.34784884056	1	18	2.944439	0	1
5.96269202452	1.78552206107	1	13	2.639057	0	0
8.45091584263	2.13427481924	1	14	2.70805	0	0
6.08465811765	1.80577054041	1	28	3.367296	0	1
7.54545995404	2.0209460518	1	9	2.302585	0	1
4.96942729159	1.60330460039	1	19	2.995732	0	0
10.1410985154	2.31659632714	1	34	3.555348	0	1
8.16921707788	2.10037307538	1	34	3.555348	0	1
9.71855160771	2.27403659582	1	33	3.526361	0	1
9.63700951167	2.26561084386	1	45	3.828641	0	1
11.2678861375	2.42195674502	2	17	2.890372	0.6931472	1
9.85940222955	2.28842554097	2	24	3.218876	0.6931472	1
10.563645423	2.35741842922	2	18	2.944439	0.6931472	1
15.7750415841	2.7584290445	2	20	3.044523	0.6931472	1
8.77285516325	2.17166231363	2	21	3.091043	0.6931472	1
7.26960403967	1.98370182509	2	41	3.73767	0.6931472	0
11.2678861375	2.42195674502	2	17	2.890372	0.6931472	1
12.181500202	2.49991842399	2	22	3.135494	0.6931472	1
12.0091968498	2.4856727604	2	35	3.583519	0.6931472	1
9.57770346481	2.25943784141	2	39	3.688879	0.6931472	1
7.0424294557	1.95195320378	2	12	2.564949	0.6931472	1
6.1797327212	1.82127502154	2	23	3.178054	0.6931472	0
9.18466332341	2.21753506295	2	25	3.258096	0.6931472	1
6.10343853108	1.80885230598	2	30	3.433987	0.6931472	1
10.97136334	2.39528854551	2	18	2.944439	0.6931472	1
8.37478030436	2.12522484505	2	33	3.526361	0.6931472	1
3.46704131641	1.24330158368	2	20	3.044523	0.6931472	1
9.96519574912	2.29909859714	2	29	3.401197	0.6931472	1
6.17051108208	1.81978166789	2	4	1.609438	0.6931472	0
9.15515903609	2.21431754948	2	13	2.639057	0.6931472	1
12.1574570091	2.49794272712	2	35	3.583519	0.6931472	1
11.377896326	2.43167255449	2	33	3.526361	0.6931472	1
7.0424294557	1.95195320378	2	4	1.609438	0.6931472	1
14.8261671447	2.69639366993	2	34	3.555348	0.6931472	0
10.4570214601	2.34727366284	2	21	3.091043	0.6931472	0
10.563645423	2.35741842922	2	31	3.465736	0.6931472	0
6.70319460385	1.90258421931	2	15	2.772589	0.6931472	1
8.26311666613	2.11180183672	2	16	2.833213	0.6931472	0
5.63394306877	1.72880956446	2	15	2.772589	0.6931472	0
13.1458679868	2.57610748771	2	34	3.555348	0.6931472	1
8.92041130494	2.18834205595	2	23	3.178054	0.6931472	1
9.15515903609	2.21431754948	2	8	2.197225	0.6931472	1
7.18327759861	1.97175576896	2	24	3.218876	0.6931472	1
6.13955413871	1.81475212368	2	22	3.135494	0.6931472	0
13.7718611102	2.62262746049	2	45	3.828641	0.6931472	1
12.3057196473	2.51006416627	2	15	2.772589	0.6931472	1
9.63700951167	2.26561084386	2	23	3.178054	0.6931472	1
7.88752079207	2.06528186394	2	18	2.944439	0.6931472	1
12.1129799529	2.49427760102	2	33	3.526361	0.6931472	1
8.45091584263	2.13427481924	2	37	3.637586	0.6931472	0
6.67177657852	1.89788617806	2	32	3.496508	0.6931472	0
12.1574570091	2.49794272712	2	34	3.555348	0.6931472	0
10.2531835726	2.32758824981	2	15	2.772589	0.6931472	1
6.65118406342	1.89479489347	2	31	3.465736	0.6931472	0
8.70700472733	2.16412784278	2	11	2.484907	0.6931472	1
8.1543930451	2.09855680597	2	21	3.091043	0.6931472	1
7.69620152752	2.04072689903	2	11	2.484907	0.6931472	1
8.1543930451	2.09855680597	2	14	2.70805	0.6931472	0
8.02836893498	2.0829813859	2	21	3.091043	0.6931472	1
9.85940222955	2.28842554097	2	24	3.218876	0.6931472	1
11.7373840788	2.46277896834	2	23	3.178054	0.6931472	1
14.8261671447	2.69639366993	2	27	3.332205	0.6931472	1
7.51192491801	2.01649174692	2	23	3.178054	0.6931472	1
12.7505050831	2.54557088518	2	20	3.044523	0.6931472	1
5.36566030159	1.68001944429	2	26	3.295837	0.6931472	1
11.4161487758	2.43502891231	2	23	3.178054	0.6931472	1
10.378317745	2.33971879764	2	7	2.079442	0.6931472	1
10.6748405425	2.36788962153	2	24	3.218876	0.6931472	0
7.12434339203	1.9635175664	2	22	3.135494	0.6931472	0
11.4439475556	2.43746099248	2	25	3.258096	0.6931472	1
10.563645423	2.35741842922	2	20	3.044523	0.6931472	1
11.1196259782	2.40871165321	2	15	2.772589	0.6931472	1
12.3057196473	2.51006416627	2	16	2.833213	0.6931472	1
4.42666937697	1.48764746765	2	29	3.401197	0.6931472	1
6.43879384927	1.86234123209	2	24	3.218876	0.6931472	1
7.54779511104	2.02125548234	2	9	2.302585	0.6931472	1
8.02184685634	2.08216867671	2	18	2.944439	0.6931472	0
9.38990676725	2.23963536423	2	13	2.639057	0.6931472	1
8.45091584263	2.13427481924	2	18	2.944439	0.6931472	0
8.75139254188	2.16921283535	2	23	3.178054	0.6931472	1
7.98142038032	2.07711638814	2	20	3.044523	0.6931472	1
8.45091584263	2.13427481924	2	4	1.609438	0.6931472	1
7.35542725688	1.99543844304	2	10	2.397895	0.6931472	0
12.4171006869	2.5190746102	2	29	3.401197	0.6931472	1
12.072736918	2.49094976318	2	14	2.70805	0.6931472	1
11.132228885	2.40984440445	2	24	3.218876	0.6931472	1
8.89570127839	2.18556815763	2	14	2.70805	0.6931472	1
5.71007860704	1.74223279013	2	2	1.098612	0.6931472	1
7.56134497111	2.0230490806	2	9	2.302585	0.6931472	0
16.9018316853	2.8274219998	2	24	3.218876	0.6931472	1
5.63394306877	1.72880956446	2	6	1.94591	0.6931472	1
8.02836893498	2.0829813859	2	34	3.555348	0.6931472	1
6.67177657852	1.89788617806	2	33	3.526361	0.6931472	1
9.63700951167	2.26561084386	2	24	3.218876	0.6931472	1
7.44244036302	2.00719880084	2	11	2.484907	0.6931472	1
8.36133455958	2.12361805067	2	4	1.609438	0.6931472	1
12.8987652424	2.55713158914	2	17	2.890372	0.6931472	0
5.63394306877	1.72880956446	2	3	1.386294	0.6931472	1
9.85940222955	2.28842554097	2	30	3.433987	0.6931472	1
10.7044935659	2.37066361274	2	22	3.135494	0.6931472	1
16.7609835423	2.81905377724	2	17	2.890372	0.6931472	1
7.11655953535	1.96242439731	2	13	2.639057	0.6931472	0
8.09775681149	2.09158708647	2	15	2.772589	0.6931472	1
4.61983296934	1.53035855062	2	27	3.332205	0.6931472	1
8.74743864016	2.16876093068	2	34	3.555348	0.6931472	1
9.63700951167	2.26561084386	2	21	3.091043	0.6931472	1
7.70960760934	2.04246729255	2	16	2.833213	0.6931472	1
12.2068795411	2.50199968962	2	31	3.465736	0.6931472	1
7.88752079207	2.06528186394	2	16	2.833213	0.6931472	0
9.15515903609	2.21431754948	2	21	3.091043	0.6931472	1
8.89570127839	2.18556815763	2	16	2.833213	0.6931472	0
5.47744540765	1.70063882578	2	8	2.197225	0.6931472	1
8.1543930451	2.09855680597	2	27	3.332205	0.6931472	1
11.1196259782	2.40871165321	2	22	3.135494	0.6931472	1
10.5175347485	2.35304384035	2	23	3.178054	0.6931472	1
7.0424294557	1.95195320378	2	13	2.639057	0.6931472	1
5.25834719471	1.65981675583	2	7	2.079442	0.6931472	1
8.1543930451	2.09855680597	2	26	3.295837	0.6931472	0
6.82003673782	1.91986485862	2	20	3.044523	0.6931472	0
11.2678861375	2.42195674502	2	25	3.258096	0.6931472	1
3.6348032593	1.29055498553	2	4	1.609438	0.6931472	1
6.57293399339	1.88296030715	2	2	1.098612	0.6931472	1
8.75665036354	2.16981345323	2	19	2.995732	0.6931472	1
4.34618578628	1.46929862972	2	12	2.564949	0.6931472	1
9.13950951787	2.21260672077	2	39	3.688879	0.6931472	1
11.7126715733	2.46067129619	2	30	3.433987	0.6931472	1
9.60331334485	2.26210817902	2	32	3.496508	0.6931472	1
7.32412822045	1.99117413355	2	10	2.397895	0.6931472	1
8.21763564114	2.1062825328	2	27	3.332205	0.6931472	0
7.0424294557	1.95195320378	2	20	3.044523	0.6931472	0
12.5577629097	2.53033903289	2	24	3.218876	0.6931472	1
9.6246544984	2.26432798326	2	27	3.332205	0.6931472	0
9.21965349443	2.22133745491	2	30	3.433987	0.6931472	0
14.4655316448	2.67176869163	2	35	3.583519	0.6931472	1
8.45091584263	2.13427481924	2	15	2.772589	0.6931472	1
6.47903440514	1.86857148771	2	3	1.386294	0.6931472	1
13.2473803852	2.58379982611	2	23	3.178054	0.6931472	1
7.74667264916	2.04726341558	2	3	1.386294	0.6931472	1
7.74667264916	2.04726341558	2	5	1.791759	0.6931472	1
8.90050297596	2.18610778929	2	14	2.70805	0.6931472	1
8.22251170677	2.10687572283	2	25	3.258096	0.6931472	1
10.8972332604	2.38850892769	2	18	2.944439	0.6931472	1
10.563645423	2.35741842922	2	15	2.772589	0.6931472	1
10.563645423	2.35741842922	2	38	3.663562	0.6931472	1
6.33818626224	1.84659264901	2	11	2.484907	0.6931472	1
9.15515903609	2.21431754948	2	29	3.401197	0.6931472	1
7.41308481181	2.00324665657	2	22	3.135494	0.6931472	1
7.11655953535	1.96242439731	2	4	1.609438	0.6931472	1
11.457792409	2.43867005826	2	8	2.197225	0.6931472	0
11.7129690455	2.46069669334	2	31	3.465736	0.6931472	1
8.14458885619	2.09735376272	2	20	3.044523	0.6931472	0
7.32412822045	1.99117413355	2	4	1.609438	0.6931472	0
7.62929754412	2.03199577607	2	14	2.70805	0.6931472	0
6.86185389651	1.92597765253	2	19	2.995732	0.6931472	1
13.5918904112	2.6094733216	2	21	3.091043	0.6931472	1
10.563645423	2.35741842922	2	30	3.433987	0.6931472	1
6.19733811933	1.82411986427	2	0	0	0.6931472	0
8.22971053473	2.10775084211	2	30	3.433987	0.6931472	0
7.62929754412	2.03199577607	2	21	3.091043	0.6931472	0
6.05648997643	1.80113042046	2	1	0.6931472	0.6931472	1
5.44614637121	1.69490827072	2	7	2.079442	0.6931472	0
12.8775852196	2.55548822015	2	24	3.218876	0.6931472	1
13.8913333945	2.63126514888	2	20	3.044523	0.6931472	1
9.97677485566	2.30025987734	2	35	3.583519	0.6931472	0
11.1937560579	2.41535612801	2	28	3.367296	0.6931472	0
7.60582450626	2.02891433617	2	18	2.944439	0.6931472	1
11.9721318099	2.48258159978	2	31	3.465736	0.6931472	1
8.97813331218	2.19479198901	2	19	2.995732	0.6931472	1
9.15515903609	2.21431754948	2	34	3.555348	0.6931472	1
5.55569547768	1.71482361376	2	33	3.526361	0.6931472	0
7.0424294557	1.95195320378	2	2	1.098612	0.6931472	1
11.9721318099	2.48258159978	2	16	2.833213	0.6931472	1
10.378317745	2.33971879764	2	22	3.135494	0.6931472	1
5.77840302033	1.75412735045	2	0	0	0.6931472	1
24.7345357822	3.20820047685	2	46	3.850147	0.6931472	1
5.63394306877	1.72880956446	2	6	1.94591	0.6931472	1
5.93755066324	1.78129670208	2	20	3.044523	0.6931472	0
4.89263483549	1.58773097954	2	5	1.791759	0.6931472	1
17.2148294864	2.8457711918	2	25	3.258096	0.6931472	1
7.41308481181	2.00324665657	2	10	2.397895	0.6931472	0
17.2724845624	2.84911474761	2	38	3.663562	0.6931472	1
6.70707661645	1.90316318041	2	22	3.135494	0.6931472	0
9.63700951167	2.26561084386	2	13	2.639057	0.6931472	1
7.90653670435	2.06768984827	2	31	3.465736	0.6931472	0
7.85787024757	2.06151560886	2	15	2.772589	0.6931472	1
4.57757951805	1.52117036892	2	26	3.295837	0.6931472	0
7.30326054353	1.98832089823	2	22	3.135494	0.6931472	0
14.8261671447	2.69639366993	2	23	3.178054	0.6931472	1
10.1410985154	2.31659632714	2	25	3.258096	0.6931472	0
9.13612577126	2.21223641938	2	14	2.70805	0.6931472	1
7.11655953535	1.96242439731	2	27	3.332205	0.6931472	0
10.6495628398	2.3655188434	2	20	3.044523	0.6931472	1
11.4201572141	2.43537997069	2	33	3.526361	0.6931472	1
8.89570127839	2.18556815763	2	18	2.944439	0.6931472	1
8.04849045238	2.0854845524	2	9	2.302585	0.6931472	0
7.0424294557	1.95195320378	2	5	1.791759	0.6931472	1
9.85940222955	2.28842554097	2	21	3.091043	0.6931472	1
7.23276458296	1.9786213397	2	1	0.6931472	0.6931472	1
7.0424294557	1.95195320378	2	14	2.70805	0.6931472	0
13.3806157179	2.59380707142	2	21	3.091043	0.6931472	0
8.4469123622	2.13380097367	2	16	2.833213	0.6931472	0
9.38990676725	2.23963536423	2	32	3.496508	0.6931472	1
5.63394306877	1.72880956446	2	5	1.791759	0.6931472	1
8.21616811147	2.10610393389	2	12	2.564949	0.6931472	1
10.6588117472	2.36638694415	2	20	3.044523	0.6931472	1
11.1270379946	2.4093780018	2	20	3.044523	0.6931472	1
7.0424294557	1.95195320378	2	24	3.218876	0.6931472	1
10.0158998907	2.30417381937	2	18	2.944439	0.6931472	1
14.0848589114	2.64510038434	2	27	3.332205	0.6931472	1
7.46497636335	2.01022226466	2	6	1.94591	0.6931472	0
10.9861898517	2.39663901601	2	19	2.995732	0.6931472	1
10.9861898517	2.39663901601	2	17	2.890372	0.6931472	1
6.09074886155	1.80677103993	2	30	3.433987	0.6931472	1
10.5323439076	2.35445089469	2	27	3.332205	0.6931472	0
10.563645423	2.35741842922	2	26	3.295837	0.6931472	1
16.9018316853	2.8274219998	2	33	3.526361	0.6931472	1
7.88752079207	2.06528186394	2	10	2.397895	0.6931472	1
8.45091584263	2.13427481924	2	27	3.332205	0.6931472	1
13.7718611102	2.62262746049	2	39	3.688879	0.6931472	1
6.25904377552	1.83402742193	2	1	0.6931472	0.6931472	1
13.3806157179	2.59380707142	2	24	3.218876	0.6931472	0
14.1609944497	2.6504913153	2	31	3.465736	0.6931472	1
2.19097791517	0.784347980766	2	36	3.610918	0.6931472	0
8.45091584263	2.13427481924	2	17	2.890372	0.6931472	1
7.74667264916	2.04726341558	2	13	2.639057	0.6931472	0
9.20927419255	2.22021104071	2	26	3.295837	0.6931472	1
7.25370167006	1.98151191375	2	21	3.091043	0.6931472	1
5.18915763301	1.64657137823	2	27	3.332205	0.6931472	0
7.10366907206	1.96061142128	2	24	3.218876	0.6931472	0
6.61988254805	1.8900776278	2	15	2.772589	0.6931472	1
12.6022424448	2.53387476993	2	32	3.496508	0.6931472	1
7.98142038032	2.07711638814	2	6	1.94591	0.6931472	1
7.2196163104	1.97680180889	2	13	2.639057	0.6931472	0
10.4302092965	2.34470633559	2	20	3.044523	0.6931472	1
10.6418930141	2.36479838295	2	10	2.397895	0.6931472	1
10.0002503725	2.30261012993	2	20	3.044523	0.6931472	1
8.45091584263	2.13427481924	2	22	3.135494	0.6931472	1
8.54136227408	2.14492051195	2	14	2.70805	0.6931472	1
13.3806157179	2.59380707142	2	46	3.850147	0.6931472	1
8.54520958158	2.14537084308	2	11	2.484907	0.6931472	1
9.89453865776	2.29198295419	2	21	3.091043	0.6931472	1
12.4470710141	2.52148533532	2	22	3.135494	0.6931472	0
11.2678861375	2.42195674502	2	20	3.044523	0.6931472	1
8.00613040687	2.08020754908	2	34	3.555348	0.6931472	1
5.21139864006	1.65084827272	2	15	2.772589	0.6931472	1
10.2966244339	2.33181611666	2	13	2.639057	0.6931472	1
7.71181386171	2.04275342083	2	29	3.401197	0.6931472	1
9.38990676725	2.23963536423	2	25	3.258096	0.6931472	1
8.59917848086	2.15166667322	2	23	3.178054	0.6931472	1
8.76391116488	2.17064228531	2	28	3.367296	0.6931472	1
8.3026532044	2.1165751269	2	45	3.828641	0.6931472	1
7.09806419947	1.95982209891	2	38	3.663562	0.6931472	1
10.3288976919	2.33494556803	2	14	2.70805	0.6931472	1
12.5680281805	2.5311561432	2	14	2.70805	0.6931472	1
6.77595879018	1.9133808756	2	15	2.772589	0.6931472	0
7.70960760934	2.04246729255	2	29	3.401197	0.6931472	0
8.51351639444	2.14165506458	2	16	2.833213	0.6931472	1
10.378317745	2.33971879764	2	32	3.496508	0.6931472	1
10.2567433236	2.3279353745	2	6	1.94591	0.6931472	1
9.82328662193	2.28475575292	2	40	3.713572	0.6931472	1
7.17927411818	1.9711982802	2	31	3.465736	0.6931472	0
6.10343853108	1.80885230598	2	24	3.218876	0.6931472	1
7.98142038032	2.07711638814	2	26	3.295837	0.6931472	0
9.57770346481	2.25943784141	2	25	3.258096	0.6931472	1
5.28182271151	1.66427124866	2	15	2.772589	0.6931472	0
8.09508699823	2.09125733423	2	32	3.496508	0.6931472	0
9.296007179	2.22958497238	2	27	3.332205	0.6931472	0
8.89570127839	2.18556815763	2	12	2.564949	0.6931472	1
9.89746875922	2.29227904356	2	29	3.401197	0.6931472	1
20.9467128079	3.04198172751	2	27	3.332205	0.6931472	1
6.33818626224	1.84659264901	2	2	1.098612	0.6931472	1
8.51962201195	2.14237197506	2	22	3.135494	0.6931472	1
9.63700951167	2.26561084386	2	23	3.178054	0.6931472	0
7.5776538861	2.02520363804	2	29	3.401197	0.6931472	1
10.1122065251	2.31374326096	2	11	2.484907	0.6931472	1
9.3389646479	2.23419539469	3	38	3.663562	1.098612	1
8.45091584263	2.13427481924	3	5	1.791759	1.098612	1
7.74667264916	2.04726341558	3	1	0.6931472	1.098612	0
12.4135508516	2.51878868654	3	19	2.995732	1.098612	0
11.9721318099	2.48258159978	3	16	2.833213	1.098612	1
10.7861843981	2.37826609283	3	9	2.302585	1.098612	1
14.165344981	2.65079848745	3	9	2.302585	1.098612	1
7.60582450626	2.02891433617	3	20	3.044523	1.098612	0
13.7718611102	2.62262746049	3	26	3.295837	1.098612	1
10.1410985154	2.31659632714	3	22	3.135494	1.098612	1
9.63700951167	2.26561084386	3	4	1.609438	1.098612	1
12.2538280958	2.50583838579	3	13	2.639057	1.098612	1
13.7718611102	2.62262746049	3	25	3.258096	1.098612	1
27.3872270382	3.31007673822	3	35	3.583519	1.098612	1
4.50715544659	1.50566623315	3	3	1.386294	1.098612	0
7.70723526831	2.0421595329	3	30	3.433987	1.098612	1
14.8261671447	2.69639366993	3	22	3.135494	1.098612	1
9.57458992214	2.25911270617	3	15	2.772589	1.098612	1
10.1723975518	2.31967792975	3	33	3.526361	1.098612	0
7.16762808039	1.96957478822	3	5	1.791759	1.098612	1
15.7226344141	2.75510135655	3	46	3.850147	1.098612	1
9.296007179	2.22958497238	3	6	1.94591	1.098612	0
17.2148294864	2.8457711918	3	24	3.218876	1.098612	1
11.2678861375	2.42195674502	3	19	2.995732	1.098612	1
8.59917848086	2.15166667322	3	22	3.135494	1.098612	1
6.69030909844	1.90066007613	3	12	2.564949	1.098612	1
5.35224678296	1.67751643218	3	4	1.609438	1.098612	1
9.85940222955	2.28842554097	3	16	2.833213	1.098612	1
8.31006769972	2.11746775561	3	42	3.7612	1.098612	0
9.19222407591	2.21835791752	3	18	2.944439	1.098612	1
10.563645423	2.35741842922	3	10	2.397895	1.098612	1
14.0848589114	2.64510038434	3	15	2.772589	1.098612	1
11.1196259782	2.40871165321	3	8	2.197225	1.098612	0
10.463037836	2.34784884056	3	23	3.178054	1.098612	0
8.45091584263	2.13427481924	3	12	2.564949	1.098612	1
8.89570127839	2.18556815763	3	11	2.484907	1.098612	1
10.1723975518	2.31967792975	3	21	3.091043	1.098612	0
7.74667264916	2.04726341558	3	6	1.94591	1.098612	1
13.5366919601	2.60540392154	3	39	3.688879	1.098612	1
8.45091584263	2.13427481924	3	19	2.995732	1.098612	1
10.563645423	2.35741842922	3	9	2.302585	1.098612	1
10.6588117472	2.36638694415	3	20	3.044523	1.098612	0
13.3806157179	2.59380707142	3	20	3.044523	1.098612	1
17.6046197437	2.86816135304	3	23	3.178054	1.098612	1
9.28624017412	2.22853375337	3	34	3.555348	1.098612	1
5.31200374815	1.66996911777	3	3	1.386294	1.098612	0
14.8261671447	2.69639366993	3	26	3.295837	1.098612	1
15.0790854712	2.7133087156	3	29	3.401197	1.098612	1
6.30112122241	1.84072758937	3	4	1.609438	1.098612	0
9.63700951167	2.26561084386	3	17	2.890372	1.098612	0
7.88752079207	2.06528186394	3	15	2.772589	1.098612	0
9.4368553219	2.24462280198	3	14	2.70805	1.098612	1
11.8938817399	2.4760241284	3	18	2.944439	1.098612	1
11.8609342115	2.47325016041	3	8	2.197225	1.098612	0
8.45091584263	2.13427481924	3	31	3.465736	1.098612	1
6.76073316989	1.91113134126	3	3	1.386294	1.098612	1
9.85940222955	2.28842554097	3	15	2.772589	1.098612	1
12.072736918	2.49094976318	3	24	3.218876	1.098612	1
12.3513370137	2.51376431743	3	4	1.609438	1.098612	1
15.4933452983	2.74041059614	3	20	3.044523	1.098612	1
9.78526967097	2.2808781601	3	18	2.944439	1.098612	1
7.88752079207	2.06528186394	3	8	2.197225	1.098612	0
8.1543930451	2.09855680597	3	11	2.484907	1.098612	1
7.0424294557	1.95195320378	3	33	3.526361	1.098612	1
15.1579924591	2.7185279479	3	31	3.465736	1.098612	1
9.44066296644	2.24502620719	3	9	2.302585	1.098612	1
6.54946095553	1.87938274939	3	2	1.098612	1.098612	1
15.2268746328	2.72306193461	3	29	3.401197	1.098612	1
7.74667264916	2.04726341558	3	10	2.397895	1.098612	1
5.91564183352	1.77760000101	3	3	1.386294	1.098612	0
5.35224678296	1.67751643218	3	14	2.70805	1.098612	1
7.70960760934	2.04246729255	3	7	2.079442	1.098612	0
4.7888517324	1.56629066085	3	23	3.178054	1.098612	0
9.50671667505	2.25199856721	3	12	2.564949	1.098612	1
9.48874687344	2.25010655685	3	12	2.564949	1.098612	1
6.89594669298	1.93093380319	3	7	2.079442	1.098612	1
7.52294626412	2.01795785167	3	9	2.302585	1.098612	0
10.563645423	2.35741842922	3	30	3.433987	1.098612	1
7.51192491801	2.01649174692	3	10	2.397895	1.098612	1
6.33818626224	1.84659264901	3	18	2.944439	1.098612	0
7.54046985739	2.02028449538	3	17	2.890372	1.098612	1
13.3435506781	2.59103317285	3	18	2.944439	1.098612	1
6.65829612865	1.89586361528	3	16	2.833213	1.098612	0
8.74743864016	2.16876093068	3	10	2.397895	1.098612	0
9.64427279195	2.2663642461	3	18	2.944439	1.098612	1
6.53537564545	1.87722982751	3	3	1.386294	1.098612	0
8.89570127839	2.18556815763	3	11	2.484907	1.098612	1
7.32412822045	1.99117413355	3	6	1.94591	1.098612	1
18.7798110556	2.93278241279	3	43	3.78419	1.098612	1
7.0424294557	1.95195320378	3	5	1.791759	1.098612	1
10.0817949474	2.31073131697	3	10	2.397895	1.098612	0
19.7188019802	2.98157259582	3	24	3.218876	1.098612	1
8.89570127839	2.18556815763	3	18	2.944439	1.098612	1
22.535774754	3.11510403558	3	15	2.772589	1.098612	1
11.4087367594	2.43437944428	3	22	3.135494	1.098612	1
12.6763725245	2.53973982957	3	35	3.583519	1.098612	1
8.08993329185	2.09062048528	3	9	2.302585	1.098612	1
2.47893524773	0.907829132394	3	16	2.833213	1.098612	0
11.2678861375	2.42195674502	3	2	1.098612	1.098612	1
15.2268746328	2.72306193461	3	22	3.135494	1.098612	1
8.55152095072	2.1461091561	3	15	2.772589	1.098612	1
5.90222583596	1.7753295401	3	2	1.098612	1.098612	1
24.4631766564	3.1971689933	3	16	2.833213	1.098612	0
11.1618670349	2.41250323999	3	29	3.401197	1.098612	1
6.33818626224	1.84659264901	3	1	0.6931472	1.098612	1
14.8261671447	2.69639366993	3	32	3.496508	1.098612	1
7.98142038032	2.07711638814	3	2	1.098612	1.098612	0
10.1975860129	2.32215102687	3	30	3.433987	1.098612	0
9.38990676725	2.23963536423	3	13	2.639057	1.098612	0
12.181500202	2.49991842399	3	37	3.637586	1.098612	1
7.15663152363	1.96803941268	3	9	2.302585	1.098612	0
10.0817949474	2.31073131697	3	15	2.772589	1.098612	1
5.70101314084	1.74064390305	3	1	0.6931472	1.098612	1
9.63700951167	2.26561084386	3	15	2.772589	1.098612	1
7.85787024757	2.06151560886	3	24	3.218876	1.098612	0
15.4933452983	2.74041059614	3	32	3.496508	1.098612	1
11.564411414	2.44793240066	3	19	2.995732	1.098612	1
10.0158998907	2.30417381937	3	26	3.295837	1.098612	0
10.463037836	2.34784884056	3	25	3.258096	1.098612	0
10.0817949474	2.31073131697	3	6	1.94591	1.098612	0
11.7246944093	2.46169725082	3	14	2.70805	1.098612	0
11.9721318099	2.48258159978	3	23	3.178054	1.098612	1
7.74667264916	2.04726341558	3	13	2.639057	1.098612	0
9.80306346818	2.28269493562	3	20	3.044523	1.098612	1
6.67177657852	1.89788617806	3	2	1.098612	1.098612	0
18.3844481518	2.91150509808	3	28	3.367296	1.098612	1
11.5495849023	2.44664949713	3	29	3.401197	1.098612	0
12.4860373972	2.52461101177	3	30	3.433987	1.098612	1
6.33818626224	1.84659264901	3	1	0.6931472	1.098612	1
8.74743864016	2.16876093068	3	22	3.135494	1.098612	0
9.4368553219	2.24462280198	3	8	2.197225	1.098612	1
10.8922927424	2.38805545128	3	14	2.70805	1.098612	0
16.7852076976	2.82049800436	3	18	2.944439	1.098612	1
6.67177657852	1.89788617806	3	11	2.484907	1.098612	0
9.15515903609	2.21431754948	3	42	3.7612	1.098612	0
8.1543930451	2.09855680597	3	18	2.944439	1.098612	0
7.74667264916	2.04726341558	3	13	2.639057	1.098612	1
13.3023656479	2.58794188767	3	31	3.465736	1.098612	1
11.0744548202	2.40464108855	3	28	3.367296	1.098612	0
10.0158998907	2.30417381937	3	9	2.302585	1.098612	1
10.563645423	2.35741842922	3	30	3.433987	1.098612	1
7.0424294557	1.95195320378	3	14	2.70805	1.098612	1
10.3288976919	2.33494556803	3	22	3.135494	1.098612	1
9.48874687344	2.25010655685	3	17	2.890372	1.098612	1
8.31006769972	2.11746775561	3	14	2.70805	1.098612	0
6.31001812102	1.84213854834	3	43	3.78419	1.098612	1
10.6588117472	2.36638694415	3	11	2.484907	1.098612	1
11.8312811881	2.47074697205	3	22	3.135494	1.098612	1
11.1651417083	2.4127965774	3	22	3.135494	1.098612	0
10.8837552894	2.38727133715	3	24	3.218876	1.098612	1
15.2616764048	2.72534487597	3	25	3.258096	1.098612	1
6.50070525708	1.8719106721	3	13	2.639057	1.098612	0
14.0848589114	2.64510038434	3	25	3.258096	1.098612	1
15.4933452983	2.74041059614	3	37	3.637586	1.098612	1
8.66760700944	2.15959274456	3	6	1.94591	1.098612	1
6.57293399339	1.88296030715	3	11	2.484907	1.098612	0
7.0424294557	1.95195320378	3	5	1.791759	1.098612	1
13.7041886569	2.61770152748	3	30	3.433987	1.098612	0
12.6022424448	2.53387476993	3	22	3.135494	1.098612	1
13.458865788	2.59963805528	3	28	3.367296	1.098612	1
6.67177657852	1.89788617806	3	4	1.609438	1.098612	0
11.08008944	2.40514975349	3	17	2.890372	1.098612	0
7.70960760934	2.04246729255	3	18	2.944439	1.098612	1
11.4201572141	2.43537997069	3	32	3.496508	1.098612	0
11.2336396471	2.41891281661	3	19	2.995732	1.098612	0
11.1480172236	2.41126165462	3	21	3.091043	1.098612	1
8.08705524803	2.0902646658	3	7	2.079442	1.098612	0
7.41308481181	2.00324665657	3	5	1.791759	1.098612	0
6.66683358164	1.89714502182	3	16	2.833213	1.098612	1
6.76073316989	1.91113134126	3	15	2.772589	1.098612	1
12.181500202	2.49991842399	3	16	2.833213	1.098612	1
16.9018316853	2.8274219998	3	22	3.135494	1.098612	1
12.7505050831	2.54557088518	3	25	3.258096	1.098612	1
8.1543930451	2.09855680597	3	11	2.484907	1.098612	0
8.60741350375	2.15262386724	3	13	2.639057	1.098612	0
6.93464287219	1.936529556	3	2	1.098612	1.098612	1
13.1458679868	2.57610748771	3	13	2.639057	1.098612	1
10.0943383598	2.31197470824	3	12	2.564949	1.098612	1
9.57770346481	2.25943784141	3	4	1.609438	1.098612	0
12.6022424448	2.53387476993	3	31	3.465736	1.098612	0
12.5198748633	2.52731737068	3	13	2.639057	1.098612	1
9.85940222955	2.28842554097	3	15	2.772589	1.098612	1
15.1154588881	2.71571798755	3	9	2.302585	1.098612	1
17.7066799868	2.87394196877	3	15	2.772589	1.098612	0
8.89570127839	2.18556815763	3	14	2.70805	1.098612	1
9.71855160771	2.27403659582	3	15	2.772589	1.098612	1
10.3288976919	2.33494556803	3	16	2.833213	1.098612	1
7.80752059375	2.05508744786	3	21	3.091043	1.098612	0
13.3435506781	2.59103317285	3	24	3.218876	1.098612	1
11.3910941772	2.43283183757	3	34	3.555348	1.098612	1
11.1196259782	2.40871165321	3	18	2.944439	1.098612	1
12.5762136247	2.53180722224	3	17	2.890372	1.098612	1
8.87346275028	2.18306510912	3	12	2.564949	1.098612	0
11.9721318099	2.48258159978	3	9	2.302585	1.098612	0
7.70960760934	2.04246729255	3	25	3.258096	1.098612	1
5.16444760646	1.64179814747	3	7	2.079442	1.098612	1
9.38990676725	2.23963536423	3	22	3.135494	1.098612	1
9.38990676725	2.23963536423	3	17	2.890372	1.098612	1
14.2726580879	2.65834568519	3	16	2.833213	1.098612	0
10.7044935659	2.37066361274	3	14	2.70805	1.098612	1
13.8681702235	2.6295963023	3	34	3.555348	1.098612	1
11.8609342115	2.47325016041	3	12	2.564949	1.098612	1
7.43367484798	2.00602033242	3	1	0.6931472	1.098612	1
11.8609342115	2.47325016041	3	16	2.833213	1.098612	1
6.51033592052	1.87339105558	3	7	2.079442	1.098612	1
4.96323491134	1.60205772801	3	5	1.791759	1.098612	0
8.1543930451	2.09855680597	3	9	2.302585	1.098612	0
10.378317745	2.33971879764	3	22	3.135494	1.098612	0
11.6801281114	2.45788894578	3	15	2.772589	1.098612	1
9.12162400006	2.21064785842	3	35	3.583519	1.098612	1
9.296007179	2.22958497238	3	12	2.564949	1.098612	1
9.89070126599	2.29159504969	3	25	3.258096	1.098612	1
6.61988254805	1.8900776278	3	5	1.791759	1.098612	1
8.19482695793	2.10350309641	3	12	2.564949	1.098612	1
8.1543930451	2.09855680597	3	20	3.044523	1.098612	1
10.0158998907	2.30417381937	3	21	3.091043	1.098612	0
10.9633489424	2.39455779528	3	16	2.833213	1.098612	0
10.015773465	2.30416119679	3	33	3.526361	1.098612	1
9.15515903609	2.21431754948	3	35	3.583519	1.098612	1
8.1543930451	2.09855680597	3	11	2.484907	1.098612	0
5.63394306877	1.72880956446	3	6	1.94591	1.098612	1
15.1154588881	2.71571798755	3	27	3.332205	1.098612	1
10.563645423	2.35741842922	3	19	2.995732	1.098612	1
11.1454093838	2.41102769867	3	27	3.332205	1.098612	0
11.9721318099	2.48258159978	3	34	3.555348	1.098612	1
12.9869905478	2.56394812931	3	19	2.995732	1.098612	0
7.98142038032	2.07711638814	3	12	2.564949	1.098612	0
13.3806157179	2.59380707142	3	24	3.218876	1.098612	1
22.535774754	3.11510403558	3	20	3.044523	1.098612	1
9.89070126599	2.29159504969	3	8	2.197225	1.098612	0
8.1543930451	2.09855680597	3	22	3.135494	1.098612	0
7.60582450626	2.02891433617	3	12	2.564949	1.098612	1
9.43358064844	2.24427573279	3	25	3.258096	1.098612	0
13.3435506781	2.59103317285	3	21	3.091043	1.098612	1
8.1543930451	2.09855680597	3	32	3.496508	1.098612	1
8.96309361203	2.1931154366	3	29	3.401197	1.098612	1
8.1543930451	2.09855680597	3	6	1.94591	1.098612	1
11.7373840788	2.46277896834	3	24	3.218876	1.098612	0
8.38528107407	2.12647791577	3	9	2.302585	1.098612	0
14.0566907702	2.64309849383	3	22	3.135494	1.098612	0
11.8609342115	2.47325016041	3	17	2.890372	1.098612	1
9.14107372601	2.21277785406	3	21	3.091043	1.098612	1
11.84843542	2.4721958268	3	15	2.772589	1.098612	1
6.76073316989	1.91113134126	3	26	3.295837	1.098612	1
12.6763725245	2.53973982957	3	33	3.526361	1.098612	1
19.5873911438	2.97488605023	3	22	3.135494	1.098612	1
8.60741350375	2.15262386724	3	14	2.70805	1.098612	1
9.48874687344	2.25010655685	3	28	3.367296	1.098612	1
9.4368553219	2.24462280198	3	14	2.70805	1.098612	0
12.2068795411	2.50199968962	3	39	3.688879	1.098612	0
10.378317745	2.33971879764	3	5	1.791759	1.098612	1
11.6225300509	2.45294546016	3	14	2.70805	1.098612	1
7.19084826685	1.97280914347	3	3	1.386294	1.098612	0
8.13791804144	2.09653437844	3	4	1.609438	1.098612	1
7.7967843252	2.05371138269	3	15	2.772589	1.098612	0
10.557024187	2.35679143809	3	5	1.791759	1.098612	1
12.8987652424	2.55713158914	3	17	2.890372	1.098612	1
10.7313206032	2.37316662485	3	19	2.995732	1.098612	0
10.6588117472	2.36638694415	3	16	2.833213	1.098612	1
5.12238255425	1.63361967344	3	1	0.6931472	1.098612	0
6.98559986515	1.94385086807	3	21	3.091043	1.098612	0
8.92041130494	2.18834205595	3	32	3.496508	1.098612	1
10.2278315018	2.32511258309	3	9	2.302585	1.098612	0
8.60741350375	2.15262386724	3	23	3.178054	1.098612	1
10.378317745	2.33971879764	3	15	2.772589	1.098612	1
8.18129197147	2.10185008087	3	8	2.197225	1.098612	0
7.62929754412	2.03199577607	3	10	2.397895	1.098612	0
9.95329933887	2.29790408805	3	14	2.70805	1.098612	0
12.6022424448	2.53387476993	3	22	3.135494	1.098612	1
8.63871501912	2.15625384712	3	11	2.484907	1.098612	0
5.88434031815	1.77229463896	3	10	2.397895	1.098612	1
7.74667264916	2.04726341558	3	4	1.609438	1.098612	0
6.14612083818	1.81582112479	3	6	1.94591	1.098612	1
7.74667264916	2.04726341558	3	29	3.401197	1.098612	1
5.79964749541	1.75779713905	3	1	0.6931472	1.098612	0
6.22699114276	1.8288932535	3	1	0.6931472	1.098612	1
8.45091584263	2.13427481924	3	19	2.995732	1.098612	1
8.66760700944	2.15959274456	3	11	2.484907	1.098612	0
6.37525130206	1.8524235102	3	16	2.833213	1.098612	0
6.79547544739	1.91625701534	3	2	1.098612	1.098612	1
10.7313206032	2.37316662485	3	11	2.484907	1.098612	1
7.60582450626	2.02891433617	3	31	3.465736	1.098612	1
8.90859917848	2.1870170101	3	12	2.564949	1.098612	1
10.7707753366	2.37683647897	3	4	1.609438	1.098612	1
9.56287943203	2.25788887753	3	21	3.091043	1.098612	1
12.5355243816	2.52856656413	3	20	3.044523	1.098612	1
12.3946762387	2.51726704483	3	21	3.091043	1.098612	0
9.10550844201	2.20887955369	3	18	2.944439	1.098612	0
7.51192491801	2.01649174692	3	12	2.564949	1.098612	1
7.60582450626	2.02891433617	3	16	2.833213	1.098612	0
6.22550873949	1.82865516423	3	23	3.178054	1.098612	0
7.37890277368	1.99862495191	3	25	3.258096	1.098612	1
8.13791804144	2.09653437844	3	14	2.70805	1.098612	1
9.15515903609	2.21431754948	3	15	2.772589	1.098612	1
8.45091584263	2.13427481924	3	6	1.94591	1.098612	1
8.1543930451	2.09855680597	3	2	1.098612	1.098612	1
30.7305917962	3.42525863389	3	23	3.178054	1.098612	0
14.8673521749	2.69916767971	3	17	2.890372	1.098612	1
11.496766229	2.44206579834	3	29	3.401197	1.098612	0
10.7983906752	2.37939711147	3	28	3.367296	1.098612	1
6.70283763718	1.90253096467	3	26	3.295837	1.098612	0
8.88429569731	2.18428518973	3	22	3.135494	1.098612	0
7.41308481181	2.00324665657	3	7	2.079442	1.098612	1
6.76073316989	1.91113134126	3	11	2.484907	1.098612	0
10.6418930141	2.36479838295	3	17	2.890372	1.098612	1
6.65502145518	1.89537167576	3	18	2.944439	1.098612	0
5.63394306877	1.72880956446	3	36	3.610918	1.098612	1
8.45091584263	2.13427481924	3	16	2.833213	1.098612	1
10.1410985154	2.31659632714	3	7	2.079442	1.098612	1
5.9558823894	1.78437936805	3	3	1.386294	1.098612	0
8.89570127839	2.18556815763	3	21	3.091043	1.098612	0
10.1723975518	2.31967792975	3	29	3.401197	1.098612	0
2.2535774754	0.81251894259	3	47	3.871201	1.098612	0
8.60741350375	2.15262386724	3	3	1.386294	1.098612	0
9.38990676725	2.23963536423	3	18	2.944439	1.098612	0
7.78818737776	2.05260814703	3	16	2.833213	1.098612	0
8.66218805699	2.15896735313	3	12	2.564949	1.098612	1
17.0192043114	2.83434237184	3	24	3.218876	1.098612	1
16.484669025	2.80243079898	3	24	3.218876	1.098612	1
11.2678861375	2.42195674502	3	28	3.367296	1.098612	1
7.30890012122	1.98909280023	3	13	2.639057	1.098612	0
5.63394306877	1.72880956446	3	19	2.995732	1.098612	1
11.4201572141	2.43537997069	3	4	1.609438	1.098612	1
6.76073316989	1.91113134126	3	13	2.639057	1.098612	1
10.1410985154	2.31659632714	3	11	2.484907	1.098612	0
8.00613040687	2.08020754908	3	3	1.386294	1.098612	0
12.5198748633	2.52731737068	3	19	2.995732	1.098612	1
11.7126715733	2.46067129619	3	17	2.890372	1.098612	0
8.89570127839	2.18556815763	3	16	2.833213	1.098612	1
11.9002972243	2.47656337664	3	25	3.258096	1.098612	1
8.83158857607	2.17833490512	3	27	3.332205	1.098612	1
14.7676320467	2.69243776187	3	18	2.944439	1.098612	0
8.07024310918	2.08818360688	3	9	2.302585	1.098612	0
8.41204118007	2.12966415322	3	21	3.091043	1.098612	0
10.6418930141	2.36479838295	3	13	2.639057	1.098612	0
11.4740591821	2.4400887641	3	17	2.890372	1.098612	0
12.6022424448	2.53387476993	3	34	3.555348	1.098612	1
9.05455144906	2.20326755384	3	7	2.079442	1.098612	0
9.07690896606	2.20573371242	3	1	0.6931472	1.098612	0
7.43367484798	2.00602033242	3	3	1.386294	1.098612	0
11.7012684712	2.45969725227	3	27	3.332205	1.098612	1
8.59176398553	2.15080406829	3	18	2.944439	1.098612	1
6.21300746903	1.82664507324	3	0	0	1.098612	0
10.563645423	2.35741842922	3	24	3.218876	1.098612	0
6.90158131279	1.93175056111	3	3	1.386294	1.098612	0
7.0424294557	1.95195320378	3	11	2.484907	1.098612	0
10.4629386786	2.34783936359	3	21	3.091043	1.098612	1
7.19892959576	1.97393234771	3	4	1.609438	1.098612	0
8.45091584263	2.13427481924	3	16	2.833213	1.098612	1
5.47744540765	1.70063882578	3	2	1.098612	1.098612	0
6.98609069432	1.9439211286	3	18	2.944439	1.098612	0
12.1748120347	2.49936923022	3	10	2.397895	1.098612	0
14.5074058191	2.67465926518	3	38	3.663562	1.098612	0
13.3435506781	2.59103317285	3	18	2.944439	1.098612	0
10.5104350779	2.3523685806	3	15	2.772589	1.098612	0
8.16921707788	2.10037307538	3	11	2.484907	1.098612	1
15.7584079286	2.75737405957	3	25	3.258096	1.098612	1
7.60582450626	2.02891433617	3	4	1.609438	1.098612	0
9.57770346481	2.25943784141	3	19	2.995732	1.098612	1
5.56843224698	1.71711355058	3	3	1.386294	1.098612	0
14.4460100298	2.67041825392	3	18	2.944439	1.098612	1
10.2819466583	2.33038960575	3	19	2.995732	1.098612	1
7.46604230551	2.0103650469	3	5	1.791759	1.098612	0
10.8345062829	2.38273606707	3	26	3.295837	1.098612	1
9.63700951167	2.26561084386	3	14	2.70805	1.098612	0
7.28527091044	1.98585462639	3	16	2.833213	1.098612	0
22.4077303117	3.10940600253	3	32	3.496508	1.098612	1
10.4506530755	2.34666447172	3	10	2.397895	1.098612	0
8.59917848086	2.15166667322	3	5	1.791759	1.098612	0
7.77484326932	2.05089329958	3	28	3.367296	1.098612	1
4.77114469793	1.56258625471	3	3	1.386294	1.098612	1
15.2268746328	2.72306193461	3	24	3.218876	1.098612	1
8.56359584431	2.14752017722	3	4	1.609438	1.098612	1
9.71855160771	2.27403659582	3	6	1.94591	1.098612	1
9.05455144906	2.20326755384	3	18	2.944439	1.098612	0
5.74662307046	1.74861239019	3	13	2.639057	1.098612	1
9.01431089319	2.19881341371	3	18	2.944439	1.098612	0
12.0566387125	2.48961543873	3	26	3.295837	1.098612	1
7.79886167293	2.05397778368	3	20	3.044523	1.098612	0
12.6318954683	2.53622500177	3	18	2.944439	1.098612	1
14.0193480896	2.64043838192	3	17	2.890372	1.098612	1
14.0848589114	2.64510038434	3	31	3.465736	1.098612	1
14.648253962	2.68432114488	3	33	3.526361	1.098612	1
10.3288976919	2.33494556803	3	35	3.583519	1.098612	1
12.7702721127	2.54711997857	3	32	3.496508	1.098612	1
13.9440107685	2.63505008048	3	31	3.465736	1.098612	1
12.7434450755	2.54501702768	3	26	3.295837	1.098612	1
8.16921707788	2.10037307538	3	9	2.302585	1.098612	0
20.8142930449	3.03563991633	3	22	3.135494	1.098612	1
13.3435506781	2.59103317285	3	13	2.639057	1.098612	0
8.10974990022	2.09306702921	3	6	1.94591	1.098612	1
5.9558823894	1.78437936805	3	8	2.197225	1.098612	0
8.87346275028	2.18306510912	3	5	1.791759	1.098612	1
7.88752079207	2.06528186394	3	10	2.397895	1.098612	1
8.93186150685	2.18962482858	3	14	2.70805	1.098612	1
13.2563367782	2.58447568552	3	5	1.791759	1.098612	1
6.30112122241	1.84072758937	3	4	1.609438	1.098612	0
13.7718611102	2.62262746049	3	17	2.890372	1.098612	1
7.26482217358	1.98304381958	3	9	2.302585	1.098612	1
8.00613040687	2.08020754908	3	5	1.791759	1.098612	1
8.89570127839	2.18556815763	3	16	2.833213	1.098612	1
14.8897096919	2.70067034966	3	29	3.401197	1.098612	0
7.4368057432	2.00644142106	3	4	1.609438	1.098612	0
13.9283612503	2.63392713911	3	33	3.526361	1.098612	1
19.1858606491	2.95417358322	3	35	3.583519	1.098612	0
21.1272883671	3.05056549245	3	32	3.496508	1.098612	0
9.63700951167	2.26561084386	3	11	2.484907	1.098612	0
7.70502157913	2.04187226943	3	12	2.564949	1.098612	0
13.565943396	2.60756249002	3	16	2.833213	1.098612	1
18.3439720971	2.90930102446	3	43	3.78419	1.098612	1
9.01431089319	2.19881341371	3	10	2.397895	1.098612	0
9.84161091128	2.28661940816	3	15	2.772589	1.098612	0
8.45091584263	2.13427481924	3	10	2.397895	1.098612	1
8.3026532044	2.1165751269	3	12	2.564949	1.098612	0
10.563645423	2.35741842922	3	21	3.091043	1.098612	0
8.80303619989	2.17509668469	3	3	1.386294	1.098612	1
14.0848589114	2.64510038434	3	34	3.555348	1.098612	1
7.51192491801	2.01649174692	3	23	3.178054	1.098612	1
9.75369051485	2.27764572773	3	12	2.564949	1.098612	1
14.5116745455	2.67495346655	3	23	3.178054	1.098612	0
10.3041876653	2.33255038206	4	15	2.772589	1.386294	1
10.8171710887	2.38113478717	4	4	1.609438	1.386294	0
8.04849045238	2.0854845524	4	4	1.609438	1.386294	0
9.19222407591	2.21835791752	4	6	1.94591	1.386294	0
13.3487837104	2.59142527286	4	25	3.258096	1.386294	1
7.27717718685	1.98474303796	4	16	2.833213	1.386294	1
5.98606590497	1.78943441922	4	10	2.397895	1.386294	0
12.7434450755	2.54501702768	4	24	3.218876	1.386294	1
8.65212853775	2.1578053644	4	6	1.94591	1.386294	0
8.19112838654	2.10305166451	4	14	2.70805	1.386294	1
7.67624857771	2.03813096138	4	3	1.386294	1.386294	0
7.68265166746	2.03896475677	4	5	1.791759	1.386294	1
7.56134497111	2.0230490806	4	1	0.6931472	1.386294	1
20.4418751658	3.01758550114	4	24	3.218876	1.386294	1
6.69030909844	1.90066007613	4	2	1.098612	1.386294	0
12.072736918	2.49094976318	4	28	3.367296	1.386294	1
9.82664557919	2.28509763271	4	10	2.397895	1.386294	0
12.9893703257	2.56413135573	4	14	2.70805	1.386294	1
8.45091584263	2.13427481924	4	6	1.94591	1.386294	0
8.71919860981	2.16552733115	4	14	2.70805	1.386294	1
11.2678861375	2.42195674502	4	24	3.218876	1.386294	1
8.31006769972	2.11746775561	4	2	1.098612	1.386294	0
15.9882176208	2.77185205226	4	18	2.944439	1.386294	1
10.7044935659	2.37066361274	4	25	3.258096	1.386294	1
9.19222407591	2.21835791752	4	5	1.791759	1.386294	0
12.4781469463	2.52397887005	4	13	2.639057	1.386294	0
6.33818626224	1.84659264901	4	10	2.397895	1.386294	0
11.1902508435	2.41504293882	4	33	3.526361	1.386294	1
8.91684411711	2.18794208546	4	12	2.564949	1.386294	0
10.0158998907	2.30417381937	4	5	1.791759	1.386294	1
17.2148294864	2.8457711918	4	33	3.526361	1.386294	1
26.4795401079	3.27637236339	4	45	3.828641	1.386294	1
5.98606590497	1.78943441922	4	4	1.609438	1.386294	0
13.3435506781	2.59103317285	4	15	2.772589	1.386294	0
11.8609342115	2.47325016041	4	6	1.94591	1.386294	0
10.685847015	2.36892015704	4	11	2.484907	1.386294	0
9.57770346481	2.25943784141	4	25	3.258096	1.386294	1
8.02836893498	2.0829813859	4	7	2.079442	1.386294	0
15.4933452983	2.74041059614	4	32	3.496508	1.386294	1
8.87346275028	2.18306510912	4	10	2.397895	1.386294	0
7.51192491801	2.01649174692	4	6	1.94591	1.386294	0
9.50727939335	2.25205775712	4	24	3.218876	1.386294	0
8.60741350375	2.15262386724	4	13	2.639057	1.386294	0
19.7188019802	2.98157259582	4	18	2.944439	1.386294	0
13.3435506781	2.59103317285	4	27	3.332205	1.386294	0
14.8673521749	2.69916767971	4	29	3.401197	1.386294	0
10.8426718956	2.38348945047	4	16	2.833213	1.386294	1
11.2678861375	2.42195674502	4	20	3.044523	1.386294	1
11.9475928299	2.48052982126	4	22	3.135494	1.386294	0
7.88752079207	2.06528186394	4	26	3.295837	1.386294	0
9.38990676725	2.23963536423	4	4	1.609438	1.386294	1
9.01431089319	2.19881341371	4	7	2.079442	1.386294	1
16.4323362229	2.79925111445	4	26	3.295837	1.386294	1
9.71855160771	2.27403659582	4	8	2.197225	1.386294	0
13.2045567788	2.58056198053	4	10	2.397895	1.386294	0
14.0848589114	2.64510038434	4	19	2.995732	1.386294	1
10.9439364004	2.3927855495	4	26	3.295837	1.386294	0
10.563645423	2.35741842922	4	11	2.484907	1.386294	1
5.63394306877	1.72880956446	4	6	1.94591	1.386294	1
8.59917848086	2.15166667322	4	3	1.386294	1.386294	0
14.8531255655	2.69821031889	4	27	3.332205	1.386294	1
11.2678861375	2.42195674502	4	23	3.178054	1.386294	1
16.3087836113	2.79170383453	4	18	2.944439	1.386294	0
14.8261671447	2.69639366993	4	15	2.772589	1.386294	1
11.2678861375	2.42195674502	4	11	2.484907	1.386294	0
8.45091584263	2.13427481924	4	10	2.397895	1.386294	1
18.0286193074	2.89196045677	4	27	3.332205	1.386294	0
13.6824360001	2.61611296652	4	35	3.583519	1.386294	1
11.2678861375	2.42195674502	4	20	3.044523	1.386294	0
7.32412822045	1.99117413355	4	3	1.386294	1.386294	0
11.9721318099	2.48258159978	4	29	3.401197	1.386294	0
9.089430068	2.20711220743	4	13	2.639057	1.386294	0
7.20620774965	1.974942842	4	4	1.609438	1.386294	1
13.3733078168	2.59326076641	4	18	2.944439	1.386294	1
7.83630351092	2.05876723222	4	1	0.6931472	1.386294	1
11.2678861375	2.42195674502	4	17	2.890372	1.386294	0
10.0158998907	2.30417381937	4	30	3.433987	1.386294	1
11.5182858659	2.44393584783	4	18	2.944439	1.386294	1
10.1723975518	2.31967792975	4	13	2.639057	1.386294	1
16.1553325616	2.78225018474	4	7	2.079442	1.386294	1
17.3847406662	2.85559284825	4	32	3.496508	1.386294	1
19.2740190233	2.95875802442	4	25	3.258096	1.386294	1
31.9256864791	3.46341090456	4	31	3.465736	1.386294	1
11.4087367594	2.43437944428	4	21	3.091043	1.386294	1
19.7188019802	2.98157259582	4	36	3.610918	1.386294	0
13.0014080352	2.565057662	4	25	3.258096	1.386294	1
20.2821970307	3.0097435077	4	18	2.944439	1.386294	1
6.76073316989	1.91113134126	4	20	3.044523	1.386294	0
17.8676496471	2.88299179546	4	34	3.555348	1.386294	1
7.74667264916	2.04726341558	4	4	1.609438	1.386294	1
8.35358788693	2.12269113363	4	10	2.397895	1.386294	0
9.85940222955	2.28842554097	4	6	1.94591	1.386294	1
10.2718326025	2.32940545033	4	10	2.397895	1.386294	1
12.8172231463	2.55078982478	4	28	3.367296	1.386294	0
8.37478030436	2.12522484505	4	5	1.791759	1.386294	0
6.5302516863	1.87644548562	4	8	2.197225	1.386294	0
12.6022424448	2.53387476993	4	24	3.218876	1.386294	0
6.25993867114	1.83417038812	4	2	1.098612	1.386294	1
7.51192491801	2.01649174692	4	1	0.6931472	1.386294	0
10.106043892	2.31313365003	4	3	1.386294	1.386294	1
14.8261671447	2.69639366993	4	21	3.091043	1.386294	1
8.36625772498	2.12420667878	4	11	2.484907	1.386294	0
11.2678861375	2.42195674502	4	12	2.564949	1.386294	0
8.59176398553	2.15080406829	4	19	2.995732	1.386294	0
11.1196259782	2.40871165321	4	18	2.944439	1.386294	0
8.60741350375	2.15262386724	4	8	2.197225	1.386294	0
25.9161524942	3.25486642274	4	20	3.044523	1.386294	1
11.8938817399	2.4760241284	4	12	2.564949	1.386294	1
11.9439611898	2.48022581088	4	15	2.772589	1.386294	1
10.4105488611	2.34281960564	4	20	3.044523	1.386294	1
9.38990676725	2.23963536423	4	16	2.833213	1.386294	1
7.88752079207	2.06528186394	4	2	1.098612	1.386294	1
9.70290456843	2.27242528073	4	17	2.890372	1.386294	0
8.70700472733	2.16412784278	4	5	1.791759	1.386294	0
7.00253595076	1.94627236213	4	3	1.386294	1.386294	0
9.69631307961	2.27174571837	4	8	2.197225	1.386294	0
20.0005007449	2.99575731049	4	35	3.583519	1.386294	1
8.56979318243	2.14824359958	4	4	1.609438	1.386294	1
13.3435506781	2.59103317285	4	5	1.791759	1.386294	1
12.181500202	2.49991842399	4	23	3.178054	1.386294	1
10.2522738034	2.32749951546	4	18	2.944439	1.386294	0
15.4933452983	2.74041059614	4	27	3.332205	1.386294	0
7.53406428871	2.01943464238	4	15	2.772589	1.386294	0
6.88593179458	1.92948045993	4	4	1.609438	1.386294	1
6.76073316989	1.91113134126	4	9	2.302585	1.386294	1
14.0848589114	2.64510038434	4	29	3.401197	1.386294	0
14.0848589114	2.64510038434	4	21	3.091043	1.386294	1
11.8312811881	2.47074697205	4	12	2.564949	1.386294	1
11.097161867	2.40668938797	4	14	2.70805	1.386294	0
8.45091584263	2.13427481924	4	3	1.386294	1.386294	0
11.8609342115	2.47325016041	4	16	2.833213	1.386294	1
11.2678861375	2.42195674502	4	10	2.397895	1.386294	0
17.7469230216	2.87621215	4	13	2.639057	1.386294	1
13.5214638608	2.60427833848	4	32	3.496508	1.386294	1
15.023849836	2.70963892748	4	15	2.772589	1.386294	0
18.3103180722	2.90746473004	4	31	3.465736	1.386294	1
6.69030909844	1.90066007613	4	6	1.94591	1.386294	0
12.1513786598	2.49744263329	4	19	2.995732	1.386294	1
12.7311024569	2.54404801187	4	8	2.197225	1.386294	0
9.85940222955	2.28842554097	4	8	2.197225	1.386294	1
15.4933452983	2.74041059614	4	10	2.397895	1.386294	1
11.8312811881	2.47074697205	4	13	2.639057	1.386294	0
15.023849836	2.70963892748	4	11	2.484907	1.386294	1
14.4655316448	2.67176869163	4	29	3.401197	1.386294	1
17.4652267358	2.86021186047	4	15	2.772589	1.386294	1
7.88752079207	2.06528186394	4	6	1.94591	1.386294	0
7.17047389805	1.969971747	4	13	2.639057	1.386294	0
15.4933452983	2.74041059614	4	32	3.496508	1.386294	1
11.1615869152	2.41247814355	4	32	3.496508	1.386294	1
9.38990676725	2.23963536423	4	14	2.70805	1.386294	0
13.1952880399	2.57985979919	4	17	2.890372	1.386294	0
6.39365987521	1.85530685485	4	4	1.609438	1.386294	0
8.31006769972	2.11746775561	4	3	1.386294	1.386294	0
10.378317745	2.33971879764	4	8	2.197225	1.386294	0
9.12162400006	2.21064785842	4	7	2.079442	1.386294	0
7.74667264916	2.04726341558	4	2	1.098612	1.386294	1
11.5182858659	2.44393584783	4	22	3.135494	1.386294	1
12.5723340911	2.5314986928	4	9	2.302585	1.386294	0
14.0848589114	2.64510038434	4	36	3.610918	1.386294	0
7.98142038032	2.07711638814	4	3	1.386294	1.386294	1
11.9721318099	2.48258159978	4	9	2.302585	1.386294	0
9.96774657349	2.29935453771	4	4	1.609438	1.386294	1
12.6763725245	2.53973982957	4	28	3.367296	1.386294	1
8.73261212844	2.16706453798	4	5	1.791759	1.386294	0
15.5834892997	2.74621197555	4	41	3.73767	1.386294	1
14.7555670688	2.69162043997	4	10	2.397895	1.386294	1
7.32412822045	1.99117413355	4	3	1.386294	1.386294	1
9.26470814256	2.22621235817	4	18	2.944439	1.386294	1
11.2678861375	2.42195674502	4	32	3.496508	1.386294	1
8.6925500559	2.1624663434	4	13	2.639057	1.386294	0
12.2786174482	2.50785933073	4	32	3.496508	1.386294	0
12.7233235581	2.54343680979	4	8	2.197225	1.386294	0
10.3327945781	2.33532277685	4	7	2.079442	1.386294	1
9.01431089319	2.19881341371	4	3	1.386294	1.386294	0
11.9721318099	2.48258159978	4	18	2.944439	1.386294	0
9.38990676725	2.23963536423	4	5	1.791759	1.386294	0
9.15515903609	2.21431754948	4	6	1.94591	1.386294	1
12.2068795411	2.50199968962	4	9	2.302585	1.386294	1
9.63700951167	2.26561084386	4	9	2.302585	1.386294	0
9.01431089319	2.19881341371	4	5	1.791759	1.386294	0
10.0817949474	2.31073131697	4	8	2.197225	1.386294	1
11.5495849023	2.44664949713	4	7	2.079442	1.386294	1
13.3023656479	2.58794188767	4	29	3.401197	1.386294	0
7.98142038032	2.07711638814	4	13	2.639057	1.386294	0
17.6530234334	2.87090706805	4	35	3.583519	1.386294	0
12.8866606015	2.55619271446	4	31	3.465736	1.386294	0
12.7505050831	2.54557088518	4	17	2.890372	1.386294	1
12.6763725245	2.53973982957	4	26	3.295837	1.386294	1
8.76391116488	2.17064228531	4	7	2.079442	1.386294	1
6.42136445554	1.85963062714	4	6	1.94591	1.386294	1
9.66831846385	2.26885440229	4	11	2.484907	1.386294	1
7.32412822045	1.99117413355	4	2	1.098612	1.386294	0
6.19733811933	1.82411986427	4	10	2.397895	1.386294	1
8.45091584263	2.13427481924	4	9	2.302585	1.386294	1
12.4539798066	2.52204023501	4	8	2.197225	1.386294	0
6.31001812102	1.84213854834	4	18	2.944439	1.386294	0
7.85787024757	2.06151560886	4	1	0.6931472	1.386294	0
11.1196259782	2.40871165321	4	2	1.098612	1.386294	0
18.0286193074	2.89196045677	4	27	3.332205	1.386294	1
4.50715544659	1.50566623315	4	4	1.609438	1.386294	0
6.67177657852	1.89788617806	4	8	2.197225	1.386294	1
16.6931673108	2.81499949263	4	11	2.484907	1.386294	0
8.45091584263	2.13427481924	4	14	2.70805	1.386294	0
7.46306014641	2.0099655374	4	4	1.609438	1.386294	1
8.89570127839	2.18556815763	4	2	1.098612	1.386294	1
12.181500202	2.49991842399	4	17	2.890372	1.386294	1
12.5198748633	2.52731737068	4	24	3.218876	1.386294	1
10.2020059544	2.32258436315	4	4	1.609438	1.386294	0
10.2546659759	2.32773281916	4	6	1.94591	1.386294	0
15.4933452983	2.74041059614	4	18	2.944439	1.386294	1
7.75995974209	2.04897714631	4	20	3.044523	1.386294	0
13.3023656479	2.58794188767	4	14	2.70805	1.386294	1
11.5568085196	2.44727474551	4	8	2.197225	1.386294	0
8.02836893498	2.0829813859	4	7	2.079442	1.386294	0
7.11655953535	1.96242439731	4	7	2.079442	1.386294	0
10.7044935659	2.37066361274	4	24	3.218876	1.386294	1
15.9628407606	2.7702635687	4	18	2.944439	1.386294	0
15.8454656556	2.76288338088	4	25	3.258096	1.386294	0
25.6088388915	3.24293756109	4	35	3.583519	1.386294	1
13.5214638608	2.60427833848	4	14	2.70805	1.386294	0
10.9548908153	2.39378600634	4	26	3.295837	1.386294	0
17.7066799868	2.87394196877	4	29	3.401197	1.386294	1
7.72395568655	2.04432662744	4	1	0.6931472	1.386294	0
10.378317745	2.33971879764	4	12	2.564949	1.386294	0
8.85334123287	2.18079492821	4	3	1.386294	1.386294	0
6.33818626224	1.84659264901	4	19	2.995732	1.386294	0
21.1272883671	3.05056549245	4	32	3.496508	1.386294	1
13.541481263	2.60575766054	4	17	2.890372	1.386294	0
16.9018316853	2.8274219998	4	9	2.302585	1.386294	0
12.4539798066	2.52204023501	4	13	2.639057	1.386294	0
20.9102327968	3.04023864665	4	26	3.295837	1.386294	0
9.15515903609	2.21431754948	4	3	1.386294	1.386294	0
11.1196259782	2.40871165321	4	12	2.564949	1.386294	1
12.050379401	2.489096145	4	8	2.197225	1.386294	1
9.01431089319	2.19881341371	4	10	2.397895	1.386294	1
10.1410985154	2.31659632714	4	14	2.70805	1.386294	1
11.6790076326	2.45779301083	4	17	2.890372	1.386294	1
8.07531996857	2.08881249291	4	7	2.079442	1.386294	0
10.0418345112	2.30675981782	4	13	2.639057	1.386294	0
11.5898279371	2.45012781144	4	10	2.397895	1.386294	0
8.45091584263	2.13427481924	4	15	2.772589	1.386294	0
7.88752079207	2.06528186394	4	7	2.079442	1.386294	0
7.97705993322	2.07656991415	4	10	2.397895	1.386294	0
15.023849836	2.70963892748	4	19	2.995732	1.386294	1
11.5015778423	2.44248422963	4	21	3.091043	1.386294	1
15.2742470854	2.7261682132	4	19	2.995732	1.386294	1
14.0848589114	2.64510038434	4	31	3.465736	1.386294	0
8.08348310234	2.08982285667	4	10	2.397895	1.386294	0
8.87346275028	2.18306510912	4	12	2.564949	1.386294	0
17.9213880054	2.88599486021	4	19	2.995732	1.386294	1
8.63871501912	2.15625384712	4	12	2.564949	1.386294	1
9.26470814256	2.22621235817	4	9	2.302585	1.386294	1
9.78526967097	2.2808781601	4	33	3.526361	1.386294	1
14.3978567126	2.6670793561	4	22	3.135494	1.386294	0
8.45091584263	2.13427481924	4	15	2.772589	1.386294	0
10.1122065251	2.31374326096	4	19	2.995732	1.386294	1
11.9439611898	2.48022581088	4	24	3.218876	1.386294	0
13.3023656479	2.58794188767	4	7	2.079442	1.386294	1
14.4306232787	2.66935256511	4	12	2.564949	1.386294	0
16.7006189901	2.81544578401	4	23	3.178054	1.386294	0
8.45091584263	2.13427481924	4	8	2.197225	1.386294	0
8.45091584263	2.13427481924	4	4	1.609438	1.386294	0
13.8902327472	2.63118591309	4	41	3.73767	1.386294	0
10.6588117472	2.36638694415	4	8	2.197225	1.386294	1
14.3978567126	2.6670793561	4	18	2.944439	1.386294	1
10.0817949474	2.31073131697	4	4	1.609438	1.386294	0
9.92647230162	2.2952051583	4	12	2.564949	1.386294	0
12.072736918	2.49094976318	4	32	3.496508	1.386294	0
8.9903371104	2.19615034616	4	10	2.397895	1.386294	0
7.32412822045	1.99117413355	4	14	2.70805	1.386294	1
15.2921326032	2.72733848721	4	28	3.367296	1.386294	1
10.8231031807	2.38168303274	4	10	2.397895	1.386294	1
11.1196259782	2.40871165321	4	3	1.386294	1.386294	0
12.1129799529	2.49427760102	4	11	2.484907	1.386294	0
10.6748405425	2.36788962153	4	3	1.386294	1.386294	1
10.1563266146	2.31809682309	4	17	2.890372	1.386294	1
11.6904330452	2.45877081887	4	8	2.197225	1.386294	0
10.8453417088	2.3837356522	4	24	3.218876	1.386294	0
7.32412822045	1.99117413355	4	6	1.94591	1.386294	1
11.5495849023	2.44664949713	4	18	2.944439	1.386294	0
7.18327759861	1.97175576896	4	4	1.609438	1.386294	0
12.8775852196	2.55548822015	4	22	3.135494	1.386294	0
14.4872843016	2.67327131997	4	24	3.218876	1.386294	1
10.8581454094	2.38491552731	4	5	1.791759	1.386294	1
12.5566523467	2.53025059261	4	17	2.890372	1.386294	1
14.8261671447	2.69639366993	4	18	2.944439	1.386294	0
10.1723975518	2.31967792975	4	10	2.397895	1.386294	0
12.4336128746	2.52040352094	4	34	3.555348	1.386294	1
12.5198748633	2.52731737068	4	20	3.044523	1.386294	0
12.5198748633	2.52731737068	4	29	3.401197	1.386294	0
14.965163523	2.70572506827	4	29	3.401197	1.386294	0
11.4161487758	2.43502891231	4	6	1.94591	1.386294	0
9.89746875922	2.29227904356	4	18	2.944439	1.386294	0
6.14612083818	1.81582112479	4	14	2.70805	1.386294	1
8.1543930451	2.09855680597	4	3	1.386294	1.386294	1
11.9721318099	2.48258159978	4	15	2.772589	1.386294	0
15.7750415841	2.7584290445	4	18	2.944439	1.386294	1
10.2435330777	2.32664658722	4	5	1.791759	1.386294	1
10.2300551067	2.32532996673	4	12	2.564949	1.386294	1
14.8261671447	2.69639366993	4	9	2.302585	1.386294	0
11.8312811881	2.47074697205	4	26	3.295837	1.386294	0
9.96774657349	2.29935453771	4	19	2.995732	1.386294	0
8.84632832506	2.18000249441	4	13	2.639057	1.386294	0
9.01431089319	2.19881341371	4	11	2.484907	1.386294	1
10.8453417088	2.3837356522	4	9	2.302585	1.386294	1
8.647448308	2.15726428413	4	8	2.197225	1.386294	0
13.3806157179	2.59380707142	4	21	3.091043	1.386294	1
14.8261671447	2.69639366993	4	15	2.772589	1.386294	1
15.7750415841	2.7584290445	4	20	3.044523	1.386294	1
5.55345947808	1.71442106295	4	1	0.6931472	1.386294	0
16.9018316853	2.8274219998	4	14	2.70805	1.386294	1
13.6153634491	2.61119882052	4	27	3.332205	1.386294	0
6.25993867114	1.83417038812	4	4	1.609438	1.386294	1
12.8954707374	2.55687614409	4	10	2.397895	1.386294	1
8.71919860981	2.16552733115	4	5	1.791759	1.386294	1
11.5223537986	2.44428895719	4	18	2.944439	1.386294	0
7.36960180863	1.99736367606	4	17	2.890372	1.386294	0
11.5992949908	2.45094431961	4	13	2.639057	1.386294	0
12.6763725245	2.53973982957	4	18	2.944439	1.386294	0
13.2045567788	2.58056198053	4	25	3.258096	1.386294	0
8.11287831651	2.09345271472	4	13	2.639057	1.386294	0
17.3352115399	2.85273978212	4	28	3.367296	1.386294	0
11.2678861375	2.42195674502	4	2	1.098612	1.386294	0
6.40220972288	1.85664319997	4	16	2.833213	1.386294	0
9.13612577126	2.21223641938	4	14	2.70805	1.386294	1
10.8837552894	2.38727133715	4	31	3.465736	1.386294	0
16.0122608137	2.77335472964	4	26	3.295837	1.386294	1
13.4879238669	2.60179475674	4	24	3.218876	1.386294	0
14.0087233731	2.63968023365	4	6	1.94591	1.386294	1
12.1574570091	2.49794272712	4	11	2.484907	1.386294	1
11.9721318099	2.48258159978	4	26	3.295837	1.386294	0
9.05455144906	2.20326755384	4	10	2.397895	1.386294	0
13.2003301942	2.58024184399	4	21	3.091043	1.386294	1
14.0848589114	2.64510038434	4	21	3.091043	1.386294	1
12.8524339426	2.55353320528	4	13	2.639057	1.386294	0
7.46497636335	2.01022226466	4	4	1.609438	1.386294	0
15.4933452983	2.74041059614	4	18	2.944439	1.386294	1
15.7915215457	2.75947318497	4	25	3.258096	1.386294	0
13.1315496568	2.57501770548	4	4	1.609438	1.386294	0
13.1458679868	2.57610748771	4	14	2.70805	1.386294	0
6.00953894283	1.7933480306	4	21	3.091043	1.386294	0
9.90208205771	2.29274504389	4	12	2.564949	1.386294	0
9.67643945572	2.2696940088	4	10	2.397895	1.386294	1
11.2678861375	2.42195674502	4	7	2.079442	1.386294	0
11.8312811881	2.47074697205	4	16	2.833213	1.386294	0
11.1196259782	2.40871165321	4	18	2.944439	1.386294	0
8.98385717367	2.19542931945	4	2	1.098612	1.386294	0
19.2493065179	2.95747503504	4	10	2.397895	1.386294	1
8.33823584094	2.12085166413	4	3	1.386294	1.386294	0
12.3242521672	2.511569042	4	14	2.70805	1.386294	0
17.825656484	2.88063879502	4	24	3.218876	1.386294	0
11.2678861375	2.42195674502	4	18	2.944439	1.386294	0
9.85940222955	2.28842554097	4	15	2.772589	1.386294	0
12.4336128746	2.52040352094	4	33	3.526361	1.386294	0
8.65212853775	2.1578053644	4	2	1.098612	1.386294	1
12.9580712892	2.56171885957	4	24	3.218876	1.386294	1
9.15515903609	2.21431754948	5	2	1.098612	1.609438	1
9.23966841762	2.22350599947	5	3	1.386294	1.609438	0
11.8609342115	2.47325016041	5	2	1.098612	1.609438	1
21.9415343122	3.08838138459	5	37	3.637586	1.609438	1
18.3103180722	2.90746473004	5	13	2.639057	1.609438	1
10.378317745	2.33971879764	5	2	1.098612	1.609438	0
6.40220972288	1.85664319997	5	19	2.995732	1.609438	0
9.76550264131	2.27885603677	5	2	1.098612	1.609438	0
5.84521776207	1.76562385036	5	1	0.6931472	1.609438	0
7.09876821708	1.95992127844	5	5	1.791759	1.609438	0
10.7478303119	2.37470390275	5	5	1.791759	1.609438	0
30.2824498821	3.4105683329	5	37	3.637586	1.609438	1
18.7798110556	2.93278241279	5	20	3.044523	1.609438	1
9.63700951167	2.26561084386	5	8	2.197225	1.609438	0
21.1272883671	3.05056549245	5	39	3.688879	1.609438	1
11.042531092	2.40175428016	5	14	2.70805	1.609438	1
7.0424294557	1.95195320378	5	7	2.079442	1.609438	0
13.0014080352	2.565057662	5	16	2.833213	1.609438	1
9.23966841762	2.22350599947	5	3	1.386294	1.609438	1
17.5278248087	2.8637896073	5	27	3.332205	1.609438	1
9.65818953443	2.26780621186	5	18	2.944439	1.609438	1
5.28182271151	1.66427124866	5	6	1.94591	1.609438	1
17.2148294864	2.8457711918	5	12	2.564949	1.609438	1
8.04849045238	2.0854845524	5	7	2.079442	1.609438	0
37.5596121954	3.62592932935	5	18	2.944439	1.609438	1
2.81697277385	1.0356628239	5	10	2.397895	1.609438	0
19.7949375184	2.98542622412	5	32	3.496508	1.609438	1
11.1196259782	2.40871165321	5	6	1.94591	1.609438	1
14.5296443472	2.67619100014	5	12	2.564949	1.609438	1
15.7750415841	2.7584290445	5	9	2.302585	1.609438	1
14.648253962	2.68432114488	5	13	2.639057	1.609438	1
15.7750415841	2.7584290445	5	26	3.295837	1.609438	1
11.1505135114	2.41148555168	5	4	1.609438	1.609438	0
22.8040575212	3.12693848158	5	11	2.484907	1.609438	0
11.6353188778	2.45404520315	5	19	2.995732	1.609438	1
12.2068795411	2.50199968962	5	15	2.772589	1.609438	0
26.2917359736	3.26925466827	5	26	3.295837	1.609438	1
13.1458679868	2.57610748771	5	20	3.044523	1.609438	1
22.8878975902	3.13060828135	5	10	2.397895	1.609438	1
18.7798110556	2.93278241279	5	16	2.833213	1.609438	1
18.3103180722	2.90746473004	5	22	3.135494	1.609438	1
14.3978567126	2.6670793561	5	10	2.397895	1.609438	1
17.5779042586	2.86664267346	5	15	2.772589	1.609438	0
9.63700951167	2.26561084386	5	11	2.484907	1.609438	1
11.8044541509	2.46847693066	5	27	3.332205	1.609438	0
13.8881826678	2.63103831075	5	20	3.044523	1.609438	0
9.15515903609	2.21431754948	5	6	1.94591	1.609438	0
10.4227972801	2.34399545328	5	1	0.6931472	1.609438	1
9.85940222955	2.28842554097	5	6	1.94591	1.609438	0
8.11287831651	2.09345271472	5	7	2.079442	1.609438	1
20.5638957955	3.02353690685	5	14	2.70805	1.609438	1
11.2678861375	2.42195674502	5	18	2.944439	1.609438	1
15.4933452983	2.74041059614	5	9	2.302585	1.609438	1
17.8877711645	2.88411730421	5	23	3.178054	1.609438	1
5.63394306877	1.72880956446	5	9	2.302585	1.609438	1
24.6641538526	3.20535092851	5	19	2.995732	1.609438	1
18.3103180722	2.90746473004	5	8	2.197225	1.609438	1
5.32094774652	1.67165143533	5	11	2.484907	1.609438	1
13.9018961376	2.63202524361	5	30	3.433987	1.609438	0
11.7126715733	2.46067129619	5	5	1.791759	1.609438	0
14.3409477961	2.66311892756	5	19	2.995732	1.609438	1
8.67330856051	2.16025032821	5	7	2.079442	1.609438	0
10.2819466583	2.33038960575	5	6	1.94591	1.609438	0
7.15013175541	1.96713078387	5	26	3.295837	1.609438	1
18.7328625009	2.93027933451	5	6	1.94591	1.609438	1
6.19733811933	1.82411986427	5	8	2.197225	1.609438	1
14.648253962	2.68432114488	5	19	2.995732	1.609438	1
13.2961063364	2.5874712357	5	30	3.433987	1.609438	1
9.65818953443	2.26780621186	5	6	1.94591	1.609438	1
15.4583551273	2.73814964211	5	30	3.433987	1.609438	0
21.4089871318	3.0638107933	5	21	3.091043	1.609438	1
16.9018316853	2.8274219998	5	11	2.484907	1.609438	1
21.0531582875	3.04705058628	5	16	2.833213	1.609438	1
17.880210412	2.88369453769	5	16	2.833213	1.609438	1
14.5296443472	2.67619100014	5	10	2.397895	1.609438	1
13.3437142878	2.5910454341	5	5	1.791759	1.609438	0
17.6060748787	2.86824400605	5	22	3.135494	1.609438	0
10.481756276	2.34963624844	5	9	2.302585	1.609438	1
16.2758385618	2.7896817113	5	18	2.944439	1.609438	1
16.5731843659	2.80778598955	5	11	2.484907	1.609438	0
20.5404202787	3.02239466577	5	20	3.044523	1.609438	1
8.45091584263	2.13427481924	5	18	2.944439	1.609438	0
11.4020287606	2.43379130102	5	27	3.332205	1.609438	0
15.2921326032	2.72733848721	5	9	2.302585	1.609438	0
7.51192491801	2.01649174692	5	2	1.098612	1.609438	1
26.2917359736	3.26925466827	5	28	3.367296	1.609438	1
12.4620958406	2.52269170472	5	32	3.496508	1.609438	0
24.4513149512	3.19668399571	5	30	3.433987	1.609438	1
10.4791360415	2.34938623671	5	9	2.302585	1.609438	1
33.8036534548	3.52056888703	5	21	3.091043	1.609438	0
18.8341319636	2.93567075373	5	15	2.772589	1.609438	1
8.78895088981	2.17349535188	5	1	0.6931472	1.609438	0
10.1410985154	2.31659632714	5	4	1.609438	1.609438	1
13.3020533021	2.58791840693	5	6	1.94591	1.609438	0
13.7041886569	2.61770152748	5	28	3.367296	1.609438	1
9.85940222955	2.28842554097	5	15	2.772589	1.609438	1
12.5680281805	2.5311561432	5	5	1.791759	1.609438	1
8.73261212844	2.16706453798	5	3	1.386294	1.609438	1
12.8987652424	2.55713158914	5	9	2.302585	1.609438	1
20.1212273704	3.00177534588	5	31	3.465736	1.609438	1
17.0392440239	2.83551915562	5	7	2.079442	1.609438	1
32.0110362197	3.46608072521	5	13	2.639057	1.609438	1
15.4933452983	2.74041059614	5	11	2.484907	1.609438	0
10.2327447515	2.32559284813	5	12	2.564949	1.609438	0
12.3946762387	2.51726704483	5	6	1.94591	1.609438	1
15.4933452983	2.74041059614	5	18	2.944439	1.609438	1
29.171316736	3.37318592294	5	28	3.367296	1.609438	1
11.02293263	2.39997788719	5	5	1.791759	1.609438	0
12.497110801	2.52549748167	5	8	2.197225	1.609438	1
17.0500943235	2.83615573588	5	18	2.944439	1.609438	1
18.2722490636	2.90538346427	5	25	3.258096	1.609438	1
12.181500202	2.49991842399	5	8	2.197225	1.609438	1
14.0848589114	2.64510038434	5	12	2.564949	1.609438	1
7.88752079207	2.06528186394	5	7	2.079442	1.609438	1
15.2711161902	2.72596321349	5	5	1.791759	1.609438	1
16.0055205888	2.77293369953	5	6	1.94591	1.609438	1
24.2729555601	3.18936279066	5	31	3.465736	1.609438	1
12.3410196852	2.51292864758	5	9	2.302585	1.609438	0
13.5214638608	2.60427833848	5	3	1.386294	1.609438	0
18.3103180722	2.90746473004	5	15	2.772589	1.609438	1
17.0359718294	2.83532709847	5	15	2.772589	1.609438	1
9.01431089319	2.19881341371	5	0	0	1.609438	1
11.4369049006	2.4368453987	5	10	2.397895	1.609438	0
14.648253962	2.68432114488	5	14	2.70805	1.609438	1
8.25664168726	2.11101792947	5	5	1.791759	1.609438	0
18.2539768319	2.90438296489	5	24	3.218876	1.609438	1
4.88275132065	1.58570885621	5	3	1.386294	1.609438	0
14.0848589114	2.64510038434	5	26	3.295837	1.609438	1
11.9836241538	2.48354106395	5	30	3.433987	1.609438	1
11.2678861375	2.42195674502	5	4	1.609438	1.609438	1
12.2791082774	2.50789930424	5	19	2.995732	1.609438	0
15.6498429595	2.7504608824	5	29	3.401197	1.609438	1
12.5198748633	2.52731737068	5	3	1.386294	1.609438	1
20.8608177016	3.0378726483	5	33	3.526361	1.609438	1
10.1410985154	2.31659632714	5	2	1.098612	1.609438	0
11.2678861375	2.42195674502	5	15	2.772589	1.609438	1
19.7188019802	2.98157259582	5	14	2.70805	1.609438	1
16.5360276054	2.80554149179	5	33	3.526361	1.609438	0
6.88593179458	1.92948045993	5	9	2.302585	1.609438	1
10.2300551067	2.32532996673	5	4	1.609438	1.609438	0
9.5575819474	2.2573347607	5	30	3.433987	1.609438	0
13.3806157179	2.59380707142	5	32	3.496508	1.609438	1
7.70960760934	2.04246729255	5	3	1.386294	1.609438	0
10.0817949474	2.31073131697	5	6	1.94591	1.609438	0
19.8314819819	2.98727067407	5	28	3.367296	1.609438	1
21.1272883671	3.05056549245	5	19	2.995732	1.609438	1
6.33818626224	1.84659264901	5	3	1.386294	1.609438	1
9.63700951167	2.26561084386	5	11	2.484907	1.609438	0
12.072736918	2.49094976318	5	13	2.639057	1.609438	1
12.3946762387	2.51726704483	5	12	2.564949	1.609438	1
14.0848589114	2.64510038434	5	24	3.218876	1.609438	1
11.9721318099	2.48258159978	5	12	2.564949	1.609438	1
12.3242521672	2.511569042	5	26	3.295837	1.609438	0
16.9018316853	2.8274219998	5	35	3.583519	1.609438	1
21.5341857565	3.06964170755	5	25	3.258096	1.609438	0
11.5182858659	2.44393584783	5	1	0.6931472	1.609438	1
11.2678861375	2.42195674502	5	32	3.496508	1.609438	1
7.74667264916	2.04726341558	5	5	1.791759	1.609438	1
18.0286193074	2.89196045677	5	24	3.218876	1.609438	1
4.88275132065	1.58570885621	5	36	3.610918	1.609438	1
13.1458679868	2.57610748771	5	8	2.197225	1.609438	0
11.2678861375	2.42195674502	5	7	2.079442	1.609438	1
28.7957084673	3.36022636449	5	24	3.218876	1.609438	1
14.0126301751	2.63995907828	5	6	1.94591	1.609438	1
8.45091584263	2.13427481924	5	5	1.791759	1.609438	0
23.7218684231	3.16639734097	5	19	2.995732	1.609438	1
9.63700951167	2.26561084386	5	2	1.098612	1.609438	1
11.4513174301	2.43810478278	5	6	1.94591	1.609438	1
20.6960106495	3.02994095945	5	32	3.496508	1.609438	1
9.15515903609	2.21431754948	5	22	3.135494	1.609438	1
6.19733811933	1.82411986427	5	1	0.6931472	1.609438	1
18.3103180722	2.90746473004	5	29	3.401197	1.609438	0
14.752037065	2.69138117935	5	11	2.484907	1.609438	1
7.37778229495	1.99847309141	5	15	2.772589	1.609438	1
16.8377264197	2.823621989	5	7	2.079442	1.609438	0
17.5278248087	2.8637896073	5	17	2.890372	1.609438	1
17.7066799868	2.87394196877	5	30	3.433987	1.609438	1
6.19733811933	1.82411986427	5	3	1.386294	1.609438	1
28.1697277385	3.3382479169	5	30	3.433987	1.609438	1
9.76550264131	2.27885603677	5	2	1.098612	1.609438	0
19.5638685272	2.97368442251	5	17	2.890372	1.609438	1
15.4933452983	2.74041059614	5	37	3.637586	1.609438	0
10.378317745	2.33971879764	5	18	2.944439	1.609438	0
13.7041886569	2.61770152748	5	17	2.890372	1.609438	0
15.6341934412	2.74946040283	5	7	2.079442	1.609438	1
12.94284319	2.56054298596	5	8	2.197225	1.609438	1
15.2268746328	2.72306193461	5	6	1.94591	1.609438	0
10.1410985154	2.31659632714	5	11	2.484907	1.609438	1
9.15515903609	2.21431754948	5	3	1.386294	1.609438	0
12.6022424448	2.53387476993	5	7	2.079442	1.609438	1
12.3946762387	2.51726704483	5	15	2.772589	1.609438	1
8.1543930451	2.09855680597	5	9	2.302585	1.609438	1
21.1272883671	3.05056549245	5	34	3.555348	1.609438	1
19.8939065293	2.99041348028	5	24	3.218876	1.609438	1
12.8479669013	2.55318558102	5	3	1.386294	1.609438	0
7.70960760934	2.04246729255	5	2	1.098612	1.609438	1
7.35542725688	1.99543844304	5	18	2.944439	1.609438	1
15.0675237172	2.71254168044	5	24	3.218876	1.609438	1
10.2300551067	2.32532996673	5	6	1.94591	1.609438	1
15.4933452983	2.74041059614	5	23	3.178054	1.609438	0
9.9335323092	2.29591613577	5	4	1.609438	1.609438	0
21.6906834177	3.07688283276	5	14	2.70805	1.609438	0
11.8312811881	2.47074697205	5	11	2.484907	1.609438	1
7.98142038032	2.07711638814	5	16	2.833213	1.609438	1
14.8320620527	2.69679119252	5	27	3.332205	1.609438	1
9.38990676725	2.23963536423	5	16	2.833213	1.609438	0
9.01431089319	2.19881341371	5	5	1.791759	1.609438	0
8.45091584263	2.13427481924	5	21	3.091043	1.609438	0
8.45091584263	2.13427481924	5	23	3.178054	1.609438	1
11.564411414	2.44793240066	5	4	1.609438	1.609438	1
16.9018316853	2.8274219998	5	16	2.833213	1.609438	1
15.6498429595	2.7504608824	5	12	2.564949	1.609438	0
9.85940222955	2.28842554097	5	14	2.70805	1.609438	1
11.3304866894	2.42749702993	5	0	0	1.609438	1
16.6457428006	2.81215449608	5	13	2.639057	1.609438	0
22.535774754	3.11510403558	5	11	2.484907	1.609438	0
19.7188019802	2.98157259582	5	25	3.258096	1.609438	0
13.2961063364	2.5874712357	5	28	3.367296	1.609438	1
15.2921326032	2.72733848721	5	17	2.890372	1.609438	0
11.2678861375	2.42195674502	5	15	2.772589	1.609438	0
10.0002503725	2.30261012993	5	5	1.791759	1.609438	1
13.6153634491	2.61119882052	5	15	2.772589	1.609438	0
11.5182858659	2.44393584783	5	2	1.098612	1.609438	1
16.7676890622	2.81945376444	5	26	3.295837	1.609438	1
10.4814835932	2.34961023311	5	8	2.197225	1.609438	1
12.3946762387	2.51726704483	5	19	2.995732	1.609438	1
18.5436577681	2.9201278313	5	20	3.044523	1.609438	1
15.3670014056	2.73222244454	5	15	2.772589	1.609438	1
8.42668920845	2.13140395566	5	11	2.484907	1.609438	1
9.68334081145	2.2704069669	5	23	3.178054	1.609438	1
9.03135357301	2.20070225354	5	9	2.302585	1.609438	0
12.6022424448	2.53387476993	5	21	3.091043	1.609438	1
7.18327759861	1.97175576896	5	2	1.098612	1.609438	0
12.5198748633	2.52731737068	5	24	3.218876	1.609438	0
11.6801281114	2.45788894578	5	11	2.484907	1.609438	0
7.88752079207	2.06528186394	5	3	1.386294	1.609438	0
7.88752079207	2.06528186394	5	3	1.386294	1.609438	0
7.88752079207	2.06528186394	5	2	1.098612	1.609438	1
26.0569808056	3.26028570948	5	17	2.890372	1.609438	1
10.1532800032	2.31779680631	5	21	3.091043	1.609438	1
19.4371056944	2.96718390391	5	32	3.496508	1.609438	1
14.648253962	2.68432114488	5	10	2.397895	1.609438	1
6.33818626224	1.84659264901	5	3	1.386294	1.609438	0
14.0848589114	2.64510038434	5	11	2.484907	1.609438	1
16.160523452	2.7825714444	5	13	2.639057	1.609438	1
16.2758385618	2.7896817113	5	23	3.178054	1.609438	0
10.8231031807	2.38168303274	5	4	1.609438	1.609438	0
18.3666568336	2.91053689211	5	31	3.465736	1.609438	1
15.2116490125	2.72206151673	5	29	3.401197	1.609438	1
14.8261671447	2.69639366993	5	20	3.044523	1.609438	1
8.63871501912	2.15625384712	5	1	0.6931472	1.609438	1
10.2435330777	2.32664658722	5	5	1.791759	1.609438	1
10.2662971401	2.32886640781	5	2	1.098612	1.609438	1
16.2981935999	2.79105427958	5	14	2.70805	1.609438	0
20.5133329532	3.0210750627	5	26	3.295837	1.609438	1
7.88752079207	2.06528186394	5	1	0.6931472	1.609438	1
33.8036534548	3.52056888703	5	16	2.833213	1.609438	1
11.9117672577	2.47752675672	5	17	2.890372	1.609438	0
12.1129799529	2.49427760102	5	9	2.302585	1.609438	0
11.8656491464	2.47364759942	5	12	2.564949	1.609438	1
23.4747656786	3.1559260433	5	9	2.302585	1.609438	0
13.7851804293	2.6235941332	5	24	3.218876	1.609438	1
8.89570127839	2.18556815763	5	1	0.6931472	1.609438	0
38.2638776993	3.64450631014	5	38	3.663562	1.609438	1
13.3274549515	2.5898261896	5	6	1.94591	1.609438	1
15.4933452983	2.74041059614	5	15	2.772589	1.609438	0
19.7065411664	2.98095061954	5	18	2.944439	1.609438	0
25.3527400911	3.23288681457	5	27	3.332205	1.609438	1
22.535774754	3.11510403558	5	9	2.302585	1.609438	0
17.7066799868	2.87394196877	5	21	3.091043	1.609438	0
14.7609314847	2.6919839259	5	32	3.496508	1.609438	1
15.023849836	2.70963892748	5	26	3.295837	1.609438	0
5.63394306877	1.72880956446	5	4	1.609438	1.609438	0
13.3806157179	2.59380707142	5	20	3.044523	1.609438	0
16.3087836113	2.79170383453	5	19	2.995732	1.609438	1
18.2274646194	2.90292950164	5	30	3.433987	1.609438	0
14.0848589114	2.64510038434	5	10	2.397895	1.609438	1
11.1196259782	2.40871165321	5	11	2.484907	1.609438	0
8.89570127839	2.18556815763	5	5	1.791759	1.609438	0
9.15515903609	2.21431754948	5	21	3.091043	1.609438	0
10.0606124457	2.30862804212	5	5	1.791759	1.609438	0
9.20210759075	2.21943254377	5	12	2.564949	1.609438	1
13.1487584253	2.57632733784	5	24	3.218876	1.609438	0
12.2621126974	2.50651424008	5	16	2.833213	1.609438	0
14.1975389131	2.65306863361	5	12	2.564949	1.609438	0
6.00953894283	1.7933480306	5	1	0.6931472	1.609438	1
6.10343853108	1.80885230598	5	25	3.258096	1.609438	1
16.4792847776	2.80210412412	5	24	3.218876	1.609438	1
11.8609342115	2.47325016041	5	5	1.791759	1.609438	1
10.563645423	2.35741842922	5	9	2.302585	1.609438	0
8.60741350375	2.15262386724	5	1	0.6931472	1.609438	0
22.535774754	3.11510403558	5	23	3.178054	1.609438	1
15.5496840597	2.74404032071	5	32	3.496508	1.609438	0
14.6779069854	2.68634343709	5	22	3.135494	1.609438	0
12.2052335281	2.50186483747	5	22	3.135494	1.609438	0
20.0005007449	2.99575731049	5	13	2.639057	1.609438	1
7.85787024757	2.06151560886	5	6	1.94591	1.609438	0
7.46497636335	2.01022226466	5	21	3.091043	1.609438	1
16.1193384218	2.7800196954	5	26	3.295837	1.609438	1
10.463037836	2.34784884056	5	3	1.386294	1.609438	0
12.1442789893	2.49685819382	5	5	1.791759	1.609438	1
11.3903653703	2.43276785511	5	7	2.079442	1.609438	1
19.0145612656	2.94520506805	5	6	1.94591	1.609438	1
8.51642666442	2.14199684728	5	2	1.098612	1.609438	1
6.55252244056	1.87985008094	5	2	1.098612	1.609438	0
47.5755269597	3.86231848952	5	28	3.367296	1.609438	1
8.69247072997	2.16245721762	5	3	1.386294	1.609438	0
10.6418930141	2.36479838295	5	10	2.397895	1.609438	0
14.3978567126	2.6670793561	5	14	2.70805	1.609438	0
26.2100550572	3.26614311795	5	28	3.367296	1.609438	0
13.7718611102	2.62262746049	5	33	3.526361	1.609438	0
16.7495630877	2.81837217361	5	23	3.178054	1.609438	0
15.303357222	2.7280722306	5	13	2.639057	1.609438	0
10.4506530755	2.34666447172	5	22	3.135494	1.609438	1
10.2197105099	2.32431825854	5	4	1.609438	1.609438	0
8.23422467582	2.10829920933	5	2	1.098612	1.609438	0
9.38990676725	2.23963536423	5	25	3.258096	1.609438	1
9.15515903609	2.21431754948	5	2	1.098612	1.609438	0
17.5528645336	2.86521715788	5	22	3.135494	1.609438	1
12.3242521672	2.511569042	5	18	2.944439	1.609438	1
9.81915919474	2.28433549698	5	5	1.791759	1.609438	0
11.2678861375	2.42195674502	5	24	3.218876	1.609438	0
16.9018316853	2.8274219998	5	9	2.302585	1.609438	0
24.0381607292	3.17964259797	5	26	3.295837	1.609438	0
8.45091584263	2.13427481924	5	3	1.386294	1.609438	0
29.1086988317	3.37103705843	5	30	3.433987	1.609438	1
9.63700951167	2.26561084386	5	5	1.791759	1.609438	0
11.1196259782	2.40871165321	5	1	0.6931472	1.609438	1
5.45337494639	1.69623467323	5	14	2.70805	1.609438	0
11.085488561	2.40563691616	5	19	2.995732	1.609438	0
15.6498429595	2.7504608824	5	15	2.772589	1.609438	0
15.023849836	2.70963892748	5	24	3.218876	1.609438	1
