        lnit lnfr lnp lnx cpiit cpifr
        3.772760938094638        4.057768748237246  -2.850078101426075E-001
        5.331367639321962       43.500000000000000       57.845100000000000
        3.790984677051090        4.067132653869415  -2.761479768183257E-001
        5.325062505410791       44.300000000000000       58.389300000000000
        3.806662489770320        4.076407992756513  -2.697455029861935E-001
        5.354162112348284       45.000000000000000       58.933400000000000
        3.819907716520341        4.090164169878513  -2.702564533581722E-001
        5.352267528335539       45.600000000000000       59.749700000000000
        3.835141961092188        4.099230937753680  -2.640889766614913E-001
        5.342614117105129       46.300000000000000       60.293900000000000
        3.845883202923601        4.109108372182855  -2.632251692592540E-001
        5.333659896182787       46.800000000000000       60.892400000000000
        3.852273001022372        4.125946583113407  -2.736735820910350E-001
        5.344402446703114       47.100000000000000       61.926400000000000
        3.860729711040595        4.138173232160308  -2.774435211197126E-001
        5.339505853901588       47.500000000000000       62.688200000000000
        3.875359021056555        4.149394458403930  -2.740354373473752E-001
        5.350712453738915       48.200000000000000       63.395600000000000
        3.891820298110626        4.162188551774649  -2.703682536640222E-001
        5.353483352376441       49.000000000000000       64.211900000000000
        3.910021002757473        4.170626360379259  -2.606053576217864E-001
        5.357757286882714       49.900000000000000       64.756000000000000
        3.919991175077323        4.176491208909086  -2.565000338317631E-001
        5.355802949084692       50.400000000000000       65.136900000000000
        3.935739532045462        4.187294382811455  -2.515548507659928E-001
        5.351704567182997       51.200000000000000       65.844399999999990
        3.949318790171843        4.197162849153111  -2.478440589812680E-001
        5.351637730042095       51.900000000000000       66.497400000000000
        3.956996371070877        4.209362296472962  -2.523659254020849E-001
        5.353448337625290       52.300000000000000       67.313599999999990
        3.966511190712216        4.220617383373100  -2.541061926608843E-001
        5.355801532880436       52.800000000000000       68.075500000000010
        3.977810745966149        4.228578208209000  -2.507674622428508E-001
        5.367208899567085       53.400000000000000       68.619600000000010
        3.987130477914951        4.235690756254011  -2.485602783390601E-001
        5.309533727330170       53.900000000000000       69.109399999999990
        4.000033882750859        4.238834440707048  -2.388005579561892E-001
        5.301256044401511       54.600000000000000       69.327000000000000
        4.018183201256536        4.241969711296105  -2.237865100395684E-001
        5.296408545908529       55.600000000000000       69.544700000000010
        4.034240638152395        4.245874668486778  -2.116340303343822E-001
        5.292892176782970       56.500000000000000       69.816800000000000
        4.050044303325521        4.251315546962266  -2.012712436367448E-001
        5.310582837177950       57.400000000000000       70.197700000000000
        4.063885354737392        4.260574846116111  -1.966894913787183E-001
        5.310967514958269       58.200000000000000       70.850700000000000
        4.070734696582967        4.268988107267004  -1.982534106840363E-001
        5.312846801244672       58.600000000000000       71.449299999999990
        4.084294226368599        4.278840143001324  -1.945459166327250E-001
        5.317360882262500       59.400000000000000       72.156700000000000
        4.097672352314776        4.285605212668584  -1.879328603538077E-001
        5.316558972162034       60.200000000000000       72.646500000000000
        4.107589788972121        4.295295672909682  -1.877058839375607E-001
        5.268360610133233       60.800000000000000       73.353900000000000
        4.117409835153096        4.307828273819839  -1.904184386667431E-001
        5.281981662522205       61.400000000000000       74.279000000000000
        4.127134385045092        4.314399348208274  -1.872649631631820E-001
        5.289324047612845       62.000000000000000       74.768700000000000
        4.131961425793407        4.320205750746159  -1.882443249527519E-001
        5.286704699779809       62.300000000000000       75.204100000000000
        4.139955073474153        4.328851307214714  -1.888962337405617E-001
        5.283340267639479       62.800000000000000       75.857100000000000
        4.146304301152812        4.334573326514120  -1.882690253613077E-001
        5.289595945276074       63.200000000000000       76.292400000000000
        4.158883083359671        4.342388834551922  -1.835057511922509E-001
        5.297078098973085       64.000000000000000       76.891000000000010
        4.172847623710044        4.350143733806155  -1.772961100961101E-001
        5.298378364687612       64.900000000000010       77.489600000000000
        4.185098925490565        4.354348350649073  -1.692494251585082E-001
        5.294253118670221       65.700000000000000       77.816100000000010
        4.188138441508461        4.357838957082374  -1.697005155739131E-001
        5.291989387051277       65.900000000000010       78.088200000000000
        4.200204952921578        4.364782556497665  -1.645776035760864E-001
        5.291682907111865       66.700000000000000       78.632300000000000
        4.212127597878484        4.370992228923803  -1.588646310453186E-001
        5.306493847832171       67.500000000000000       79.122100000000000
        4.219507705176107        4.377845405505659  -1.583377003295521E-001
        5.310438112622362       68.000000000000000       79.666200000000000
        4.226833745268180        4.383974735891898  -1.571409906237182E-001
        5.302333291914339       68.500000000000000       80.156000000000010
        4.234106504597260        4.389390703239943  -1.552841986426836E-001
        5.307713088188399       69.000000000000000       80.591300000000000
        4.239886867512759        4.394105885885907  -1.542190183731478E-001
        5.294794167364249       69.400000000000010       80.972200000000000
        4.241326752570746        4.400804226997246  -1.594774744264997E-001
        5.298761767787177       69.500000000000000       81.516400000000000
        4.247065649239764        4.406131269561189  -1.590656203214245E-001
        5.312802942168313       69.900000000000010       81.951800000000010
        4.255612709818223        4.410768355622589  -1.551556458043661E-001
        5.321309998404252       70.500000000000000       82.332700000000000
        4.264087336809195        4.417355167727176  -1.532678309179811E-001
        5.313629042247287       71.099999999999990       82.876800000000000
        4.272490747605575        4.420632976447402  -1.481422288418273E-001
        5.315957854182392       71.700000000000000       83.148900000000000
        4.278054044290903        4.422594997032220  -1.445409527413162E-001
        5.310653463059105       72.099999999999990       83.312200000000000
        4.289088639014612        4.427806319513365  -1.387176804987522E-001
        5.308059259838021       72.900000000000010       83.747500000000000
        4.301358731606427        4.432990624846751  -1.316318932403240E-001
        5.302634036308769       73.800000000000000       84.182800000000000
        4.309455941839047        4.440076179116763  -1.306202372777161E-001
        5.358586160359312       74.400000000000010       84.781400000000000
        4.317488113536310        4.447111881329816  -1.296237677935057E-001
        5.344845927600963       75.000000000000000       85.380000000000000
        4.324132656254979        4.452197312274818  -1.280646560198386E-001
        5.344406744017078       75.500000000000000       85.815299999999990
        4.329416684401584        4.455994775623105  -1.265780912215204E-001
        5.346894650917315       75.900000000000010       86.141800000000000
        4.332048264867640        4.459777872781392  -1.277296079137518E-001
        5.388768944255552       76.099999999999990       86.468300000000000
        4.334672938290411        4.461036501458544  -1.263635631681330E-001
        5.394634766208823       76.300000000000000       86.577200000000000
        4.339901708373210        4.462292394392538  -1.223906860193278E-001
        5.405093379916122       76.700000000000000       86.686000000000010
        4.350277936359301        4.465426393448223  -1.151484570889219E-001
        5.401598872562213       77.500000000000000       86.958100000000000
        4.357990056845640        4.467302548284384  -1.093124914387440E-001
        5.401468543413283       78.099999999999990       87.121399999999990
        4.363098624788363        4.468550601231676  -1.054519764433133E-001
        5.400134511877440       78.500000000000000       87.230200000000000
        4.368181227851829        4.469174044077350  -1.009928162255207E-001
        5.404250468247183       78.900000000000010       87.284600000000000
        4.371976298820380        4.466676788669320  -9.470048984893964E-002
        5.393821163970897       79.200000000000000       87.066900000000000
        4.377014092850337        4.469174044077350  -9.215995122701237E-002
        5.398150484248552       79.599999999999990       87.284600000000000
        4.378269585796169        4.472907702243784  -9.463811644761488E-002
        5.368770238382269       79.700000000000000       87.611099999999990
        4.383275854074314        4.475389465078090  -9.211361100377591E-002
        5.374452603839047       80.099999999999990       87.828800000000000
        4.385769620952716        4.478482748553972  -9.271312760125650E-002
        5.369758571751806       80.300000000000000       88.100900000000000
        4.385769620952716        4.479716934289946  -9.394731333722994E-002
        5.352145769829883       80.300000000000000       88.209700000000000
        4.388257184424518        4.480949598688908  -9.269241426439034E-002
        5.347129435239467       80.500000000000000       88.318500000000000
        4.390738575275903        4.484639629350344  -9.390105407444072E-002
        5.352732632506890       80.700000000000000       88.645000000000000
        4.395682961121367        4.487092481921236  -9.140952079986864E-002
        5.352100284249988       81.099999999999990       88.862700000000000
        4.400603020246817        4.488316093730155  -8.771307348333846E-002
        5.359076567543582       81.500000000000000       88.971500000000010
        4.404277243608702        4.489539332724842  -8.526208911614042E-002
        5.345575405231455       81.800000000000000       89.080400000000000
        4.409155302062135        4.498660120962611  -8.950481890047612E-002
        5.364679848257727       82.200000000000000       89.896600000000010
        4.415219602029645        4.500475004501945  -8.525540247230001E-002
        5.363651352469589       82.700000000000000       90.059900000000000
        4.417635062141249        4.501682360195954  -8.404729805470446E-002
        5.363411983035923       82.900000000000010       90.168700000000000
        4.421247347827163        4.507098597000472  -8.585124917330944E-002
        5.367644248913810       83.200000000000000       90.658400000000000
        4.426043520090656        4.508898243838596  -8.285472374794001E-002
        5.375020040977028       83.599999999999990       90.821700000000010
        4.429625613473161        4.510693558682336  -8.106794520917493E-002
        5.378312226923063       83.900000000000010       90.984900000000000
        4.432006566978902        4.513083405445848  -8.107683846694602E-002
        5.384781718946993       84.099999999999990       91.202600000000000
        4.435567401601912        4.515467554455860  -7.990015285394847E-002
        5.381045081745166       84.400000000000010       91.420300000000000
        4.441474093317302        4.516062431315307  -7.458833799800502E-002
        5.377826547306012       84.900000000000010       91.474700000000000
        4.449685283147696        4.518439496874661  -6.875421372696522E-002
        5.375804195359522       85.599999999999990       91.692400000000010
        4.453183828990210        4.519625369436433  -6.644154044622308E-002
        5.379415670729642       85.900000000000010       91.801199999999990
        4.454347296253507        4.520217778773751  -6.587048252024363E-002
        5.382965912583244       86.000000000000000       91.855600000000000
        4.460144413937834        4.521993990732813  -6.184957679497938E-002
        5.388323961723139       86.500000000000000       92.018900000000000
        4.464758032271346        4.523765968547296  -5.900793627594947E-002
        5.382244366734239       86.900000000000010       92.182100000000010
        4.469350462845557        4.526713386763366  -5.736292391780928E-002
        5.388425859186506       87.300000000000000       92.454200000000000
        4.471638793363569        4.531410614674209  -5.977182131064041E-002
        5.390806297642905       87.500000000000000       92.889500000000000
        4.475061500641071        4.533751517490368  -5.869001684929742E-002
        5.393477989714779       87.800000000000000       93.107200000000010
        4.478472532942134        4.536669693262819  -5.819716032068545E-002
        5.394310949143105       88.099999999999990       93.379300000000000
        4.479606963012746        4.540160087008499  -6.055312399575374E-002
        5.390154704831146       88.200000000000000       93.705800000000000
        4.484131857611035        4.543059648245187  -5.892779063415166E-002
        5.391015957302239       88.599999999999990       93.977900000000010
        4.489759334476764        4.545372409740624  -5.561307526386017E-002
        5.389507251401562       89.099999999999990       94.195500000000000
        4.496470769064750        4.547680893884555  -5.121012481980536E-002
        5.382386878827321       89.700000000000000       94.413200000000000
        4.503137460422939        4.548832611637801  -4.569515121486134E-002
        5.378518984671562       90.300000000000000       94.522000000000010
        4.507557357121091        4.550558761110334  -4.300140398924324E-002
        5.372855567568617       90.700000000000000       94.685300000000000
        4.514150787600923        4.554573491024078  -4.042270342315479E-002
        5.371066308495555       91.300000000000000       95.066199999999990
        4.521788577049040        4.557431618696793  -3.564304164775223E-002
        5.373478177129966       92.000000000000000       95.338300000000000
        4.528289141652134        4.560281600751400  -3.199245909926685E-002
        5.383581801856548       92.599999999999990       95.610400000000000
        4.532599493153256        4.566522908389211  -3.392341523595466E-002
        5.377130857505701       93.000000000000000       96.209000000000000
        4.537961436294641        4.570474180886807  -3.251274459216535E-002
        5.361616995575599       93.500000000000000       96.589900000000000
        4.542230386214217        4.571599958728758  -2.936957251454064E-002
        5.356997510857537       93.900000000000010       96.698700000000000
        4.543294782270004        4.574409902256643  -3.111511998663907E-002
        5.356757486429538       94.000000000000000       96.970800000000000
        4.545420181582317        4.576091468487424  -3.067128690510668E-002
        5.362264931855603       94.200000000000000       97.134000000000000
        4.550714000192032        4.578330194428962  -2.761619423692974E-002
        5.365542743603251       94.700000000000000       97.351699999999990
        4.558078578454241        4.582791643870171  -2.471306541592977E-002
        5.375407566009536       95.400000000000010       97.787000000000010
        4.564348191467836        4.584460207172996  -2.011201570515997E-002
        5.381404972272378       96.000000000000000       97.950300000000000
        4.568506201616500        4.585570358126716  -1.706415651021675E-002
        5.390084458842437       96.400000000000010       98.059100000000000
        4.577798989191959        4.590139793444024  -1.234080425206496E-002
        5.389053008180065       97.300000000000000       98.508200000000000
        4.584967478670572        4.592168023029007  -7.200544358434868E-003
        5.391393689514643       98.000000000000000       98.708200000000010
        4.589040804058207        4.595203685004187  -6.162880945979943E-003
        5.388867599394263       98.400000000000010       99.008300000000010
        4.593097604753822        4.600241057770963  -7.143453017140367E-003
        5.387004297346374       98.800000000000000       99.508300000000010
        4.596129441335942        4.601245494451857  -5.116053115914454E-003
        5.382903889286816       99.099999999999990       99.608300000000000
        4.600157644164547        4.601245494451857  -1.087850287309955E-003
        5.385637529191802       99.500000000000000       99.608300000000000
        4.603168183317418        4.602248923251972   9.192600654461813E-004
        5.384005952368399       99.800000000000000       99.708299999999990
        4.610157727499130        4.608249440214897   1.908287284233090E-003
        5.400623923617919      100.500000000000000      100.308400000000000
        4.616110126026426        4.615203681699798   9.064443266275646E-004
        5.410064891765714      101.100000000000000      101.008400000000000
        4.623991940228679        4.620142538817887   3.849401410792375E-003
        5.407832987785993      101.900000000000000      101.508500000000000
        4.629862798578463        4.618169329830618   1.169346874784516E-002
        5.406277201047708      102.500000000000000      101.308400000000000
        4.631812116934513        4.617181757361297   1.463035957321601E-002
        5.408901664466575      102.700000000000000      101.208400000000000
        4.638604962074329        4.623093597683782   1.551136439054623E-002
        5.401459523466573      103.400000000000000      101.808500000000000
        4.646312129319266        4.626035973419394   2.027615589987253E-002
        5.396303508225138      104.200000000000000      102.108500000000000
        4.652053771886941        4.627992758459942   2.406101342699962E-002
        5.394431768333701      104.800000000000000      102.308500000000000
        4.655863300303610        4.630921749886681   2.494155041692814E-002
        5.383849441576522      105.200000000000000      102.608600000000000
        4.659658371272161        4.633841215635359   2.581715563680209E-002
        5.389021043600470      105.600000000000000      102.908600000000000
        4.664382045619937        4.635782801705155   2.859924391478152E-002
        5.392921842856760      106.100000000000000      103.108600000000000
        4.668144985149480        4.638688130762720   2.945685438676016E-002
        5.391938848577272      106.500000000000000      103.408600000000000
        4.670957926526095        4.639654701040932   3.130322548516240E-002
        5.392202440462080      106.800000000000000      103.508600000000000
        4.675628649636653        4.641585043330121   3.404360630653169E-002
        5.390798548508815      107.300000000000000      103.708600000000000
        4.680277658474897        4.646395619116046   3.388203935885059E-002
        5.388475661792289      107.800000000000000      104.208700000000000
        4.686750172980514        4.650226722168234   3.652345081228070E-002
        5.396799329108902      108.500000000000000      104.608700000000000
        4.689511334421843        4.647354771759101   4.215656266274159E-002
        5.400571111186673      108.800000000000000      104.308700000000000
        4.695924549256556        4.649270321527995   4.665422772856065E-002
        5.399939402791873      109.500000000000000      104.508700000000000
        4.700480365792417        4.653090448092888   4.738991769952872E-002
        5.397568860070447      110.000000000000000      104.908700000000000
        4.705015520957808        4.656896986398326   4.811853455948167E-002
        5.403947295910731      110.500000000000000      105.308800000000000
        4.707726774313183        4.658794361759782   4.893241255340186E-002
        5.406013702053382      110.800000000000000      105.508800000000000
        4.713127327493184        4.661633691768686   5.149363572449772E-002
        5.411644266139159      111.400000000000000      105.808800000000000
        4.715816706075155        4.661633691768686   5.418301430646899E-002
        5.415558477612032      111.700000000000000      105.808800000000000
        4.717605615317880        4.660688143904579   5.691747141330072E-002
        5.409903463000054      111.900000000000000      105.708800000000000
        4.720282993088596        4.659741701133465   6.054129195513092E-002
        5.411653194686672      112.200000000000000      105.608800000000000
        4.722063937459591        4.662578346416542   5.948559104304874E-002
        5.563896074536498      112.400000000000000      105.908800000000000
        4.727387818712341        4.665407909439594   6.197990927274688E-002
        5.535404453369522      113.000000000000000      106.208900000000000
        4.733563400756490        4.666349007148873   6.721439360761750E-002
        5.543532733308351      113.700000000000000      106.308900000000000
        4.734442521692230        4.666349007148873   6.809351454335744E-002
        5.585785416098551      113.800000000000000      106.308900000000000
        4.739701078945697        4.670104566263094   6.959651268260281E-002
        5.616314629864631      114.400000000000000      106.708900000000000
        4.744062184854710        4.673846073907726   7.021611094698343E-002
        5.667853006077316      114.900000000000000      107.108900000000000
        4.746669748261791        4.678504287352470   6.816546090932096E-002
        5.675159724181476      115.200000000000000      107.609000000000000
        4.751000634199631        4.679433146130554   7.156748806907665E-002
        5.613323342802653      115.700000000000000      107.709000000000000
        4.755312844417811        4.681288279350960   7.402456506685162E-002
        5.603326946890054      116.200000000000000      107.909000000000000
        4.760463070394127        4.680361142930604   8.010192746352285E-002
        5.593087385056324      116.800000000000000      107.809000000000000
        4.763028270603671        4.681288279350960   8.173999125271170E-002
        5.608608785536599      117.100000000000000      107.909000000000000
        4.764734755659430        4.681288279350960   8.344647630847035E-002
        5.598423440478759      117.300000000000000      107.909000000000000
        4.766438333584214        4.684988253047199   8.145008053701464E-002
        5.632892805385190      117.500000000000000      108.309000000000000
        4.772378104971998        4.686833118849166   8.554498612283190E-002
        5.629287709759092      118.200000000000000      108.509000000000000
        4.775756486563625        4.687755197727825   8.800128883579994E-002
        5.651702555170763      118.600000000000000      108.609100000000000
        4.776599301615622        4.686833118849166   8.976618276645620E-002
        5.669314555728310      118.700000000000000      108.509000000000000
        4.782479200958502        4.688675507274454   9.380369368404740E-002
        5.657743422704810      119.400000000000000      108.709100000000000
        4.785823685681349        4.691431364982893   9.439232069845538E-002
        5.656343846750031      119.800000000000000      109.009100000000000
        4.794963757620747        4.693264393172108   1.016993644486384E-001
        5.650653812801210      120.900000000000000      109.209100000000000
        4.790819532874720        4.696007650826355   9.481188204836499E-002
        5.633894559880339      120.400000000000000      109.509100000000000
        4.794963757620747        4.697832317350304   9.713144027044240E-002
        5.644656125701546      120.900000000000000      109.709100000000000
        4.797442073635214        4.697832317350304   9.960975628490942E-002
        5.661653723924053      121.200000000000000      109.709100000000000
        4.799914262780603        4.697832317350304   1.020819454302986E-001
        5.680739342591205      121.500000000000000      109.709100000000000
        4.801558999993482        4.697832317350304   1.037266826431775E-001
        5.673634902456969      121.700000000000000      109.709100000000000
        4.804840381116659        4.700563998658727   1.042763824579316E-001
        5.682788297746655      122.100000000000000      110.009200000000000
        4.809742351716865        4.703287331665988   1.064550200508769E-001
        5.692602544822619      122.700000000000000      110.309200000000000
        4.813809051099420        4.703287331665988   1.105217194334314E-001
        5.701237238288473      123.200000000000000      110.309200000000000
        4.816241156068032        4.702380377807674   1.138607782603582E-001
        5.709162310685636      123.500000000000000      110.209200000000000
        4.820281565605037        4.705098775410612   1.151827901944253E-001
        5.713079456810051      124.000000000000000      110.509200000000000
        4.828313737302302        4.708711848535005   1.196018887672965E-001
        5.749012658816003      125.000000000000000      110.909200000000000
        4.841822087327094        4.711414011412955   1.304080759141391E-001
        5.842502425070882      126.700000000000000      111.209300000000000
        4.841822087327094        4.712312812742210   1.295092745848834E-001
        5.854708819039168      126.700000000000000      111.309300000000000
        4.844974178195408        4.714107995493663   1.308661827017454E-001
        5.788068168120981      127.100000000000000      111.509300000000000
        4.852030263919617        4.714107995493663   1.379222684259540E-001
        5.802370307385753      128.000000000000000      111.509300000000000
        4.853591544486569        4.712312812742210   1.412787317443591E-001
        5.795495586701733      128.200000000000000      111.309300000000000
        4.856706811803519        4.716794741518983   1.399120702845353E-001
        5.765413021732681      128.600000000000000      111.809300000000000
        4.859036909945142        4.720366768545467   1.386701413996754E-001
        5.774758666950432      128.900000000000000      112.209400000000000
        4.862908382066800        4.721257562604695   1.416508194621056E-001
        5.779667937565396      129.400000000000000      112.309400000000000
        4.869071729774468        4.722147563856044   1.469241659184242E-001
        5.764903287075206      130.200000000000000      112.409400000000000
        4.870606649492553        4.723036773709460   1.475698757830930E-001
        5.751032405656230      130.400000000000000      112.509400000000000
        4.874433672915854        4.724812824843491   1.496208480723631E-001
        5.714488955199687      130.900000000000000      112.709400000000000
        4.877484781308751        4.728355491958449   1.491292893503022E-001
        5.710836867149809      131.300000000000000      113.109400000000000
        4.880526608749236        4.734525997997091   1.460006107521448E-001
        5.721028241196826      131.700000000000000      113.809500000000000
        4.886582645426277        4.736281778255799   1.503008671704773E-001
        5.698603419807654      132.500000000000000      114.009500000000000
        4.890349128221754        4.738034481152574   1.523146470691801E-001
        5.684047685058992      133.000000000000000      114.209500000000000
        4.891851758106289        4.737158513700070   1.546932444062206E-001
        5.681953615938920      133.200000000000000      114.109500000000000
