ord	mouza	village	VILLAGE	di	long	lat	Best.Longitude	Best.Latitude	BAMvill[, 12]
1	7021	702101	Araihazar Krishnapura	33	90,65625508	23,78073495	90,65935368	23,79072071	6000_BAMWSP3
2	7021	702102	Araihazar	317	90,65625508	23,78073495	90,65596687	23,78751639	lat long all
3	7021	702103	Dighirpar	51	90,65625508	23,78073495	90,65880182	23,78698534	lat long all
4	7021	702104	Debipura	28	90,65625508	23,78073495	90,65494694	23,78692505	lat long all
5	7021	702106	Nagar Para	41	90,65625508	23,78073495	90,65625508	23,78073495	Mouza loc
6	7247	724701	Chhota Barai Para	76	90,65912851	23,79055266	NA	NA	Mouza loc
7	7376	737601	Faitadi	13	90,65305788	23,77622106	90,65305788	23,77622106	Mouza loc
8	7403	740301	Gazipur	172	90,65232941	23,79717303	90,65232941	23,79717303	Mouza loc
9	7467	746701	Binar Char	69	90,6458136	23,78795718	90,6458136	23,78795718	6000_BAMWSP3
10	7467	746702	Jhaugara	239	90,6458136	23,78795718	90,64638732	23,78966449	6000_BAMWSP3
11	7467	746703	Lakhupura	52	90,6458136	23,78795718	90,636711	23,78220966	6000_BAMWSP3
12	7467	746704	Dighaldi	18	90,6458136	23,78795718	90,6458136	23,78795718	6000_BAMWSP3
13	7467	746705	Jhaugara Krishnapura	25	90,6458136	23,78795718	90,6458136	23,77895718	Mouza loc
14	7559	755901	Majar Char	71	90,64302111	23,80089699	90,64302111	23,78889699	Mouza loc
15	7559	755902	Kamrangir Char	204	90,64302111	23,80089699	90,64362183	23,796623	6000_BAMWSP3
16	7559	755903	Hatkhola	61	90,64302111	23,80089699	90,64302111	23,79489699	Mouza loc
17	7559	755904	Dspara	113	90,64302111	23,80089699	90,64302111	23,79789699	Mouza loc
18	7559	755905	Chamirkandi	152	90,64302111	23,80089699	90,63557885	23,80250404	6000_BAMWSP3
19	7559	755906	Mougakanda	72	90,64302111	23,80089699	90,64302111	23,78589699	Mouza loc
20	7586	758601	Krishnapura	129	90,65054869	23,79055266	90,65269206	23,78820048	6000_BAMWSP3
21	7683	768301	Mirka (Baganagar)	115	90,66329701	23,79909144	90,66256571	23,79774653	6000_BAMWSP3
22	7693	769301	Mukundi	118	90,65625508	23,7970978	90,6524121	23,79267164	6000_BAMWSP3
23	7715	771501	Nager Char	73	90,65378636	23,79190683	90,65116893	23,79171627	6000_BAMWSP3
24	7747	774701	Noapara	248	90,65006304	23,78065972	90,65008906	23,78369253	6000_BAMWSP3
25	7747	774799	Abdullahpur	35	90,65006304	23,78065972	90,64802657	23,78041871	lat long all
26	7871	787101	Shibpur	120	90,65999414	23,78292336	90,65638971	23,78427226	lat long all
27	15172	1517201	P. Bishnadi	136	90,72321625	23,77950778	90,72321625	23,77050778	Mouza loc
28	15172	1517202	Purbapara	89	90,72321625	23,77950778	90,72321625	23,76750778	Mouza loc
29	15172	1517203	Kala Para	57	90,72321625	23,77950778	90,72321625	23,77350778	Mouza loc
30	15172	1517204	Chaler Char	40	90,72321625	23,77950778	90,72321625	23,77650778	Mouza loc
31	15172	1517299	Bishnandi	117	90,72321625	23,77950778	90,72321625	23,77950778	Mouza loc
32	15209	1520901	Chaitankandi	333	90,71481661	23,76033872	90,71481661	23,76033872	Mouza loc
33	15301	1530101	Dari Bishnandi	144	90,72884097	23,78954539	NA	NA	
34	15301	1530102	Naya Para	131	90,72884097	23,78954539	NA	NA	
35	15333	1533301	Dayakanda	188	90,70536707	23,73545376	90,70536707	23,73545376	Mouza loc
36	15333	1533302	Naya Para	28	90,70536707	23,73545376	90,70536707	23,72945376	Mouza loc
37	15333	1533303	Kanda Para	39	90,70536707	23,73545376	90,66840198	23,7925145	lat long all
38	15408	1540801	Gazipura	234	90,72209128	23,79609775	90,72209128	23,79309775	Mouza loc
39	15408	1540802	Baluakandi	86	90,72209128	23,79609775	90,72209128	23,79609775	Mouza loc
40	15564	1556401	Karaitala	273	90,73454072	23,78034424	NA	NA	
41	15564	1556402	Sharifpur	71	90,73454072	23,78034424	NA	NA	
42	15564	1556404	Roypura	12	90,73454072	23,78034424	NA	NA	
43	15666	1566601	Manikpur	198	90,71136679	23,77511633	90,71136679	23,77511633	Mouza loc
44	15849	1584901	Sambhupura	23	90,71961641	23,7431911	90,71961641	23,7431911	Mouza loc
45	15941	1594101	Tetia	46	90,72644109	23,75629578	90,71713683	23,75916969	lat long all
46	15984	1598401	Ulukanda	76	90,73206581	23,76570604	90,73206581	23,76570604	Mouza loc
47	23086	2308601	Balia Para	282	90,59061136	23,76557581	90,58984	23,7707	my 6000
48	23086	2308602	Kadamdi	29	90,59061136	23,76557581	90,5943	23,76849	my 6000
49	23086	2308603	Bhartibalia para	77	90,59061136	23,76557581	90,588204	23,7636381	6000_BAMWSP3
50	23112	2311201	Bara Manohardi	301	90,62618524	23,78468461	90,61552	23,78279	my 6000
51	23139	2313901	Bhati Gobindi	67	90,59732952	23,77163194	90,59996858	23,77698554	6000_BAMWSP3
52	23166	2316601	Binair Char	470	90,6331867	23,78927373	90,62609	23,79186	my 6000
53	23188	2318801	Brahmandi	220	90,6409571	23,77182002	90,63541928	23,77292534	6000_BAMWSP3
54	23263	2326301	Chhota Manohardi	39	90,61841484	23,78122396	90,61346	23,7807	my 6000
55	23360	2336001	Dighaldi	255	90,63092033	23,77731192	90,63092033	23,77731192	Mouza loc
56	23371	2337101	Edbardi	233	90,60963266	23,76422164	90,61186	23,75825	my 6000
57	23371	2337102	Utrapur	104	90,60963266	23,76422164	90,59872481	23,76516665	6000_BAMWSP3
58	23371	2337103	Pajardia	38	90,60963266	23,76422164	90,604228	23,767368	6000_BAMWSP3
59	23381	2338101	Fasua	387	90,6280469	23,7645978	90,62412393	23,76723582	6000_BAMWSP3
60	23462	2346201	Jatrabari (Bailaramandi)	128	90,64314253	23,77900463	90,64314253	23,77900463	Mouza loc
61	23591	2359101	Kumarbagh	45	90,61841484	23,76286748	90,61513336	23,76192118	6000_BAMWSP3
62	23623	2362301	Laskardi	444	90,61521764	23,77279803	90,6118	23,77538	my 6000
63	23634	2363401	Lengardi	111	90,62140968	23,75921875	90,61643039	23,75906768	6000_BAMWSP3
64	23677	2367701	Maruadi	232	90,63363188	23,77441551	90,62983	23,77177	my 6000
65	23704	2370401	Muraldi	7	90,61934567	23,76681713	90,61934567	23,76681713	Mouza loc
66	23726	2372601	Narindi	142	90,62606383	23,77652199	90,62513	23,78074	my 6000
67	23742	2374201	Noadda	56	90,63735519	23,76700521	90,63485003	23,76682094	6000_BAMWSP3
68	23785	2378501	Prabhabardi	221	90,62371652	23,75365162	90,62371652	23,75365162	Mouza loc
69	23833	2383301	Rishir Char	123	90,60663782	23,77644676	90,60387298	23,77781498	6000_BAMWSP3
70	23874	2387401	Silmondi Para	69	90,62420217	23,7626794	NA	NA	
71	23925	2392501	Sulpandi	53	90,62699466	23,78073495	90,61827781	23,77165409	6000_BAMWSP3
72	23978	2397801	Ujan Gobindi	224	90,62545676	23,78976273	90,62244681	23,78802372	6000_BAMWSP3
73	31069	3106901	Bajri	160	90,60044578	23,79329861	90,60232685	23,79076678	6000_BAMWSP3
74	31069	3106902	Purbapara	82	90,60044578	23,79329861	90,60044578	23,79029861	Mouza loc
75	31069	3106903	Titi Para	76	90,60044578	23,79329861	90,60044578	23,78729861	Mouza loc
76	31096	3109601	Bandi	239	NA	NA	NA	NA	
77	31365	3136501	Hatkhola Para	126	90,60789241	23,80578704	90,61520971	23,79185918	6000_BAMWSP3
78	31365	3136502	Kalibari Bazar	19	90,60789241	23,80578704	90,60789241	23,79678704	Mouza loc
79	31365	3136503	Patita Para	29	90,60789241	23,80578704	90,60789241	23,77278704	Mouza loc
80	31365	3136504	Kumar Para	89	90,60789241	23,80578704	90,61098	23,79800846	6000_BAMWSP3
81	31365	3136505	Khan Para	68	90,60789241	23,80578704	90,60789241	23,79378704	Mouza loc
82	31365	3136506	Raghabdi	75	90,60789241	23,80578704	90,60789241	23,76978704	Mouza loc
83	31365	3136507	Singrati	15	90,60789241	23,80578704	90,60789241	23,76378704	Mouza loc
84	31365	3136508	Nutanbati	50	90,60789241	23,80578704	NA	NA	
85	31365	3136509	Malpara	30	90,60789241	23,80578704	90,60789241	23,78478704	Mouza loc
86	31365	3136510	Chowdhury Para	40	90,60789241	23,80578704	90,60789241	23,80578704	Mouza loc
87	31365	3136511	Girda Para	188	90,60789241	23,80578704	90,60704585	23,80031862	6000_BAMWSP3
88	31365	3136512	Nagar Para	48	90,60789241	23,80578704	90,60789241	23,78178704	Mouza loc
89	31365	3136513	Rashi Para	49	90,60789241	23,80578704	90,60789241	23,76678704	Mouza loc
90	31365	3136514	Khathali Para	34	90,60789241	23,80578704	90,6065684	23,79186665	6000_BAMWSP3
91	31365	3136515	Paschimpara	55	90,60789241	23,80578704	90,60789241	23,77578704	Mouza loc
92	31758	3175801	Palla	56	90,59639869	23,80484664	90,59639869	23,80484664	Mouza loc
93	31763	3176301	Manasar	77	90,63019185	23,81184317	90,62541054	23,79877193	6000_BAMWSP3
94	31763	3176302	Char Para	161	90,63019185	23,81184317	90,62877706	23,7955824	6000_BAMWSP3
95	31763	3176303	Karmakar Para	53	90,63019185	23,81184317	90,63019185	23,80584317	Mouza loc
96	31763	3176304	Dauan Para	89	90,63019185	23,81184317	90,63019185	23,80884317	Mouza loc
97	31763	3176305	Noapara	89	90,63019185	23,81184317	90,60687419	23,78745919	6000_BAMWSP3
98	31763	3176306	Mollar Para	252	90,63019185	23,81184317	90,63019185	23,79984317	Mouza loc
99	31763	3176307	Panchbari	221	90,63019185	23,81184317	90,63289202	23,80442571	6000_BAMWSP3
100	31860	3186001	Sari Satyabhandi	168	90,60922795	23,78532407	90,6112752	23,7883477	6000_BAMWSP3
101	31860	3186002	Noapara	53	90,60922795	23,78532407	90,60922795	23,77932407	Mouza loc
102	31860	3186003	Bhoa Para	146	90,60922795	23,78532407	90,60922795	23,78532407	Mouza loc
103	31860	3186004	Mollar Para	75	90,60922795	23,78532407	NA	NA	
104	31951	3195101	Tingaon	84	90,60218602	23,786114	90,60093141	23,78749136	6000_BAMWSP3
105	31951	3195102	Duptara Bazar	8	90,60218602	23,786114	90,60733615	23,79359494	6000_BAMWSP3
106	39043	3904301	Bagadi	146	90,67716835	23,79156686	90,67716835	23,79156686	Mouza loc
107	39048	3904801	Bagadi Noapara	115	90,68166815	23,79623715	90,68166815	23,79623715	Mouza loc
108	39059	3905901	Bailat	96	90,67949324	23,78926658	90,67949324	23,78926658	Mouza loc
109	39107	3910701	Kanda Para	115	90,67206862	23,79156686	90,67206862	23,78856686	Mouza loc
110	39107	3910702	Dakshinpara	220	90,67206862	23,79156686	90,67206862	23,79156686	Mouza loc
111	39193	3919301	Brahman Para	37	90,69164271	23,78836042	90,69164271	23,78836042	Mouza loc
112	39231	3923101	Chautharkhanda	92	90,65744428	23,77260691	90,65744428	23,76960691	Mouza loc
113	39231	3923102	Nayakhanda	60	90,65744428	23,77260691	90,65744428	23,76360691	Mouza loc
114	39231	3923103	Akhar Para	41	90,65744428	23,77260691	90,65701373	23,77116621	lat long all
115	39231	3923104	Nagarjoar	22	90,65744428	23,77260691	90,64367127	23,77175002	Vill Loc for Lex1
116	39252	3925201	Chhota Daburpura	115	90,67221861	23,77156134	90,66587403	23,77118863	lat long all
117	39268	3926801	Chhota Sadardia	90	NA	NA	NA	NA	
118	39279	3927901	Daburpura	96	NA	NA	NA	NA	
119	39290	3929001	Dakshinpara	92	90,66629388	23,78006543	NA	NA	
120	39311	3931101	Dari Para	46	90,68054322	23,79289127	90,68054322	23,79289127	Mouza loc
121	39387	3938701	Fatehpur	98	90,68601795	23,78933628	90,68601795	23,78933628	Mouza loc
122	39478	3947801	Joar Hamchadi	109	90,66081914	23,77609219	90,66081914	23,77609219	Mouza loc
123	39613	3961301	Lalurkandi	63	90,67611842	23,79588861	90,68007802	23,72927357	Vill Loc for Lex1
124	39618	3961801	Goal Para	39	90,66284402	23,78382953	90,66219567	23,78269491	lat long all
125	39618	3961802	Dakshinpara	22	90,66284402	23,78382953	NA	NA	
126	39720	3972001	Naikahan	79	90,6656939	23,77051574	90,65905811	23,77179835	lat long all
127	39882	3988201	Singapur	37	90,67056869	23,7664728	90,66789461	23,76658288	lat long all
128	39930	3993001	Sultansadi	95	90,67611842	23,76528782	90,67159491	23,76447102	lat long all
129	39962	3996201	Turkini	23	90,66779381	23,80007095	90,66779381	23,80007095	Mouza loc
130	47032	4703201	Atabdi	34	90,63479533	23,75497137	90,63025442	23,75731975	lat long all
131	47091	4709101	Ballabhdi	76	90,65346947	23,74967372	90,64392087	23,74809457	Vill Loc for Lex1
132	47091	4709102	Ballabhdi Khanda	36	90,65346947	23,74967372	90,63984245	23,75131394	lat long all
133	47091	4709103	Barujkhanda	8	90,65346947	23,74967372	90,65346947	23,74367372	Mouza loc
134	47150	4715001	Bhiti Kamaldi	59	90,62958479	23,74864873	90,62741397	23,7449582	Vill Loc for Lex1
135	47150	4715002	Para Manohardi	61	90,62958479	23,74864873	90,62103801	23,75130742	Vill Loc for Lex1
136	47274	4727401	Chhota Salmadi	19	90,66951872	23,76138429	NA	NA	
137	47274	4727402	Salmadi	22	90,66951872	23,76138429	NA	NA	
138	47306	4730601	Dariabad	22	90,64221999	23,7481402	90,6328921	23,75343226	Vill Loc for Lex1
139	47349	4734901	Dhandi	53	90,63787019	23,74312139	90,62896393	23,74561072	Vill Loc for Lex1
140	47354	4735401	Dhandi Udoydi (Baroani)	35	90,6350953	23,74834931	NA	NA	
141	47392	4739201	Gadadhardi	16	90,6524195	23,73524466	90,64439165	23,73106721	Vill Loc for Lex1
142	47392	4739202	Chandibardi	28	90,6524195	23,73524466	90,64952504	23,73581404	Vill Loc for Lex1
143	47392	4739203	Saizadi	16	90,6524195	23,73524466	90,64977109	23,73316149	Vill Loc for Lex1
144	47424	4742401	Hazadi	32	90,65729429	23,75155578	90,65729429	23,74855578	Mouza loc
145	47424	4742402	Noapara	47	90,65729429	23,75155578	90,65729429	23,74555578	Mouza loc
146	47424	4742403	Singhadirkanda	19	90,65729429	23,75155578	90,64504506	23,74700365	Vill Loc for Lex1
147	47424	4742499	Apradi	11	90,65729429	23,75155578	90,65729429	23,75155578	Mouza loc
148	47435	4743501	Ilamdi (Khondakarkandi)	153	90,66486894	23,75127698	NA	NA	
149	47510	4751001	Kahindi	81	90,65984416	23,75713224	90,65984416	23,75713224	Mouza loc
150	47510	4751002	Khandakar Kalagachhia	34	90,65984416	23,75713224	90,65984416	23,75413224	Mouza loc
151	47510	4751003	Ramnagar	16	90,65984416	23,75713224	90,65364378	23,75681805	Vill Loc for Lex1
152	47527	4752701	Kalagachhia	180	90,65076958	23,76466047	90,64108083	23,76452295	Vill Loc for Lex1
153	47527	4752702	Nagarjoar	15	90,65076958	23,76466047	90,64336034	23,76809612	Vill Loc for Lex1
154	47553	4755301	Kamaldi	36	90,67109364	23,75713224	90,67109364	23,75413224	Mouza loc
155	47553	4755302	Narandi	175	90,67109364	23,75713224	90,62523739	23,7807299	6000_BAMWSP3
156	47553	4755304	Ilamdi	57	90,67109364	23,75713224	90,66379583	23,74998738	lat long all
157	47645	4764501	Madhabdi	99	90,66194407	23,73886935	90,66194407	23,73286935	Mouza loc
158	47645	4764502	Kanda Para	6	90,66194407	23,73886935	90,66194407	23,73586935	Mouza loc
159	47645	4764503	Daldirkanda	19	90,66194407	23,73886935	90,66194407	23,73886935	Mouza loc
160	47806	4780601	Roynadi	44	90,64506987	23,75755049	90,64561701	23,75425931	Vill Loc for Lex1
161	47806	4780602	Tuterbhag	34	90,64506987	23,75755049	90,6444738	23,75860692	lat long all
162	47865	4786501	Sendi	65	NA	NA	90,6594692	23,74563082	Mouza loc
163	47865	4786502	Sendi Hajibari	13	NA	NA	90,6594692	23,74263082	Mouza loc
164	47887	4788701	Sinhadi	97	90,6594692	23,74563082	90,65069459	23,7401911	Mouza loc
165	47887	4788702	Asarampur	31	90,6594692	23,74563082	90,64039286	23,74507996	lat long all
166	47946	4794601	Tilchandi	66	90,65069459	23,7431911	90,65872073	23,76075291	Vill Loc for Lex1
167	47973	4797301	Udoydi	60	90,66419397	23,75601694	90,62859089	23,75312355	Vill Loc for Lex1
168	47999	4799999	Sarapdi	37	90,63157049	23,75260139	NA	NA	
169	55155	5515501	Bibirkandi	17	90,71639153	23,72534645	90,71639153	23,72534645	Mouza loc
170	55473	5547301	Jhukandi	122	90,70701698	23,70575911	90,70701698	23,70575911	Mouza loc
171	55473	5547302	Madhyachar	125	90,70701698	23,70575911	90,70701698	23,70275911	Mouza loc
172	55473	5547303	Purbakandi	65	90,70701698	23,70575911	90,70701698	23,69975911	Mouza loc
173	55500	5550001	Kadmir Char	50	90,72726605	23,71321763	90,72726605	23,71021763	Mouza loc
174	55500	5550002	Badalpur	53	90,72726605	23,71321763	90,72726605	23,71321763	Mouza loc
175	55532	5553201	Kalapaharia	204	90,72966593	23,69704591	90,72966593	23,69704591	Mouza loc
176	55532	5553202	Noagaon	40	90,72966593	23,69704591	90,72966593	23,69404591	Mouza loc
177	55736	5573602	Ajirkandi	136	90,7134667	23,6821986	90,7134667	23,6821986	Mouza loc
178	55736	5573603	Gobindapur	70	90,7134667	23,6821986	90,7134667	23,6791986	Mouza loc
179	55736	5573604	Radhanagar	121	90,7134667	23,6821986	90,7134667	23,6701986	Mouza loc
180	55736	5573605	Hazirktek	132	90,7134667	23,6821986	90,7134667	23,6761986	Mouza loc
181	55736	5573606	Ulukandi	37	90,7134667	23,6821986	90,7134667	23,6671986	Mouza loc
182	55736	5573607	Khaliar Char	58	90,7134667	23,6821986	90,7134667	23,6731986	Mouza loc
183	63220	6322001	Kamalapur	1	90,6806932	23,6869386	90,6806932	23,6839386	Mouza loc
184	63220	6322002	Dengurkandi	34	90,6806932	23,6869386	90,66670212	23,69137775	Vill Loc for Lex1
185	63521	6352101	Kakailmora	129	90,6719186	23,71405409	90,6671368	23,71669801	New Vill Loc
186	63602	6360201	Lakshmipur	64	NA	NA	NA	NA	
187	63731	6373101	Sambhupura	86	90,68969279	23,7297379	90,68874099	23,74932542	Vill Loc for Lex1
188	63731	6373102	Mohanpura	81	90,68969279	23,7297379	90,68969279	23,6907379	Mouza loc
189	63731	6373103	Nijar Para	37	90,68969279	23,7297379	90,68969279	23,6787379	Mouza loc
190	63731	6373104	Dumar Char	78	90,68969279	23,7297379	90,69062917	23,73744335	Vill Loc for Lex1
191	63731	6373105	Naya Para	22	90,68969279	23,7297379	90,67348849	23,71009196	Vill Loc for Lex1
192	63731	6373106	Panchani	74	90,68969279	23,7297379	90,68525405	23,73731076	Vill Loc for Lex1
193	63731	6373107	Kadamtali	30	90,68969279	23,7297379	90,67969981	23,73336259	lat long all
194	63731	6373108	Tatuakanda (Ka)	35	90,68969279	23,7297379	90,67774282	23,70839006	Vill Loc for Lex1
195	63731	6373109	Lalurkandi	72	90,68969279	23,7297379	90,68969279	23,6967379	Mouza loc
196	63731	6373110	Manikpur	19	90,68969279	23,7297379	90,68969279	23,6937379	Mouza loc
197	63731	6373111	Aganagar	23	90,68969279	23,7297379	90,68969279	23,7297379	Mouza loc
198	63731	6373112	Champaknagar	40	90,68969279	23,7297379	90,67331175	23,7259434	lat long all
199	63731	6373113	Baher Char	85	90,68969279	23,7297379	90,68969279	23,7267379	Mouza loc
200	63731	6373114	Tataytala	55	90,68969279	23,7297379	90,67396493	23,72137921	Vill Loc for Lex1
201	63731	6373115	Nayanabad	114	90,68969279	23,7297379	90,67659127	23,71835786	Vill Loc for Lex1
202	63731	6373116	Lalnagar	80	90,68969279	23,7297379	90,68969279	23,6997379	Mouza loc
203	63731	6373117	Najarpura	19	90,68969279	23,7297379	90,68969279	23,6877379	Mouza loc
204	63731	6373118	Islampur	28	90,68969279	23,7297379	90,67360942	23,70774705	Vill Loc for Lex1
205	63731	6373119	Hoglakanda	40	90,68969279	23,7297379	90,68969279	23,7177379	Mouza loc
206	63731	6373120	Khagkanda	114	90,68969279	23,7297379	90,69442268	23,72094972	Vill Loc for Lex1
207	63731	6373121	Khagkanda Naya Para	33	90,68969279	23,7297379	90,68612852	23,71323494	lat long all
208	63731	6373122	Tatuakanda (Kha)	75	90,68969279	23,7297379	90,68643077	23,73234682	lat long all
209	63731	6373123	Jalarpar Kanda Para	3	90,68969279	23,7297379	90,68969279	23,7117379	Mouza loc
210	63898	6389801	Aguandi Shobhrampur	70	NA	NA	NA	NA	
211	71010	7101001	Aguandi	135	90,7024422	23,75887487	90,7024422	23,75887487	Mouza loc
212	71236	7123601	Chhitkerkandi	18	90,68211814	23,7721887	90,68211814	23,7721887	Mouza loc
213	71397	7139701	Gaherdi	242	90,70169223	23,76577574	90,70169223	23,76577574	Mouza loc
214	71484	7148401	Jogardia	168	90,684743	23,76870341	90,684743	23,76870341	Mouza loc
215	71489	7148901	Jogardia Khas	3	90,68616794	23,76563633	90,68616794	23,76563633	Mouza loc
216	71537	7153701	Uttarpara	136	90,67986825	23,7773469	90,67588342	23,78197567	lat long all
217	71537	7153702	Molla Para	51	90,67986825	23,7773469	90,67986825	23,7653469	Mouza loc
218	71537	7153703	Balia Para	162	90,67986825	23,7773469	90,67986825	23,7773469	Mouza loc
219	71537	7153704	Gang Para	32	90,67986825	23,7773469	90,66844353	23,77134194	lat long all
220	71537	7153705	Bhiti Para	20	90,67986825	23,7773469	90,67986825	23,7743469	Mouza loc
221	71537	7153706	Goas Para	45	90,67986825	23,7773469	90,67986825	23,7683469	Mouza loc
222	71575	7157501	Khaser Kandi	71	90,70409211	23,78250511	90,70409211	23,78250511	Mouza loc
223	71580	7158001	Khirdasdi	146	90,69344261	23,77455867	90,69344261	23,77455867	Mouza loc
224	71650	7165001	Mahmudpur	73	90,69824238	23,78173835	90,69824238	23,78173835	Mouza loc
225	71672	7167201	Mardasdi	70	90,69029277	23,76507868	90,69029277	23,76507868	Mouza loc
226	71699	7169901	Muluksahadi	31	90,68774286	23,75866576	NA	NA	
227	71790	7179001	Raghunathpur	21	90,67154363	23,78083219	90,67154363	23,78083219	Mouza loc
228	71844	7184401	Salamdi	243	90,6998173	23,77407072	90,6998173	23,77407072	Mouza loc
229	71908	7190801	Sreenibasdi	305	90,69044275	23,77741661	90,69044275	23,77741661	Mouza loc
230	79123	7912301	Bara Sadasardi	204	90,69276764	23,78501453	90,69276764	23,78501453	Mouza loc
231	79317	7931701	Dairadir Char	177	90,71504163	23,79651596	90,71504163	23,79651596	Mouza loc
232	79414	7941401	Gopaldi	351	90,71354169	23,805508	90,71354169	23,805508	Mouza loc
233	79414	7941402	Ulukandi	540	90,71354169	23,805508	90,71354169	23,802508	Mouza loc
234	79446	7944601	Jalakandi	318	90,69314265	23,79484304	90,69314265	23,79484304	Mouza loc
235	79596	7959601	Kanda Para	47	90,70589206	23,805508	90,70589206	23,805508	Mouza loc
236	79596	7959602	Muradpur	53	90,70589206	23,805508	90,70589206	23,799508	Mouza loc
237	79596	7959603	Lakshmibardi	310	90,70589206	23,805508	90,70589206	23,802508	Mouza loc
238	79688	7968801	Mollar Char	239	90,69276764	23,81958855	90,69276764	23,81958855	Mouza loc
239	79709	7970901	Nagardaukadi	222	90,68571798	23,82530445	90,68571798	23,82530445	Mouza loc
240	79779	7977901	Pathanerkandi	41	90,68744289	23,82223738	90,68744289	23,82223738	Mouza loc
241	79795	7979501	Ramchandradi	565	90,70349213	23,78787247	90,70349213	23,78787247	Mouza loc
242	79817	7981701	Ratnagardi	49	90,70071729	23,79784037	90,70071729	23,79784037	Mouza loc
243	79817	7981702	Sonakanda	110	90,70071729	23,79784037	90,70071729	23,79484037	Mouza loc
244	79839	7983901	Sasasardi	67	90,70926688	23,81087536	90,70926688	23,80787536	Mouza loc
245	79839	7983902	Kamalapur	22	90,70926688	23,81087536	90,70926688	23,81087536	Mouza loc
246	79957	7995701	Toksadi	92	90,7126417	23,79735246	90,7126417	23,79735246	Mouza loc
247	79994	7999401	Uttar Kalagachhia	128	90,69974231	23,81254828	90,69974231	23,79754828	Mouza loc
248	79994	7999402	Kalagachhia	141	90,69974231	23,81254828	90,69974231	23,80954828	Mouza loc
249	79994	7999403	Kalamiarkandi	31	90,69974231	23,81254828	90,69974231	23,80654828	Mouza loc
250	79994	7999404	Hoglakandi	63	90,69974231	23,81254828	90,69974231	23,81254828	Mouza loc
251	79994	7999405	Rishi Para	45	90,69974231	23,81254828	90,69974231	23,80054828	Mouza loc
252	79994	7999406	Naya Para	18	90,69974231	23,81254828	90,67348849	23,71009196	Vill Loc for Lex1
253	87118	8711801	Matail	164	90,63476506	23,84046875	90,63476506	23,84046875	Mouza loc
254	87118	8711802	Noagaon	215	90,63476506	23,84046875	90,63476506	23,83746875	Mouza loc
255	87118	8711803	Tekpara	274	90,63476506	23,84046875	90,63476506	23,82846875	Mouza loc
256	87118	8711804	Purinda	276	90,63476506	23,84046875	90,63476506	23,83146875	Mouza loc
257	87118	8711805	Noangar	17	90,63476506	23,84046875	90,63476506	23,83446875	Mouza loc
258	87204	8720401	Chairgaon	117	90,64476136	23,8709375	90,64476136	23,8709375	Mouza loc
259	87285	8728501	Dakshin Swarupaba	73	90,64569219	23,85412326	90,64569219	23,85412326	Mouza loc
260	87338	8733801	Deabai	123	90,64322347	23,85720775	90,64322347	23,85720775	Mouza loc
261	87338	8733802	Kapaliar Tek	30	90,64322347	23,85720775	90,64322347	23,85420775	Mouza loc
262	87769	8776901	Sunpara	140	90,61367975	23,82636285	90,61367975	23,79936285	Mouza loc
263	87769	8776902	Maiz Para	94	90,61367975	23,82636285	90,61367975	23,81136285	Mouza loc
264	87769	8776903	Ghosh Para	28	90,61367975	23,82636285	90,61367975	23,81736285	Mouza loc
265	87769	8776904	Nama Para	46	90,61367975	23,82636285	90,61367975	23,80836285	Mouza loc
266	87769	8776905	Khan Para	32	90,61367975	23,82636285	90,61367975	23,81436285	Mouza loc
267	87769	8776906	Bhoa Para	63	90,61367975	23,82636285	90,61367975	23,82636285	Mouza loc
268	87769	8776908	Dighirpar	22	90,61367975	23,82636285	90,61367975	23,82336285	Mouza loc
269	87769	8776909	Gazaria Khan Para	49	90,61367975	23,82636285	90,61367975	23,82036285	Mouza loc
270	87769	8776910	Paschimpara	214	90,61367975	23,82636285	90,61367975	23,80536285	Mouza loc
271	87769	8776911	Singharati	3	90,61367975	23,82636285	90,61367975	23,80236285	Mouza loc
272	87812	8781201	Rasulpur	390	90,65034634	23,8479919	90,65034634	23,8419919	Mouza loc
273	87812	8781202	Bahadurpur	148	90,65034634	23,8479919	90,65034634	23,8479919	Mouza loc
274	87812	8781203	Bilpar	36	90,65034634	23,8479919	90,65034634	23,8449919	Mouza loc
275	87855	8785501	Sakhargaon	69	90,63703143	23,86142072	90,63703143	23,84642072	Mouza loc
276	87855	8785502	Satgram	42	90,63703143	23,86142072	90,63703143	23,84342072	Mouza loc
277	87855	8785503	Pakutura	28	90,63703143	23,86142072	90,63703143	23,84942072	Mouza loc
278	87855	8785504	Nowadda	35	90,63703143	23,86142072	90,63703143	23,85242072	Mouza loc
279	87855	8785505	Ziar Tek	30	90,63703143	23,86142072	90,63703143	23,84042072	Mouza loc
280	87855	8785506	Burburiar Tek	20	90,63703143	23,86142072	90,63703143	23,85842072	Mouza loc
281	87855	8785507	Dopar Tek	55	90,63703143	23,86142072	90,63703143	23,85542072	Mouza loc
282	87855	8785508	Asuhat	96	90,63703143	23,86142072	90,63703143	23,86142072	Mouza loc
283	87989	8798901	Urian	8	90,65212706	23,85987847	90,65212706	23,85987847	Mouza loc
284	94016	9401601	Alisadi	23	90,68886783	23,7491858	90,6877287	23,75132318	Vill Loc for Lex1
285	94026	9402601	Purba Atadi	98	90,67769334	23,74981316	90,67769334	23,74681316	Mouza loc
286	94026	9402602	Paschim Atadi	46	90,67769334	23,74981316	90,67769334	23,74981316	Mouza loc
287	94026	9402603	Sitaramkandi	30	90,67769334	23,74981316	90,67769334	23,74381316	Mouza loc
288	94102	9410201	Bara Barai Para	183	90,66771882	23,72353409	90,66808779	23,72218982	Vill Loc for Lex1
289	94129	9412901	Bhairabdi	118	90,67911828	23,75657459	90,67436392	23,7566341	New Vill Loc
290	94161	9416101	Bijoynagar (Beparibari)	87	90,70341714	23,75051022	90,70341714	23,75051022	Mouza loc
291	94198	9419801	Burumdi	31	90,67814334	23,73168967	90,67493949	23,73365858	lat long all
292	94242	9424201	Chhota Balapur	29	90,68601795	23,74618843	90,68601795	23,74618843	Mouza loc
293	94322	9432201	Daserdia	195	90,6696687	23,73768434	90,6696687	23,73768434	Mouza loc
294	94419	9441901	Gurubdi	61	90,68189316	23,74542167	90,67806523	23,7452127	Vill Loc for Lex1
295	94451	9445101	Jangalia	244	90,67844331	23,73970581	90,67515871	23,7356732	New Vill Loc
296	94451	9445199	Chengakandi	83	90,67844331	23,73970581	90,67329223	23,73016019	Vill Loc for Lex1
297	94494	9449401	Kadirdia	72	90,68571798	23,75120727	90,68571798	23,75120727	Mouza loc
298	94801	9480101	Rampur	52	90,67311856	23,72841349	90,67320581	23,73115127	Vill Loc for Lex1
299	94828	9482801	roypur	41	90,69194268	23,75267109	NA	NA	
300	94919	9491901	Sreepatir Chak	9	90,67356855	23,7530196	90,67101865	23,75350755	Mouza loc
301	94935	9493501	Tegharia Para	18	90,67394352	23,74486402	90,67081539	23,74859495	New Vill Loc
302	94968	9496801	Uchitpur	30	90,69389261	23,75385606	90,69224179	23,75286142	New Vill Loc
