/*--------------------------------*- C++ -*----------------------------------*\
| =========                 |                                                 |
| \\      /  F ield         | OpenFOAM: The Open Source CFD Toolbox           |
|  \\    /   O peration     | Version:  5.0                                   |
|   \\  /    A nd           | Web:      www.OpenFOAM.org                      |
|    \\/     M anipulation  |                                                 |
\*---------------------------------------------------------------------------*/
FoamFile
{
    version     2.0;
    format      ascii;
    class       pointSet;
    location    "constant/polyMesh/sets";
    object      nonAlignedEdges;
}
// * * * * * * * * * * * * * * * * * * * * * * * * * * * * * * * * * * * * * //


214
(
512 
9 
522 
10 
523 
11 
12 
524 
13 
525 
526 
527 
15 
528 
16 
17 
529 
530 
18 
19 
38 
39 
40 
41 
42 
43 
44 
45 
46 
47 
48 
67 
68 
69 
70 
71 
72 
73 
74 
75 
76 
77 
96 
97 
98 
99 
100 
101 
102 
103 
104 
105 
106 
125 
126 
127 
128 
129 
130 
131 
132 
133 
134 
135 
154 
155 
156 
157 
158 
159 
160 
673 
161 
162 
674 
675 
163 
164 
676 
677 
678 
679 
680 
681 
183 
184 
185 
186 
187 
188 
189 
190 
191 
192 
193 
212 
213 
214 
215 
216 
217 
218 
219 
220 
221 
222 
241 
242 
243 
244 
245 
246 
247 
248 
249 
250 
251 
270 
271 
272 
273 
274 
275 
276 
277 
278 
279 
280 
299 
300 
301 
302 
303 
304 
305 
306 
307 
308 
309 
328 
329 
330 
331 
332 
333 
334 
335 
336 
337 
338 
357 
358 
359 
360 
361 
362 
363 
364 
365 
366 
367 
386 
387 
388 
389 
390 
391 
392 
393 
394 
395 
396 
415 
416 
417 
418 
419 
420 
421 
422 
423 
424 
425 
444 
445 
446 
447 
448 
449 
450 
451 
452 
453 
454 
473 
474 
475 
476 
477 
478 
479 
480 
481 
482 
483 
502 
503 
504 
505 
506 
508 
509 
510 
511 
)

// ************************************************************************* //
