[[-2.7413],
[0.59746],
[0.081784],
[0.030154],
[0.52807],
[0.18686],
[0.058647],
[0.026042],
[0.52025],
[0.18517],
[0.058637],
[0.026142],
[0.08512],
[0.05494],
[0.031632],
[0.018577],
[0.084682],
[0.054885],
[0.031848],
[0.01883],
[0.033364],
[0.025303],
[0.018101],
[0.012705],
[0.03315],
[0.025282],
[0.018242],
[0.012919],
[0.017328],
[0.014226],
[0.011306],
[0.008821],
[0.017114],
[0.014146],
[0.011348],
[0.0089455],
[0.010292],
[0.0088753],
[0.0075092],
[0.0062684],
[0.01004],
[0.0087264],
[0.0074576],
[0.0062959],
[0.0065533],
[0.0058518],
[0.005166],
[0.0045195],
[0.0062451],
[0.0056268],
[0.0050215],
[0.0044467],
[0.0042935],
[0.0039388],
[0.0035892],
[0.003252],
[0.0039113],
[0.003625],
[0.0033424],
[0.0030681],
[0.0027818],
[0.0026098],
[0.0024393],
[0.0022724],
[0.0023029],
[0.0021859],
[0.0020698],
[0.0019555],
[0.0016742],
[0.0016018],
[0.0015298],
[0.0014586],
[0.0010662],
[0.001034],
[0.001002],
[0.00097019],
[0.00078546],
[0.00076523],
[0.00074506],
[0.00072499]],
[[-2.2256],
[-2.7413],
[0.59749],
[0.081787],
[0.656],
[0.52754],
[0.18634],
[0.058595],
[0.64908],
[0.52382],
[0.18877],
[0.05966],
[0.10883],
[0.085611],
[0.055431],
[0.031953],
[0.10906],
[0.086326],
[0.056542],
[0.032916],
[0.040998],
[0.03384],
[0.02578],
[0.018491],
[0.041096],
[0.03415],
[0.026289],
[0.019073],
[0.02063],
[0.017732],
[0.014631],
[0.01167],
[0.020576],
[0.017815],
[0.014851],
[0.011989],
[0.011985],
[0.01063],
[0.009215],
[0.0078294],
[0.011817],
[0.010565],
[0.0092547],
[0.0079599],
[0.0075154],
[0.0068358],
[0.0061353],
[0.0054403],
[0.0072457],
[0.0066484],
[0.0060322],
[0.0054164],
[0.0048723],
[0.004526],
[0.0041721],
[0.0038183],
[0.0044956],
[0.0042168],
[0.0039318],
[0.0036455],
[0.0031348],
[0.002966],
[0.0027945],
[0.0026225],
[0.0026321],
[0.0025176],
[0.0024014],
[0.0022844],
[0.0018786],
[0.0018074],
[0.0017353],
[0.0016629],
[0.0012157],
[0.0011841],
[0.0011523],
[0.0011202],
[0.00087974],
[0.00085977],
[0.00083968],
[0.00081949]],
[[-2.174],
[-2.2256],
[-2.7413],
[0.59756],
[0.68862],
[0.65595],
[0.52701],
[0.18582],
[0.68159],
[0.65007],
[0.52733],
[0.19243],
[0.12199],
[0.10915],
[0.086099],
[0.055925],
[0.1224],
[0.11008],
[0.087943],
[0.058222],
[0.046608],
[0.041378],
[0.034312],
[0.026261],
[0.046864],
[0.041883],
[0.035134],
[0.027308],
[0.023369],
[0.020983],
[0.018132],
[0.015039],
[0.023418],
[0.021182],
[0.018504],
[0.015562],
[0.013478],
[0.012294],
[0.010965],
[0.0095565],
[0.01337],
[0.012292],
[0.011081],
[0.0097854],
[0.008394],
[0.0077796],
[0.0071148],
[0.0064197],
[0.0081523],
[0.0076197],
[0.0070436],
[0.0064376],
[0.0054123],
[0.0050928],
[0.0047551],
[0.0044053],
[0.0050368],
[0.004783],
[0.0045153],
[0.0042369],
[0.0034688],
[0.0033111],
[0.0031471],
[0.0029785],
[0.0029416],
[0.0028361],
[0.0027267],
[0.0026142],
[0.002074],
[0.0020069],
[0.001938],
[0.0018676],
[0.0013577],
[0.0013284],
[0.0012984],
[0.0012679],
[0.00097047],
[0.00095158],
[0.00093238],
[0.00091292]],
[[-2.1593],
[-2.174],
[-2.2256],
[-2.7414],
[0.70036],
[0.68861],
[0.65589],
[0.52648],
[0.6932],
[0.68193],
[0.65103],
[0.53078],
[0.12887],
[0.12217],
[0.10946],
[0.086584],
[0.12926],
[0.12293],
[0.11106],
[0.089531],
[0.05034],
[0.046872],
[0.041751],
[0.034781],
[0.050631],
[0.047396],
[0.042638],
[0.036099],
[0.025453],
[0.023646],
[0.021327],
[0.018528],
[0.025542],
[0.023885],
[0.021762],
[0.019178],
[0.014706],
[0.013739],
[0.012594],
[0.011295],
[0.014626],
[0.013764],
[0.012745],
[0.011583],
[0.009151],
[0.008626],
[0.0080356],
[0.0073889],
[0.0089206],
[0.0084748],
[0.007975],
[0.0074259],
[0.0058917],
[0.0056108],
[0.0053055],
[0.0049791],
[0.0055095],
[0.005291],
[0.0050546],
[0.0048017],
[0.0037713],
[0.00363],
[0.0034803],
[0.0033229],
[0.0032173],
[0.0031248],
[0.0030274],
[0.0029253],
[0.0022533],
[0.0021925],
[0.0021293],
[0.0020638],
[0.0014857],
[0.0014598],
[0.001433],
[0.0014054],
[0.0010544],
[0.0010372],
[0.0010196],
[0.0010015]],
[[0.52807],
[0.18686],
[0.058647],
[0.026042],
[-2.7413],
[0.59746],
[0.081784],
[0.030154],
[0.08512],
[0.05494],
[0.031632],
[0.018577],
[0.52025],
[0.18517],
[0.058637],
[0.026142],
[0.033364],
[0.025303],
[0.018101],
[0.012705],
[0.084682],
[0.054885],
[0.031848],
[0.01883],
[0.017328],
[0.014226],
[0.011306],
[0.008821],
[0.03315],
[0.025282],
[0.018242],
[0.012919],
[0.010292],
[0.0088753],
[0.0075092],
[0.0062684],
[0.017114],
[0.014146],
[0.011348],
[0.0089455],
[0.0065533],
[0.0058518],
[0.005166],
[0.0045195],
[0.01004],
[0.0087264],
[0.0074576],
[0.0062959],
[0.0042935],
[0.0039388],
[0.0035892],
[0.003252],
[0.0062451],
[0.0056268],
[0.0050215],
[0.0044467],
[0.0027818],
[0.0026098],
[0.0024393],
[0.0022724],
[0.0039113],
[0.003625],
[0.0033424],
[0.0030681],
[0.0016742],
[0.0016018],
[0.0015298],
[0.0014586],
[0.0023029],
[0.0021859],
[0.0020698],
[0.0019555],
[0.00078546],
[0.00076523],
[0.00074506],
[0.00072499],
[0.0010662],
[0.001034],
[0.001002],
[0.00097019]],
[[0.656],
[0.52754],
[0.18634],
[0.058595],
[-2.2256],
[-2.7413],
[0.59749],
[0.081787],
[0.10883],
[0.085611],
[0.055431],
[0.031953],
[0.64908],
[0.52382],
[0.18877],
[0.05966],
[0.040998],
[0.03384],
[0.02578],
[0.018491],
[0.10906],
[0.086326],
[0.056542],
[0.032916],
[0.02063],
[0.017732],
[0.014631],
[0.01167],
[0.041096],
[0.03415],
[0.026289],
[0.019073],
[0.011985],
[0.01063],
[0.009215],
[0.0078294],
[0.020576],
[0.017815],
[0.014851],
[0.011989],
[0.0075154],
[0.0068358],
[0.0061353],
[0.0054403],
[0.011817],
[0.010565],
[0.0092547],
[0.0079599],
[0.0048723],
[0.004526],
[0.0041721],
[0.0038183],
[0.0072457],
[0.0066484],
[0.0060322],
[0.0054164],
[0.0031348],
[0.002966],
[0.0027945],
[0.0026225],
[0.0044956],
[0.0042168],
[0.0039318],
[0.0036455],
[0.0018786],
[0.0018074],
[0.0017353],
[0.0016629],
[0.0026321],
[0.0025176],
[0.0024014],
[0.0022844],
[0.00087974],
[0.00085977],
[0.00083968],
[0.00081949],
[0.0012157],
[0.0011841],
[0.0011523],
[0.0011202]],
[[0.68862],
[0.65595],
[0.52701],
[0.18582],
[-2.174],
[-2.2256],
[-2.7413],
[0.59756],
[0.12199],
[0.10915],
[0.086099],
[0.055925],
[0.68159],
[0.65007],
[0.52733],
[0.19243],
[0.046608],
[0.041378],
[0.034312],
[0.026261],
[0.1224],
[0.11008],
[0.087943],
[0.058222],
[0.023369],
[0.020983],
[0.018132],
[0.015039],
[0.046864],
[0.041883],
[0.035134],
[0.027308],
[0.013478],
[0.012294],
[0.010965],
[0.0095565],
[0.023418],
[0.021182],
[0.018504],
[0.015562],
[0.008394],
[0.0077796],
[0.0071148],
[0.0064197],
[0.01337],
[0.012292],
[0.011081],
[0.0097854],
[0.0054123],
[0.0050928],
[0.0047551],
[0.0044053],
[0.0081523],
[0.0076197],
[0.0070436],
[0.0064376],
[0.0034688],
[0.0033111],
[0.0031471],
[0.0029785],
[0.0050368],
[0.004783],
[0.0045153],
[0.0042369],
[0.002074],
[0.0020069],
[0.001938],
[0.0018676],
[0.0029416],
[0.0028361],
[0.0027267],
[0.0026142],
[0.00097047],
[0.00095158],
[0.00093238],
[0.00091292],
[0.0013577],
[0.0013284],
[0.0012984],
[0.0012679]],
[[0.70036],
[0.68861],
[0.65589],
[0.52648],
[-2.1593],
[-2.174],
[-2.2256],
[-2.7414],
[0.12887],
[0.12217],
[0.10946],
[0.086584],
[0.6932],
[0.68193],
[0.65103],
[0.53078],
[0.05034],
[0.046872],
[0.041751],
[0.034781],
[0.12926],
[0.12293],
[0.11106],
[0.089531],
[0.025453],
[0.023646],
[0.021327],
[0.018528],
[0.050631],
[0.047396],
[0.042638],
[0.036099],
[0.014706],
[0.013739],
[0.012594],
[0.011295],
[0.025542],
[0.023885],
[0.021762],
[0.019178],
[0.009151],
[0.008626],
[0.0080356],
[0.0073889],
[0.014626],
[0.013764],
[0.012745],
[0.011583],
[0.0058917],
[0.0056108],
[0.0053055],
[0.0049791],
[0.0089206],
[0.0084748],
[0.007975],
[0.0074259],
[0.0037713],
[0.00363],
[0.0034803],
[0.0033229],
[0.0055095],
[0.005291],
[0.0050546],
[0.0048017],
[0.0022533],
[0.0021925],
[0.0021293],
[0.0020638],
[0.0032173],
[0.0031248],
[0.0030274],
[0.0029253],
[0.0010544],
[0.0010372],
[0.0010196],
[0.0010015],
[0.0014857],
[0.0014598],
[0.001433],
[0.0014054]],
[[0.55417],
[0.1931],
[0.059584],
[0.026278],
[0.088793],
[0.056866],
[0.032332],
[0.0188],
[-2.8175],
[0.60575],
[0.082678],
[0.030471],
[0.034557],
[0.026031],
[0.018432],
[0.012804],
[0.53122],
[0.18875],
[0.060006],
[0.026823],
[0.017949],
[0.014633],
[0.011517],
[0.0088904],
[0.08638],
[0.056166],
[0.03281],
[0.019519],
[0.01072],
[0.0091754],
[0.0076881],
[0.0063481],
[0.033618],
[0.025788],
[0.018771],
[0.013418],
[0.0069126],
[0.0061227],
[0.0053516],
[0.0046298],
[0.017158],
[0.014289],
[0.01158],
[0.0092331],
[0.0046401],
[0.0042192],
[0.0038049],
[0.0034077],
[0.0098479],
[0.0086382],
[0.0074672],
[0.0063856],
[0.0031495],
[0.002926],
[0.0027048],
[0.0024895],
[0.0058687],
[0.0053452],
[0.0048316],
[0.00434],
[0.0020902],
[0.0019782],
[0.0018669],
[0.0017574],
[0.0033498],
[0.0031446],
[0.0029415],
[0.0027431],
[0.0012782],
[0.00123],
[0.0011821],
[0.0011345],
[0.0015231],
[0.0014679],
[0.001413],
[0.0013587],
[0.00060565],
[0.00059203],
[0.00057844],
[0.00056491]],
[[0.68472],
[0.54933],
[0.18832],
[0.058475],
[0.1128],
[0.088139],
[0.056214],
[0.031944],
[-2.2943],
[-2.8174],
[0.60606],
[0.082704],
[0.042139],
[0.034537],
[0.02601],
[0.018418],
[0.6651],
[0.53927],
[0.19695],
[0.062251],
[0.021188],
[0.01808],
[0.014763],
[0.011634],
[0.11216],
[0.089348],
[0.059175],
[0.034765],
[0.01237],
[0.010888],
[0.0093441],
[0.0078459],
[0.042102],
[0.035235],
[0.027423],
[0.020137],
[0.0078501],
[0.0070829],
[0.0062934],
[0.0055156],
[0.020867],
[0.018212],
[0.015353],
[0.012557],
[0.0052103],
[0.0047984],
[0.0043779],
[0.0039599],
[0.01174],
[0.010592],
[0.0093875],
[0.0081862],
[0.0035087],
[0.003289],
[0.0030658],
[0.0028428],
[0.0069068],
[0.0064029],
[0.0058827],
[0.0053593],
[0.0023162],
[0.0022057],
[0.002094],
[0.0019819],
[0.0039128],
[0.0037136],
[0.0035102],
[0.0033048],
[0.0014118],
[0.0013642],
[0.0013162],
[0.001268],
[0.0017735],
[0.0017196],
[0.0016651],
[0.0016102],
[0.00066795],
[0.00065447],
[0.00064092],
[0.00062732]],
[[0.71804],
[0.68356],
[0.54436],
[0.18365],
[0.12623],
[0.11241],
[0.08748],
[0.055567],
[-2.2421],
[-2.2943],
[-2.8177],
[0.60676],
[0.047763],
[0.042125],
[0.034517],
[0.02599],
[0.6983],
[0.66719],
[0.54701],
[0.20547],
[0.023898],
[0.021304],
[0.01821],
[0.014894],
[0.12601],
[0.11395],
[0.092227],
[0.062253],
[0.013835],
[0.012525],
[0.011056],
[0.0095133],
[0.048168],
[0.043352],
[0.036809],
[0.029081],
[0.0087117],
[0.0080104],
[0.0072521],
[0.0064646],
[0.023873],
[0.021765],
[0.019237],
[0.016425],
[0.0057454],
[0.0053615],
[0.0049555],
[0.0045369],
[0.013376],
[0.012405],
[0.011314],
[0.010137],
[0.0038505],
[0.003643],
[0.0034271],
[0.0032056],
[0.0078381],
[0.0073967],
[0.0069201],
[0.0064165],
[0.0025333],
[0.0024281],
[0.0023199],
[0.0022094],
[0.0044296],
[0.0042515],
[0.0040643],
[0.0038696],
[0.001541],
[0.0014954],
[0.001449],
[0.0014018],
[0.0020067],
[0.0019581],
[0.0019079],
[0.0018566],
[0.00072851],
[0.00071556],
[0.00070246],
[0.00068923]],
[[0.73009],
[0.71766],
[0.68238],
[0.53926],
[0.13333],
[0.12602],
[0.11201],
[0.086818],
[-2.2273],
[-2.2421],
[-2.2943],
[-2.8184],
[0.051557],
[0.047756],
[0.042111],
[0.034496],
[0.71002],
[0.69899],
[0.66917],
[0.55443],
[0.02599],
[0.023991],
[0.021419],
[0.01834],
[0.133],
[0.12692],
[0.11563],
[0.095006],
[0.015057],
[0.013968],
[0.012678],
[0.011222],
[0.052046],
[0.048993],
[0.044524],
[0.038327],
[0.0094639],
[0.0088545],
[0.0081681],
[0.00742],
[0.026074],
[0.02455],
[0.022605],
[0.020222],
[0.0062265],
[0.0058833],
[0.0055095],
[0.0051108],
[0.014671],
[0.013914],
[0.013024],
[0.012003],
[0.0041638],
[0.003975],
[0.0037741],
[0.003563],
[0.0086112],
[0.0082513],
[0.00785],
[0.007409],
[0.002735],
[0.0026381],
[0.0025368],
[0.0024317],
[0.0048714],
[0.0047223],
[0.0045622],
[0.0043915],
[0.0016621],
[0.0016198],
[0.0015762],
[0.0015315],
[0.0022098],
[0.0021685],
[0.0021253],
[0.0020805],
[0.00078566],
[0.00077358],
[0.00076128],
[0.00074878]],
[[0.088793],
[0.056866],
[0.032332],
[0.0188],
[0.55417],
[0.1931],
[0.059584],
[0.026278],
[0.034557],
[0.026031],
[0.018432],
[0.012804],
[-2.8175],
[0.60575],
[0.082678],
[0.030471],
[0.017949],
[0.014633],
[0.011517],
[0.0088904],
[0.53122],
[0.18875],
[0.060006],
[0.026823],
[0.01072],
[0.0091754],
[0.0076881],
[0.0063481],
[0.08638],
[0.056166],
[0.03281],
[0.019519],
[0.0069126],
[0.0061227],
[0.0053516],
[0.0046298],
[0.033618],
[0.025788],
[0.018771],
[0.013418],
[0.0046401],
[0.0042192],
[0.0038049],
[0.0034077],
[0.017158],
[0.014289],
[0.01158],
[0.0092331],
[0.0031495],
[0.002926],
[0.0027048],
[0.0024895],
[0.0098479],
[0.0086382],
[0.0074672],
[0.0063856],
[0.0020902],
[0.0019782],
[0.0018669],
[0.0017574],
[0.0058687],
[0.0053452],
[0.0048316],
[0.00434],
[0.0012782],
[0.00123],
[0.0011821],
[0.0011345],
[0.0033498],
[0.0031446],
[0.0029415],
[0.0027431],
[0.00060565],
[0.00059203],
[0.00057844],
[0.00056491],
[0.0015231],
[0.0014679],
[0.001413],
[0.0013587]],
[[0.1128],
[0.088139],
[0.056214],
[0.031944],
[0.68472],
[0.54933],
[0.18832],
[0.058475],
[0.042139],
[0.034537],
[0.02601],
[0.018418],
[-2.2943],
[-2.8174],
[0.60606],
[0.082704],
[0.021188],
[0.01808],
[0.014763],
[0.011634],
[0.6651],
[0.53927],
[0.19695],
[0.062251],
[0.01237],
[0.010888],
[0.0093441],
[0.0078459],
[0.11216],
[0.089348],
[0.059175],
[0.034765],
[0.0078501],
[0.0070829],
[0.0062934],
[0.0055156],
[0.042102],
[0.035235],
[0.027423],
[0.020137],
[0.0052103],
[0.0047984],
[0.0043779],
[0.0039599],
[0.020867],
[0.018212],
[0.015353],
[0.012557],
[0.0035087],
[0.003289],
[0.0030658],
[0.0028428],
[0.01174],
[0.010592],
[0.0093875],
[0.0081862],
[0.0023162],
[0.0022057],
[0.002094],
[0.0019819],
[0.0069068],
[0.0064029],
[0.0058827],
[0.0053593],
[0.0014118],
[0.0013642],
[0.0013162],
[0.001268],
[0.0039128],
[0.0037136],
[0.0035102],
[0.0033048],
[0.00066795],
[0.00065447],
[0.00064092],
[0.00062732],
[0.0017735],
[0.0017196],
[0.0016651],
[0.0016102]],
[[0.12623],
[0.11241],
[0.08748],
[0.055567],
[0.71804],
[0.68356],
[0.54436],
[0.18365],
[0.047763],
[0.042125],
[0.034517],
[0.02599],
[-2.2421],
[-2.2943],
[-2.8177],
[0.60676],
[0.023898],
[0.021304],
[0.01821],
[0.014894],
[0.6983],
[0.66719],
[0.54701],
[0.20547],
[0.013835],
[0.012525],
[0.011056],
[0.0095133],
[0.12601],
[0.11395],
[0.092227],
[0.062253],
[0.0087117],
[0.0080104],
[0.0072521],
[0.0064646],
[0.048168],
[0.043352],
[0.036809],
[0.029081],
[0.0057454],
[0.0053615],
[0.0049555],
[0.0045369],
[0.023873],
[0.021765],
[0.019237],
[0.016425],
[0.0038505],
[0.003643],
[0.0034271],
[0.0032056],
[0.013376],
[0.012405],
[0.011314],
[0.010137],
[0.0025333],
[0.0024281],
[0.0023199],
[0.0022094],
[0.0078381],
[0.0073967],
[0.0069201],
[0.0064165],
[0.001541],
[0.0014954],
[0.001449],
[0.0014018],
[0.0044296],
[0.0042515],
[0.0040643],
[0.0038696],
[0.00072851],
[0.00071556],
[0.00070246],
[0.00068923],
[0.0020067],
[0.0019581],
[0.0019079],
[0.0018566]],
[[0.13333],
[0.12602],
[0.11201],
[0.086818],
[0.73009],
[0.71766],
[0.68238],
[0.53926],
[0.051557],
[0.047756],
[0.042111],
[0.034496],
[-2.2273],
[-2.2421],
[-2.2943],
[-2.8184],
[0.02599],
[0.023991],
[0.021419],
[0.01834],
[0.71002],
[0.69899],
[0.66917],
[0.55443],
[0.015057],
[0.013968],
[0.012678],
[0.011222],
[0.133],
[0.12692],
[0.11563],
[0.095006],
[0.0094639],
[0.0088545],
[0.0081681],
[0.00742],
[0.052046],
[0.048993],
[0.044524],
[0.038327],
[0.0062265],
[0.0058833],
[0.0055095],
[0.0051108],
[0.026074],
[0.02455],
[0.022605],
[0.020222],
[0.0041638],
[0.003975],
[0.0037741],
[0.003563],
[0.014671],
[0.013914],
[0.013024],
[0.012003],
[0.002735],
[0.0026381],
[0.0025368],
[0.0024317],
[0.0086112],
[0.0082513],
[0.00785],
[0.007409],
[0.0016621],
[0.0016198],
[0.0015762],
[0.0015315],
[0.0048714],
[0.0047223],
[0.0045622],
[0.0043915],
[0.00078566],
[0.00077358],
[0.00076128],
[0.00074878],
[0.0022098],
[0.0021685],
[0.0021253],
[0.0020805]],
[[0.095186],
[0.060275],
[0.033675],
[0.019321],
[0.037031],
[0.027648],
[0.019322],
[0.013249],
[0.59331],
[0.20297],
[0.061349],
[0.026831],
[0.019111],
[0.015457],
[0.012033],
[0.0091789],
[-2.9603],
[0.62713],
[0.085339],
[0.031438],
[0.011411],
[0.0096909],
[0.0080382],
[0.0065623],
[0.55388],
[0.19643],
[0.062725],
[0.02812],
[0.0073976],
[0.0065004],
[0.0056261],
[0.0048136],
[0.089831],
[0.058629],
[0.034512],
[0.020677],
[0.0050298],
[0.0045358],
[0.0040503],
[0.0035878],
[0.034628],
[0.026745],
[0.01967],
[0.014215],
[0.0035001],
[0.0032233],
[0.0029498],
[0.0026848],
[0.017332],
[0.014568],
[0.011952],
[0.0096601],
[0.0024361],
[0.0022839],
[0.002133],
[0.0019851],
[0.00956],
[0.0084826],
[0.0074373],
[0.0064617],
[0.0016453],
[0.0015672],
[0.0014895],
[0.0014127],
[0.0052129],
[0.0048155],
[0.0044246],
[0.0040469],
[0.0010181],
[0.000984],
[0.00095001],
[0.00091625],
[0.0023098],
[0.0022064],
[0.0021038],
[0.0020027],
[0.00048611],
[0.00047638],
[0.00046666],
[0.00045698]],
[[0.12021],
[0.093213],
[0.05832],
[0.032519],
[0.044852],
[0.036466],
[0.027086],
[0.018882],
[0.72886],
[0.58337],
[0.19328],
[0.059094],
[0.02239],
[0.018956],
[0.015302],
[0.011898],
[-2.4182],
[-2.96],
[0.62807],
[0.085419],
[0.01306],
[0.011407],
[0.0096871],
[0.0080349],
[0.69621],
[0.56734],
[0.21032],
[0.066504],
[0.0083284],
[0.0074555],
[0.0065584],
[0.0056815],
[0.11774],
[0.094461],
[0.063351],
[0.03762],
[0.0055963],
[0.0051122],
[0.0046183],
[0.0041305],
[0.043888],
[0.037031],
[0.029183],
[0.021736],
[0.0038614],
[0.0035889],
[0.0033123],
[0.0030372],
[0.021374],
[0.018832],
[0.016085],
[0.013363],
[0.0026714],
[0.0025211],
[0.0023691],
[0.0022172],
[0.01158],
[0.010563],
[0.0094952],
[0.0084191],
[0.0017968],
[0.0017195],
[0.0016415],
[0.0015634],
[0.0062498],
[0.0058691],
[0.0054764],
[0.0050786],
[0.001109],
[0.0010752],
[0.0010412],
[0.0010071],
[0.0027576],
[0.0026577],
[0.002556],
[0.002453],
[0.00052888],
[0.00051922],
[0.00050952],
[0.0004998]],
[[0.13423],
[0.11898],
[0.091206],
[0.056406],
[0.050686],
[0.044398],
[0.035897],
[0.026528],
[0.7634],
[0.72642],
[0.57296],
[0.18405],
[0.02515],
[0.022253],
[0.018801],
[0.015148],
[-2.3643],
[-2.4182],
[-2.9609],
[0.63025],
[0.014534],
[0.013056],
[0.011403],
[0.0096832],
[0.73081],
[0.69957],
[0.57996],
[0.22505],
[0.0091885],
[0.0083833],
[0.0075133],
[0.0066165],
[0.13242],
[0.12046],
[0.098874],
[0.06822],
[0.0061306],
[0.0056754],
[0.0051943],
[0.004701],
[0.050393],
[0.04571],
[0.039333],
[0.03166],
[0.0042067],
[0.0039474],
[0.0036773],
[0.0034014],
[0.024602],
[0.022632],
[0.020269],
[0.017608],
[0.0028984],
[0.0027542],
[0.0026056],
[0.0024543],
[0.013304],
[0.012464],
[0.011522],
[0.0105],
[0.0019439],
[0.0018693],
[0.0017931],
[0.0017157],
[0.0071682],
[0.0068427],
[0.0064931],
[0.0061228],
[0.0011977],
[0.001165],
[0.0011318],
[0.0010981],
[0.0031635],
[0.0030765],
[0.0029859],
[0.0028919],
[0.00057076],
[0.00056139],
[0.00055193],
[0.0005424]],
[[0.14168],
[0.13357],
[0.11771],
[0.089168],
[0.054663],
[0.050367],
[0.043935],
[0.035324],
[0.77593],
[0.76259],
[0.72387],
[0.56206],
[0.027307],
[0.02504],
[0.022115],
[0.018645],
[-2.349],
[-2.3643],
[-2.4182],
[-2.9631],
[0.015777],
[0.014531],
[0.013053],
[0.011399],
[0.74289],
[0.7319],
[0.70268],
[0.59175],
[0.009948],
[0.0092382],
[0.008438],
[0.007571],
[0.13968],
[0.13377],
[0.12292],
[0.10304],
[0.0066161],
[0.0062036],
[0.0057538],
[0.0052761],
[0.054451],
[0.051562],
[0.047363],
[0.041504],
[0.0045266],
[0.0042873],
[0.0040323],
[0.0037651],
[0.026903],
[0.025522],
[0.023771],
[0.021615],
[0.0031113],
[0.0029767],
[0.0028356],
[0.0026893],
[0.014632],
[0.013998],
[0.013258],
[0.01241],
[0.0020832],
[0.002013],
[0.0019403],
[0.0018656],
[0.0079097],
[0.0076534],
[0.0073707],
[0.0070613],
[0.0012823],
[0.0012513],
[0.0012196],
[0.0011872],
[0.0035003],
[0.0034302],
[0.0033561],
[0.0032778],
[0.00061087],
[0.00060197],
[0.00059295],
[0.0005838]],
[[0.037031],
[0.027648],
[0.019322],
[0.013249],
[0.095186],
[0.060275],
[0.033675],
[0.019321],
[0.019111],
[0.015457],
[0.012033],
[0.0091789],
[0.59331],
[0.20297],
[0.061349],
[0.026831],
[0.011411],
[0.0096909],
[0.0080382],
[0.0065623],
[-2.9603],
[0.62713],
[0.085339],
[0.031438],
[0.0073976],
[0.0065004],
[0.0056261],
[0.0048136],
[0.55388],
[0.19643],
[0.062725],
[0.02812],
[0.0050298],
[0.0045358],
[0.0040503],
[0.0035878],
[0.089831],
[0.058629],
[0.034512],
[0.020677],
[0.0035001],
[0.0032233],
[0.0029498],
[0.0026848],
[0.034628],
[0.026745],
[0.01967],
[0.014215],
[0.0024361],
[0.0022839],
[0.002133],
[0.0019851],
[0.017332],
[0.014568],
[0.011952],
[0.0096601],
[0.0016453],
[0.0015672],
[0.0014895],
[0.0014127],
[0.00956],
[0.0084826],
[0.0074373],
[0.0064617],
[0.0010181],
[0.000984],
[0.00095001],
[0.00091625],
[0.0052129],
[0.0048155],
[0.0044246],
[0.0040469],
[0.00048611],
[0.00047638],
[0.00046666],
[0.00045698],
[0.0023098],
[0.0022064],
[0.0021038],
[0.0020027]],
[[0.044852],
[0.036466],
[0.027086],
[0.018882],
[0.12021],
[0.093213],
[0.05832],
[0.032519],
[0.02239],
[0.018956],
[0.015302],
[0.011898],
[0.72886],
[0.58337],
[0.19328],
[0.059094],
[0.01306],
[0.011407],
[0.0096871],
[0.0080349],
[-2.4182],
[-2.96],
[0.62807],
[0.085419],
[0.0083284],
[0.0074555],
[0.0065584],
[0.0056815],
[0.69621],
[0.56734],
[0.21032],
[0.066504],
[0.0055963],
[0.0051122],
[0.0046183],
[0.0041305],
[0.11774],
[0.094461],
[0.063351],
[0.03762],
[0.0038614],
[0.0035889],
[0.0033123],
[0.0030372],
[0.043888],
[0.037031],
[0.029183],
[0.021736],
[0.0026714],
[0.0025211],
[0.0023691],
[0.0022172],
[0.021374],
[0.018832],
[0.016085],
[0.013363],
[0.0017968],
[0.0017195],
[0.0016415],
[0.0015634],
[0.01158],
[0.010563],
[0.0094952],
[0.0084191],
[0.001109],
[0.0010752],
[0.0010412],
[0.0010071],
[0.0062498],
[0.0058691],
[0.0054764],
[0.0050786],
[0.00052888],
[0.00051922],
[0.00050952],
[0.0004998],
[0.0027576],
[0.0026577],
[0.002556],
[0.002453]],
[[0.050686],
[0.044398],
[0.035897],
[0.026528],
[0.13423],
[0.11898],
[0.091206],
[0.056406],
[0.02515],
[0.022253],
[0.018801],
[0.015148],
[0.7634],
[0.72642],
[0.57296],
[0.18405],
[0.014534],
[0.013056],
[0.011403],
[0.0096832],
[-2.3643],
[-2.4182],
[-2.9609],
[0.63025],
[0.0091885],
[0.0083833],
[0.0075133],
[0.0066165],
[0.73081],
[0.69957],
[0.57996],
[0.22505],
[0.0061306],
[0.0056754],
[0.0051943],
[0.004701],
[0.13242],
[0.12046],
[0.098874],
[0.06822],
[0.0042067],
[0.0039474],
[0.0036773],
[0.0034014],
[0.050393],
[0.04571],
[0.039333],
[0.03166],
[0.0028984],
[0.0027542],
[0.0026056],
[0.0024543],
[0.024602],
[0.022632],
[0.020269],
[0.017608],
[0.0019439],
[0.0018693],
[0.0017931],
[0.0017157],
[0.013304],
[0.012464],
[0.011522],
[0.0105],
[0.0011977],
[0.001165],
[0.0011318],
[0.0010981],
[0.0071682],
[0.0068427],
[0.0064931],
[0.0061228],
[0.00057076],
[0.00056139],
[0.00055193],
[0.0005424],
[0.0031635],
[0.0030765],
[0.0029859],
[0.0028919]],
[[0.054663],
[0.050367],
[0.043935],
[0.035324],
[0.14168],
[0.13357],
[0.11771],
[0.089168],
[0.027307],
[0.02504],
[0.022115],
[0.018645],
[0.77593],
[0.76259],
[0.72387],
[0.56206],
[0.015777],
[0.014531],
[0.013053],
[0.011399],
[-2.349],
[-2.3643],
[-2.4182],
[-2.9631],
[0.009948],
[0.0092382],
[0.008438],
[0.007571],
[0.74289],
[0.7319],
[0.70268],
[0.59175],
[0.0066161],
[0.0062036],
[0.0057538],
[0.0052761],
[0.13968],
[0.13377],
[0.12292],
[0.10304],
[0.0045266],
[0.0042873],
[0.0040323],
[0.0037651],
[0.054451],
[0.051562],
[0.047363],
[0.041504],
[0.0031113],
[0.0029767],
[0.0028356],
[0.0026893],
[0.026903],
[0.025522],
[0.023771],
[0.021615],
[0.0020832],
[0.002013],
[0.0019403],
[0.0018656],
[0.014632],
[0.013998],
[0.013258],
[0.01241],
[0.0012823],
[0.0012513],
[0.0012196],
[0.0011872],
[0.0079097],
[0.0076534],
[0.0073707],
[0.0070613],
[0.00061087],
[0.00060197],
[0.00059295],
[0.0005838],
[0.0035003],
[0.0034302],
[0.0033561],
[0.0032778]],
[[0.040598],
[0.029988],
[0.020624],
[0.013923],
[0.02098],
[0.016813],
[0.012921],
[0.0097202],
[0.10397],
[0.06499],
[0.035583],
[0.020108],
[0.012454],
[0.010488],
[0.0086032],
[0.0069369],
[0.65204],
[0.21856],
[0.06457],
[0.027986],
[0.0080712],
[0.0070348],
[0.0060265],
[0.0050969],
[-3.1871],
[0.66396],
[0.090062],
[0.033164],
[0.0055174],
[0.0049352],
[0.0043638],
[0.0038228],
[0.5907],
[0.20906],
[0.067101],
[0.030186],
[0.0038899],
[0.0035526],
[0.0032197],
[0.002899],
[0.095308],
[0.062491],
[0.037126],
[0.022434],
[0.0027771],
[0.0025812],
[0.0023871],
[0.0021978],
[0.036142],
[0.028157],
[0.020975],
[0.015365],
[0.0019687],
[0.0018582],
[0.0017484],
[0.0016404],
[0.017453],
[0.014848],
[0.012374],
[0.010178],
[0.0013471],
[0.0012893],
[0.0012319],
[0.0011749],
[0.0088548],
[0.0079811],
[0.0071305],
[0.0063266],
[0.00084111],
[0.00081562],
[0.00079019],
[0.00076489],
[0.0037743],
[0.0035578],
[0.003344],
[0.0031352],
[0.00040401],
[0.00039669],
[0.00038937],
[0.00038207]],
[[0.048856],
[0.039358],
[0.028758],
[0.019679],
[0.024406],
[0.020482],
[0.016318],
[0.012494],
[0.13049],
[0.10033],
[0.06141],
[0.03352],
[0.014145],
[0.012252],
[0.010287],
[0.00842],
[0.796],
[0.6355],
[0.20263],
[0.060951],
[0.0090143],
[0.0080042],
[0.0069679],
[0.0059634],
[-2.6125],
[-3.1864],
[0.66612],
[0.090243],
[0.0060877],
[0.0055163],
[0.0049341],
[0.0043628],
[0.74591],
[0.61134],
[0.23064],
[0.072991],
[0.0042541],
[0.0039216],
[0.0035844],
[0.0032507],
[0.12634],
[0.10221],
[0.069578],
[0.041871],
[0.0030175],
[0.0028238],
[0.002628],
[0.0024332],
[0.046495],
[0.039619],
[0.031702],
[0.024032],
[0.0021291],
[0.0020197],
[0.0019093],
[0.001799],
[0.021915],
[0.019538],
[0.016963],
[0.014371],
[0.0014522],
[0.0013949],
[0.0013372],
[0.0012795],
[0.010961],
[0.010142],
[0.0092821],
[0.0084072],
[0.00090492],
[0.00087958],
[0.00085413],
[0.00082863],
[0.0046457],
[0.0044397],
[0.004228],
[0.0040126],
[0.00043423],
[0.00042695],
[0.00041964],
[0.00041232]],
[[0.055039],
[0.047852],
[0.0381],
[0.027552],
[0.027305],
[0.023963],
[0.019981],
[0.015828],
[0.14536],
[0.12821],
[0.096589],
[0.057959],
[0.015665],
[0.013959],
[0.01205],
[0.010088],
[0.83262],
[0.79192],
[0.61774],
[0.18788],
[0.00989],
[0.0089507],
[0.0079371],
[0.0069011],
[-2.5556],
[-2.6125],
[-3.1886],
[0.67118],
[0.0066279],
[0.0060867],
[0.0055152],
[0.004933],
[0.7828],
[0.7509],
[0.6301],
[0.25405],
[0.0046035],
[0.004285],
[0.0039533],
[0.0036161],
[0.14226],
[0.13026],
[0.10863],
[0.076929],
[0.0032501],
[0.0030632],
[0.0028704],
[0.0026748],
[0.053611],
[0.049069],
[0.042884],
[0.035293],
[0.0022854],
[0.0021791],
[0.0020705],
[0.0019604],
[0.025409],
[0.023626],
[0.021493],
[0.019063],
[0.001555],
[0.0014992],
[0.0014424],
[0.0013851],
[0.012724],
[0.01207],
[0.011342],
[0.010548],
[0.00096757],
[0.00094283],
[0.00091779],
[0.00089254],
[0.0054036],
[0.0052338],
[0.0050535],
[0.0048635],
[0.00046399],
[0.00045686],
[0.00044968],
[0.00044246]],
[[0.05929],
[0.054324],
[0.046808],
[0.03683],
[0.029593],
[0.026944],
[0.023511],
[0.019478],
[0.15332],
[0.14413],
[0.12579],
[0.092762],
[0.016961],
[0.015502],
[0.013769],
[0.011848],
[0.84596],
[0.83127],
[0.78752],
[0.59874],
[0.010671],
[0.0098323],
[0.0088868],
[0.0078699],
[-2.5395],
[-2.5556],
[-2.6125],
[-3.1936],
[0.0071234],
[0.006627],
[0.0060857],
[0.005514],
[0.79551],
[0.7844],
[0.75536],
[0.64705],
[0.00493],
[0.0046327],
[0.0043157],
[0.0039849],
[0.14993],
[0.14416],
[0.1337],
[0.11451],
[0.0034703],
[0.0032938],
[0.0031085],
[0.0029169],
[0.057916],
[0.055206],
[0.051312],
[0.04586],
[0.0024346],
[0.0023335],
[0.0022287],
[0.002121],
[0.027819],
[0.026616],
[0.025108],
[0.023254],
[0.0016538],
[0.0016004],
[0.0015456],
[0.0014896],
[0.014035],
[0.013563],
[0.013019],
[0.0124],
[0.0010281],
[0.0010043],
[0.00098009],
[0.0009555],
[0.0059913],
[0.0058643],
[0.0057267],
[0.0055782],
[0.00049281],
[0.00048595],
[0.00047901],
[0.00047201]],
[[0.02098],
[0.016813],
[0.012921],
[0.0097202],
[0.040598],
[0.029988],
[0.020624],
[0.013923],
[0.012454],
[0.010488],
[0.0086032],
[0.0069369],
[0.10397],
[0.06499],
[0.035583],
[0.020108],
[0.0080712],
[0.0070348],
[0.0060265],
[0.0050969],
[0.65204],
[0.21856],
[0.06457],
[0.027986],
[0.0055174],
[0.0049352],
[0.0043638],
[0.0038228],
[-3.1871],
[0.66396],
[0.090062],
[0.033164],
[0.0038899],
[0.0035526],
[0.0032197],
[0.002899],
[0.5907],
[0.20906],
[0.067101],
[0.030186],
[0.0027771],
[0.0025812],
[0.0023871],
[0.0021978],
[0.095308],
[0.062491],
[0.037126],
[0.022434],
[0.0019687],
[0.0018582],
[0.0017484],
[0.0016404],
[0.036142],
[0.028157],
[0.020975],
[0.015365],
[0.0013471],
[0.0012893],
[0.0012319],
[0.0011749],
[0.017453],
[0.014848],
[0.012374],
[0.010178],
[0.00084111],
[0.00081562],
[0.00079019],
[0.00076489],
[0.0088548],
[0.0079811],
[0.0071305],
[0.0063266],
[0.00040401],
[0.00039669],
[0.00038937],
[0.00038207],
[0.0037743],
[0.0035578],
[0.003344],
[0.0031352]],
[[0.024406],
[0.020482],
[0.016318],
[0.012494],
[0.048856],
[0.039358],
[0.028758],
[0.019679],
[0.014145],
[0.012252],
[0.010287],
[0.00842],
[0.13049],
[0.10033],
[0.06141],
[0.03352],
[0.0090143],
[0.0080042],
[0.0069679],
[0.0059634],
[0.796],
[0.6355],
[0.20263],
[0.060951],
[0.0060877],
[0.0055163],
[0.0049341],
[0.0043628],
[-2.6125],
[-3.1864],
[0.66612],
[0.090243],
[0.0042541],
[0.0039216],
[0.0035844],
[0.0032507],
[0.74591],
[0.61134],
[0.23064],
[0.072991],
[0.0030175],
[0.0028238],
[0.002628],
[0.0024332],
[0.12634],
[0.10221],
[0.069578],
[0.041871],
[0.0021291],
[0.0020197],
[0.0019093],
[0.001799],
[0.046495],
[0.039619],
[0.031702],
[0.024032],
[0.0014522],
[0.0013949],
[0.0013372],
[0.0012795],
[0.021915],
[0.019538],
[0.016963],
[0.014371],
[0.00090492],
[0.00087958],
[0.00085413],
[0.00082863],
[0.010961],
[0.010142],
[0.0092821],
[0.0084072],
[0.00043423],
[0.00042695],
[0.00041964],
[0.00041232],
[0.0046457],
[0.0044397],
[0.004228],
[0.0040126]],
[[0.027305],
[0.023963],
[0.019981],
[0.015828],
[0.055039],
[0.047852],
[0.0381],
[0.027552],
[0.015665],
[0.013959],
[0.01205],
[0.010088],
[0.14536],
[0.12821],
[0.096589],
[0.057959],
[0.00989],
[0.0089507],
[0.0079371],
[0.0069011],
[0.83262],
[0.79192],
[0.61774],
[0.18788],
[0.0066279],
[0.0060867],
[0.0055152],
[0.004933],
[-2.5556],
[-2.6125],
[-3.1886],
[0.67118],
[0.0046035],
[0.004285],
[0.0039533],
[0.0036161],
[0.7828],
[0.7509],
[0.6301],
[0.25405],
[0.0032501],
[0.0030632],
[0.0028704],
[0.0026748],
[0.14226],
[0.13026],
[0.10863],
[0.076929],
[0.0022854],
[0.0021791],
[0.0020705],
[0.0019604],
[0.053611],
[0.049069],
[0.042884],
[0.035293],
[0.001555],
[0.0014992],
[0.0014424],
[0.0013851],
[0.025409],
[0.023626],
[0.021493],
[0.019063],
[0.00096757],
[0.00094283],
[0.00091779],
[0.00089254],
[0.012724],
[0.01207],
[0.011342],
[0.010548],
[0.00046399],
[0.00045686],
[0.00044968],
[0.00044246],
[0.0054036],
[0.0052338],
[0.0050535],
[0.0048635]],
[[0.029593],
[0.026944],
[0.023511],
[0.019478],
[0.05929],
[0.054324],
[0.046808],
[0.03683],
[0.016961],
[0.015502],
[0.013769],
[0.011848],
[0.15332],
[0.14413],
[0.12579],
[0.092762],
[0.010671],
[0.0098323],
[0.0088868],
[0.0078699],
[0.84596],
[0.83127],
[0.78752],
[0.59874],
[0.0071234],
[0.006627],
[0.0060857],
[0.005514],
[-2.5395],
[-2.5556],
[-2.6125],
[-3.1936],
[0.00493],
[0.0046327],
[0.0043157],
[0.0039849],
[0.79551],
[0.7844],
[0.75536],
[0.64705],
[0.0034703],
[0.0032938],
[0.0031085],
[0.0029169],
[0.14993],
[0.14416],
[0.1337],
[0.11451],
[0.0024346],
[0.0023335],
[0.0022287],
[0.002121],
[0.057916],
[0.055206],
[0.051312],
[0.04586],
[0.0016538],
[0.0016004],
[0.0015456],
[0.0014896],
[0.027819],
[0.026616],
[0.025108],
[0.023254],
[0.0010281],
[0.0010043],
[0.00098009],
[0.0009555],
[0.014035],
[0.013563],
[0.013019],
[0.0124],
[0.00049281],
[0.00048595],
[0.00047901],
[0.00047201],
[0.0059913],
[0.0058643],
[0.0057267],
[0.0055782]],
[[0.023544],
[0.018665],
[0.014128],
[0.010457],
[0.013999],
[0.011677],
[0.009457],
[0.0075175],
[0.045405],
[0.03313],
[0.022368],
[0.014835],
[0.0090209],
[0.0077936],
[0.006602],
[0.0055133],
[0.11691],
[0.072016],
[0.03853],
[0.021409],
[0.0061635],
[0.0054668],
[0.004784],
[0.0041423],
[0.73945],
[0.242],
[0.069636],
[0.029879],
[0.0043684],
[0.0039566],
[0.0035506],
[0.0031618],
[-3.5301],
[0.72078],
[0.097423],
[0.035858],
[0.00316],
[0.0029127],
[0.0026679],
[0.0024302],
[0.64615],
[0.22813],
[0.073692],
[0.033294],
[0.0022985],
[0.0021511],
[0.0020047],
[0.0018613],
[0.10321],
[0.068089],
[0.040936],
[0.025013],
[0.0016518],
[0.0015671],
[0.0014827],
[0.0013995],
[0.03796],
[0.029926],
[0.022676],
[0.016919],
[0.0011415],
[0.0010966],
[0.0010518],
[0.0010075],
[0.016979],
[0.014696],
[0.012518],
[0.010551],
[0.00071768],
[0.00069768],
[0.00067771],
[0.00065784],
[0.0067985],
[0.0062754],
[0.0057635],
[0.0052717],
[0.00034637],
[0.00034059],
[0.00033482],
[0.00032906]],
[[0.027195],
[0.022594],
[0.017723],
[0.013328],
[0.015783],
[0.013543],
[0.011223],
[0.0090474],
[0.054265],
[0.043258],
[0.031011],
[0.020778],
[0.009997],
[0.008799],
[0.0075724],
[0.0063951],
[0.14571],
[0.11096],
[0.066206],
[0.035292],
[0.0067464],
[0.0060616],
[0.005365],
[0.0046867],
[0.89626],
[0.71351],
[0.21741],
[0.064239],
[0.0047383],
[0.0043318],
[0.00392],
[0.0035151],
[-2.9052],
[-3.5286],
[0.72529],
[0.097793],
[0.0034046],
[0.0031597],
[0.0029124],
[0.0026676],
[0.82063],
[0.67717],
[0.26109],
[0.082775],
[0.0024641],
[0.0023178],
[0.0021704],
[0.0020238],
[0.13882],
[0.11348],
[0.078727],
[0.048222],
[0.0017643],
[0.0016801],
[0.0015954],
[0.0015109],
[0.049826],
[0.043003],
[0.035094],
[0.027235],
[0.0012161],
[0.0011715],
[0.0011266],
[0.0010818],
[0.021872],
[0.019813],
[0.017579],
[0.015292],
[0.00076341],
[0.0007435],
[0.00072352],
[0.00070351],
[0.0086932],
[0.0082083],
[0.0077013],
[0.0071809],
[0.00036814],
[0.00036239],
[0.00035662],
[0.00035084]],
[[0.030298],
[0.026344],
[0.021632],
[0.0168],
[0.017392],
[0.015356],
[0.013083],
[0.010775],
[0.060922],
[0.052514],
[0.041067],
[0.028964],
[0.010907],
[0.0097851],
[0.0085761],
[0.0073528],
[0.16189],
[0.14197],
[0.10476],
[0.060723],
[0.0073007],
[0.0066479],
[0.0059594],
[0.0052637],
[0.93609],
[0.88988],
[0.68483],
[0.19541],
[0.0050944],
[0.0047026],
[0.0042951],
[0.0038835],
[-2.8437],
[-2.9051],
[-3.5332],
[0.73588],
[0.003642],
[0.0034043],
[0.0031594],
[0.0029121],
[0.86095],
[0.82785],
[0.70431],
[0.29781],
[0.0026257],
[0.002483],
[0.0023371],
[0.0021897],
[0.15652],
[0.14446],
[0.12274],
[0.089786],
[0.0018747],
[0.0017923],
[0.0017084],
[0.0016238],
[0.057747],
[0.05344],
[0.047591],
[0.040267],
[0.0012896],
[0.0012458],
[0.0012014],
[0.0011567],
[0.025599],
[0.024126],
[0.022378],
[0.02037],
[0.00080854],
[0.00078897],
[0.00076921],
[0.00074932],
[0.010237],
[0.0098694],
[0.0094664],
[0.009029],
[0.00038968],
[0.00038401],
[0.00037831],
[0.00037259]],
[[0.03277],
[0.029596],
[0.025462],
[0.020666],
[0.018777],
[0.017015],
[0.01492],
[0.012622],
[0.065539],
[0.059661],
[0.050659],
[0.038852],
[0.011726],
[0.010713],
[0.0095702],
[0.0083527],
[0.1706],
[0.15985],
[0.13787],
[0.098393],
[0.0078134],
[0.0072082],
[0.0065485],
[0.0058571],
[0.95066],
[0.93396],
[0.88275],
[0.65341],
[0.0054297],
[0.0050604],
[0.0046668],
[0.0042584],
[-2.8262],
[-2.8436],
[-2.9053],
[-3.5437],
[0.0038682],
[0.0036417],
[0.0034039],
[0.0031591],
[0.87461],
[0.86321],
[0.83406],
[0.72779],
[0.0027811],
[0.0026441],
[0.0025019],
[0.0023563],
[0.16479],
[0.15915],
[0.14914],
[0.13084],
[0.0019815],
[0.0019019],
[0.0018201],
[0.0017366],
[0.062348],
[0.059887],
[0.056411],
[0.05156],
[0.0013611],
[0.0013186],
[0.0012753],
[0.0012312],
[0.028051],
[0.027109],
[0.025951],
[0.024541],
[0.00085254],
[0.00083352],
[0.00081423],
[0.00079471],
[0.011323],
[0.011074],
[0.010796],
[0.010484],
[0.00041072],
[0.00040521],
[0.00039965],
[0.00039405]],
[[0.013999],
[0.011677],
[0.009457],
[0.0075175],
[0.023544],
[0.018665],
[0.014128],
[0.010457],
[0.0090209],
[0.0077936],
[0.006602],
[0.0055133],
[0.045405],
[0.03313],
[0.022368],
[0.014835],
[0.0061635],
[0.0054668],
[0.004784],
[0.0041423],
[0.11691],
[0.072016],
[0.03853],
[0.021409],
[0.0043684],
[0.0039566],
[0.0035506],
[0.0031618],
[0.73945],
[0.242],
[0.069636],
[0.029879],
[0.00316],
[0.0029127],
[0.0026679],
[0.0024302],
[-3.5301],
[0.72078],
[0.097423],
[0.035858],
[0.0022985],
[0.0021511],
[0.0020047],
[0.0018613],
[0.64615],
[0.22813],
[0.073692],
[0.033294],
[0.0016518],
[0.0015671],
[0.0014827],
[0.0013995],
[0.10321],
[0.068089],
[0.040936],
[0.025013],
[0.0011415],
[0.0010966],
[0.0010518],
[0.0010075],
[0.03796],
[0.029926],
[0.022676],
[0.016919],
[0.00071768],
[0.00069768],
[0.00067771],
[0.00065784],
[0.016979],
[0.014696],
[0.012518],
[0.010551],
[0.00034637],
[0.00034059],
[0.00033482],
[0.00032906],
[0.0067985],
[0.0062754],
[0.0057635],
[0.0052717]],
[[0.015783],
[0.013543],
[0.011223],
[0.0090474],
[0.027195],
[0.022594],
[0.017723],
[0.013328],
[0.009997],
[0.008799],
[0.0075724],
[0.0063951],
[0.054265],
[0.043258],
[0.031011],
[0.020778],
[0.0067464],
[0.0060616],
[0.005365],
[0.0046867],
[0.14571],
[0.11096],
[0.066206],
[0.035292],
[0.0047383],
[0.0043318],
[0.00392],
[0.0035151],
[0.89626],
[0.71351],
[0.21741],
[0.064239],
[0.0034046],
[0.0031597],
[0.0029124],
[0.0026676],
[-2.9052],
[-3.5286],
[0.72529],
[0.097793],
[0.0024641],
[0.0023178],
[0.0021704],
[0.0020238],
[0.82063],
[0.67717],
[0.26109],
[0.082775],
[0.0017643],
[0.0016801],
[0.0015954],
[0.0015109],
[0.13882],
[0.11348],
[0.078727],
[0.048222],
[0.0012161],
[0.0011715],
[0.0011266],
[0.0010818],
[0.049826],
[0.043003],
[0.035094],
[0.027235],
[0.00076341],
[0.0007435],
[0.00072352],
[0.00070351],
[0.021872],
[0.019813],
[0.017579],
[0.015292],
[0.00036814],
[0.00036239],
[0.00035662],
[0.00035084],
[0.0086932],
[0.0082083],
[0.0077013],
[0.0071809]],
[[0.017392],
[0.015356],
[0.013083],
[0.010775],
[0.030298],
[0.026344],
[0.021632],
[0.0168],
[0.010907],
[0.0097851],
[0.0085761],
[0.0073528],
[0.060922],
[0.052514],
[0.041067],
[0.028964],
[0.0073007],
[0.0066479],
[0.0059594],
[0.0052637],
[0.16189],
[0.14197],
[0.10476],
[0.060723],
[0.0050944],
[0.0047026],
[0.0042951],
[0.0038835],
[0.93609],
[0.88988],
[0.68483],
[0.19541],
[0.003642],
[0.0034043],
[0.0031594],
[0.0029121],
[-2.8437],
[-2.9051],
[-3.5332],
[0.73588],
[0.0026257],
[0.002483],
[0.0023371],
[0.0021897],
[0.86095],
[0.82785],
[0.70431],
[0.29781],
[0.0018747],
[0.0017923],
[0.0017084],
[0.0016238],
[0.15652],
[0.14446],
[0.12274],
[0.089786],
[0.0012896],
[0.0012458],
[0.0012014],
[0.0011567],
[0.057747],
[0.05344],
[0.047591],
[0.040267],
[0.00080854],
[0.00078897],
[0.00076921],
[0.00074932],
[0.025599],
[0.024126],
[0.022378],
[0.02037],
[0.00038968],
[0.00038401],
[0.00037831],
[0.00037259],
[0.010237],
[0.0098694],
[0.0094664],
[0.009029]],
[[0.018777],
[0.017015],
[0.01492],
[0.012622],
[0.03277],
[0.029596],
[0.025462],
[0.020666],
[0.011726],
[0.010713],
[0.0095702],
[0.0083527],
[0.065539],
[0.059661],
[0.050659],
[0.038852],
[0.0078134],
[0.0072082],
[0.0065485],
[0.0058571],
[0.1706],
[0.15985],
[0.13787],
[0.098393],
[0.0054297],
[0.0050604],
[0.0046668],
[0.0042584],
[0.95066],
[0.93396],
[0.88275],
[0.65341],
[0.0038682],
[0.0036417],
[0.0034039],
[0.0031591],
[-2.8262],
[-2.8436],
[-2.9053],
[-3.5437],
[0.0027811],
[0.0026441],
[0.0025019],
[0.0023563],
[0.87461],
[0.86321],
[0.83406],
[0.72779],
[0.0019815],
[0.0019019],
[0.0018201],
[0.0017366],
[0.16479],
[0.15915],
[0.14914],
[0.13084],
[0.0013611],
[0.0013186],
[0.0012753],
[0.0012312],
[0.062348],
[0.059887],
[0.056411],
[0.05156],
[0.00085254],
[0.00083352],
[0.00081423],
[0.00079471],
[0.028051],
[0.027109],
[0.025951],
[0.024541],
[0.00041072],
[0.00040521],
[0.00039965],
[0.00039405],
[0.011323],
[0.011074],
[0.010796],
[0.010484]],
[[0.016102],
[0.013283],
[0.010596],
[0.0082834],
[0.010388],
[0.0088855],
[0.0074301],
[0.0061151],
[0.027021],
[0.021157],
[0.01573],
[0.011425],
[0.0070539],
[0.0061993],
[0.0053632],
[0.0045841],
[0.052489],
[0.037758],
[0.024944],
[0.016208],
[0.0049948],
[0.0044845],
[0.0039822],
[0.0035043],
[0.1363],
[0.082507],
[0.042933],
[0.023388],
[0.0036311],
[0.0033185],
[0.0030094],
[0.0027111],
[0.8728],
[0.27729],
[0.077261],
[0.032759],
[0.0026759],
[0.0024832],
[0.002292],
[0.0021055],
[-4.0494],
[0.80586],
[0.10847],
[0.039909],
[0.0019733],
[0.0018562],
[0.0017397],
[0.0016253],
[0.72807],
[0.25627],
[0.083498],
[0.037945],
[0.0014326],
[0.0013643],
[0.0012963],
[0.0012291],
[0.11392],
[0.075823],
[0.046353],
[0.028776],
[0.0009974],
[0.00096087],
[0.00092444],
[0.00088826],
[0.039181],
[0.031451],
[0.024441],
[0.01874],
[0.00063044],
[0.00061405],
[0.00059768],
[0.00058138],
[0.01402],
[0.012481],
[0.011004],
[0.0096352],
[0.00030542],
[0.00030066],
[0.00029591],
[0.00029117]],
[[0.018011],
[0.015287],
[0.012475],
[0.0098784],
[0.011421],
[0.0099519],
[0.008452],
[0.0070295],
[0.030968],
[0.025426],
[0.019582],
[0.014422],
[0.0076591],
[0.0068179],
[0.0059641],
[0.0051404],
[0.062235],
[0.049],
[0.034339],
[0.022452],
[0.0053737],
[0.0048695],
[0.0043595],
[0.0038618],
[0.16849],
[0.12681],
[0.073342],
[0.038032],
[0.00388],
[0.0035702],
[0.0032577],
[0.0029502],
[1.0488],
[0.83213],
[0.23952],
[0.069338],
[0.0028446],
[0.0026533],
[0.0024606],
[0.0022698],
[-3.3487],
[-4.0463],
[0.8151],
[0.10922],
[0.0020897],
[0.0019732],
[0.0018561],
[0.0017397],
[0.93179],
[0.77558],
[0.30786],
[0.097947],
[0.0015128],
[0.0014449],
[0.0013766],
[0.0013085],
[0.15639],
[0.12962],
[0.092286],
[0.058],
[0.0010512],
[0.0010148],
[0.00097826],
[0.00094176],
[0.052997],
[0.046568],
[0.03907],
[0.031372],
[0.00066359],
[0.00064725],
[0.00063087],
[0.00061448],
[0.018817],
[0.017456],
[0.015985],
[0.014452],
[0.00032127],
[0.00031652],
[0.00031178],
[0.00030702]],
[[0.019743],
[0.017247],
[0.014465],
[0.011687],
[0.012388],
[0.011003],
[0.0095134],
[0.0080253],
[0.034337],
[0.02953],
[0.023807],
[0.018062],
[0.0082368],
[0.0074299],
[0.0065809],
[0.0057314],
[0.069591],
[0.059369],
[0.045418],
[0.031099],
[0.0057399],
[0.0052512],
[0.0047438],
[0.0042353],
[0.1866],
[0.16249],
[0.1168],
[0.064936],
[0.0041223],
[0.0038201],
[0.0035092],
[0.0031971],
[1.0935],
[1.0389],
[0.78551],
[0.20719],
[0.0030098],
[0.0028223],
[0.0026306],
[0.002438],
[-3.2802],
[-3.3486],
[-4.0556],
[0.83695],
[0.0022041],
[0.0020896],
[0.0019732],
[0.0018561],
[0.97717],
[0.94236],
[0.81505],
[0.36707],
[0.0015919],
[0.001525],
[0.0014571],
[0.0013889],
[0.1766],
[0.16459],
[0.14314],
[0.10928],
[0.0011043],
[0.0010684],
[0.0010321],
[0.00099565],
[0.061833],
[0.05804],
[0.052945],
[0.046453],
[0.00069643],
[0.00068028],
[0.00066402],
[0.00064768],
[0.022315],
[0.021415],
[0.020369],
[0.019171],
[0.00033699],
[0.0003323],
[0.00032759],
[0.00032287]],
[[0.021247],
[0.019059],
[0.016457],
[0.013644],
[0.013266],
[0.012],
[0.010575],
[0.0090749],
[0.03705],
[0.033136],
[0.02802],
[0.022186],
[0.0087755],
[0.0080197],
[0.0071974],
[0.0063439],
[0.074745],
[0.0675],
[0.056269],
[0.041812],
[0.0060872],
[0.0056223],
[0.0051275],
[0.0046181],
[0.19643],
[0.18331],
[0.15568],
[0.10651],
[0.0043549],
[0.0040644],
[0.0037599],
[0.0034481],
[1.1099],
[1.0901],
[1.0273],
[0.73306],
[0.0031697],
[0.0029882],
[0.0028],
[0.002608],
[-3.2609],
[-3.2802],
[-3.3489],
[-4.0774],
[0.0023154],
[0.0022041],
[0.0020896],
[0.0019731],
[0.99221],
[0.9804],
[0.95101],
[0.84724],
[0.0016692],
[0.0016039],
[0.0015371],
[0.0014694],
[0.18563],
[0.18024],
[0.17093],
[0.15414],
[0.0011564],
[0.0011213],
[0.0010856],
[0.0010494],
[0.066669],
[0.064631],
[0.061833],
[0.057991],
[0.00072869],
[0.00071286],
[0.00069686],
[0.00068071],
[0.02445],
[0.02392],
[0.023291],
[0.022546],
[0.00035247],
[0.00034787],
[0.00034324],
[0.00033858]],
[[0.010388],
[0.0088855],
[0.0074301],
[0.0061151],
[0.016102],
[0.013283],
[0.010596],
[0.0082834],
[0.0070539],
[0.0061993],
[0.0053632],
[0.0045841],
[0.027021],
[0.021157],
[0.01573],
[0.011425],
[0.0049948],
[0.0044845],
[0.0039822],
[0.0035043],
[0.052489],
[0.037758],
[0.024944],
[0.016208],
[0.0036311],
[0.0033185],
[0.0030094],
[0.0027111],
[0.1363],
[0.082507],
[0.042933],
[0.023388],
[0.0026759],
[0.0024832],
[0.002292],
[0.0021055],
[0.8728],
[0.27729],
[0.077261],
[0.032759],
[0.0019733],
[0.0018562],
[0.0017397],
[0.0016253],
[-4.0494],
[0.80586],
[0.10847],
[0.039909],
[0.0014326],
[0.0013643],
[0.0012963],
[0.0012291],
[0.72807],
[0.25627],
[0.083498],
[0.037945],
[0.0009974],
[0.00096087],
[0.00092444],
[0.00088826],
[0.11392],
[0.075823],
[0.046353],
[0.028776],
[0.00063044],
[0.00061405],
[0.00059768],
[0.00058138],
[0.039181],
[0.031451],
[0.024441],
[0.01874],
[0.00030542],
[0.00030066],
[0.00029591],
[0.00029117],
[0.01402],
[0.012481],
[0.011004],
[0.0096352]],
[[0.011421],
[0.0099519],
[0.008452],
[0.0070295],
[0.018011],
[0.015287],
[0.012475],
[0.0098784],
[0.0076591],
[0.0068179],
[0.0059641],
[0.0051404],
[0.030968],
[0.025426],
[0.019582],
[0.014422],
[0.0053737],
[0.0048695],
[0.0043595],
[0.0038618],
[0.062235],
[0.049],
[0.034339],
[0.022452],
[0.00388],
[0.0035702],
[0.0032577],
[0.0029502],
[0.16849],
[0.12681],
[0.073342],
[0.038032],
[0.0028446],
[0.0026533],
[0.0024606],
[0.0022698],
[1.0488],
[0.83213],
[0.23952],
[0.069338],
[0.0020897],
[0.0019732],
[0.0018561],
[0.0017397],
[-3.3487],
[-4.0463],
[0.8151],
[0.10922],
[0.0015128],
[0.0014449],
[0.0013766],
[0.0013085],
[0.93179],
[0.77558],
[0.30786],
[0.097947],
[0.0010512],
[0.0010148],
[0.00097826],
[0.00094176],
[0.15639],
[0.12962],
[0.092286],
[0.058],
[0.00066359],
[0.00064725],
[0.00063087],
[0.00061448],
[0.052997],
[0.046568],
[0.03907],
[0.031372],
[0.00032127],
[0.00031652],
[0.00031178],
[0.00030702],
[0.018817],
[0.017456],
[0.015985],
[0.014452]],
[[0.012388],
[0.011003],
[0.0095134],
[0.0080253],
[0.019743],
[0.017247],
[0.014465],
[0.011687],
[0.0082368],
[0.0074299],
[0.0065809],
[0.0057314],
[0.034337],
[0.02953],
[0.023807],
[0.018062],
[0.0057399],
[0.0052512],
[0.0047438],
[0.0042353],
[0.069591],
[0.059369],
[0.045418],
[0.031099],
[0.0041223],
[0.0038201],
[0.0035092],
[0.0031971],
[0.1866],
[0.16249],
[0.1168],
[0.064936],
[0.0030098],
[0.0028223],
[0.0026306],
[0.002438],
[1.0935],
[1.0389],
[0.78551],
[0.20719],
[0.0022041],
[0.0020896],
[0.0019732],
[0.0018561],
[-3.2802],
[-3.3486],
[-4.0556],
[0.83695],
[0.0015919],
[0.001525],
[0.0014571],
[0.0013889],
[0.97717],
[0.94236],
[0.81505],
[0.36707],
[0.0011043],
[0.0010684],
[0.0010321],
[0.00099565],
[0.1766],
[0.16459],
[0.14314],
[0.10928],
[0.00069643],
[0.00068028],
[0.00066402],
[0.00064768],
[0.061833],
[0.05804],
[0.052945],
[0.046453],
[0.00033699],
[0.0003323],
[0.00032759],
[0.00032287],
[0.022315],
[0.021415],
[0.020369],
[0.019171]],
[[0.013266],
[0.012],
[0.010575],
[0.0090749],
[0.021247],
[0.019059],
[0.016457],
[0.013644],
[0.0087755],
[0.0080197],
[0.0071974],
[0.0063439],
[0.03705],
[0.033136],
[0.02802],
[0.022186],
[0.0060872],
[0.0056223],
[0.0051275],
[0.0046181],
[0.074745],
[0.0675],
[0.056269],
[0.041812],
[0.0043549],
[0.0040644],
[0.0037599],
[0.0034481],
[0.19643],
[0.18331],
[0.15568],
[0.10651],
[0.0031697],
[0.0029882],
[0.0028],
[0.002608],
[1.1099],
[1.0901],
[1.0273],
[0.73306],
[0.0023154],
[0.0022041],
[0.0020896],
[0.0019731],
[-3.2609],
[-3.2802],
[-3.3489],
[-4.0774],
[0.0016692],
[0.0016039],
[0.0015371],
[0.0014694],
[0.99221],
[0.9804],
[0.95101],
[0.84724],
[0.0011564],
[0.0011213],
[0.0010856],
[0.0010494],
[0.18563],
[0.18024],
[0.17093],
[0.15414],
[0.00072869],
[0.00071286],
[0.00069686],
[0.00068071],
[0.066669],
[0.064631],
[0.061833],
[0.057991],
[0.00035247],
[0.00034787],
[0.00034324],
[0.00033858],
[0.02445],
[0.02392],
[0.023291],
[0.022546]],
[[0.012267],
[0.010371],
[0.0085394],
[0.0069073],
[0.0083295],
[0.0072438],
[0.0061838],
[0.0052064],
[0.019011],
[0.015479],
[0.012127],
[0.0092932],
[0.0058564],
[0.0052076],
[0.0045699],
[0.0039682],
[0.032224],
[0.02486],
[0.018086],
[0.012843],
[0.0042501],
[0.0038491],
[0.003453],
[0.0030731],
[0.063334],
[0.044774],
[0.028784],
[0.018241],
[0.0031458],
[0.0028938],
[0.002644],
[0.0024017],
[0.16671],
[0.098706],
[0.049559],
[0.026347],
[0.0023495],
[0.0021911],
[0.0020338],
[0.0018798],
[1.0884],
[0.33233],
[0.08877],
[0.037083],
[0.0017501],
[0.0016525],
[0.0015554],
[0.0014596],
[-4.8663],
[0.93461],
[0.12518],
[0.046037],
[0.0012802],
[0.0012227],
[0.0011654],
[0.0011086],
[0.85014],
[0.29802],
[0.098354],
[0.045091],
[0.00089629],
[0.00086529],
[0.00083435],
[0.00080361],
[0.12661],
[0.085517],
[0.053688],
[0.034195],
[0.00056881],
[0.00055482],
[0.00054086],
[0.00052694],
[0.035536],
[0.029469],
[0.023916],
[0.019227],
[0.00027638],
[0.00027231],
[0.00026825],
[0.00026419]],
[[0.01337],
[0.011514],
[0.0096241],
[0.0078592],
[0.0089672],
[0.0078971],
[0.006814],
[0.0057812],
[0.021076],
[0.017657],
[0.014142],
[0.010961],
[0.0062477],
[0.0056058],
[0.0049581],
[0.0043316],
[0.036589],
[0.029614],
[0.022299],
[0.016014],
[0.0045035],
[0.0041056],
[0.003705],
[0.0033135],
[0.074373],
[0.057654],
[0.039257],
[0.024912],
[0.0033163],
[0.0030658],
[0.0028139],
[0.002566],
[0.20398],
[0.15121],
[0.083957],
[0.042085],
[0.0024672],
[0.0023096],
[0.0021513],
[0.0019947],
[1.2935],
[1.0219],
[0.27232],
[0.076922],
[0.0018325],
[0.0017352],
[0.0016376],
[0.0015407],
[-4.0498],
[-4.8597],
[0.95448],
[0.12673],
[0.0013375],
[0.0012802],
[0.0012227],
[0.0011654],
[1.1005],
[0.927],
[0.38407],
[0.12314],
[0.00093501],
[0.00090409],
[0.00087309],
[0.00084213],
[0.17956],
[0.1519],
[0.11246],
[0.073749],
[0.0005928],
[0.00057885],
[0.00056487],
[0.00055089],
[0.050668],
[0.045809],
[0.040129],
[0.034053],
[0.00028789],
[0.00028383],
[0.00027976],
[0.0002757]],
[[0.014408],
[0.012644],
[0.010755],
[0.0088977],
[0.0095784],
[0.0085457],
[0.0074626],
[0.0063924],
[0.022959],
[0.019797],
[0.016288],
[0.012857],
[0.0066271],
[0.0060017],
[0.0053543],
[0.0047118],
[0.040339],
[0.03422],
[0.026958],
[0.019878],
[0.004751],
[0.004361],
[0.0039607],
[0.0035621],
[0.082756],
[0.069667],
[0.051789],
[0.034177],
[0.0034837],
[0.0032372],
[0.0029857],
[0.0027345],
[0.22501],
[0.19411],
[0.13462],
[0.070982],
[0.0025833],
[0.0024278],
[0.0022698],
[0.0021117],
[1.3455],
[1.2774],
[0.94194],
[0.22404],
[0.0019138],
[0.0018177],
[0.0017204],
[0.0016228],
[-3.9708],
[-4.0496],
[-4.8796],
[1.002],
[0.0013943],
[0.0013376],
[0.0012803],
[0.0012228],
[1.1533],
[1.1165],
[0.986],
[0.48609],
[0.00097343],
[0.00094277],
[0.00091189],
[0.0008809],
[0.20311],
[0.19178],
[0.17193],
[0.13933],
[0.00061664],
[0.0006028],
[0.00058888],
[0.00057492],
[0.059661],
[0.057113],
[0.05379],
[0.049547],
[0.00029934],
[0.0002953],
[0.00029126],
[0.00028721]],
[[0.01536],
[0.013729],
[0.011898],
[0.010001],
[0.010153],
[0.0091758],
[0.0081159],
[0.0070302],
[0.024613],
[0.021802],
[0.018465],
[0.014932],
[0.0069896],
[0.0063893],
[0.0057523],
[0.0051036],
[0.043396],
[0.038332],
[0.031696],
[0.024327],
[0.00499],
[0.0046122],
[0.0042172],
[0.0038161],
[0.088704],
[0.079268],
[0.064454],
[0.045955],
[0.0036466],
[0.0034063],
[0.0031576],
[0.0029057],
[0.23655],
[0.21953],
[0.18244],
[0.11773],
[0.0026968],
[0.0025445],
[0.0023881],
[0.0022299],
[1.3647],
[1.3401],
[1.2576],
[0.84916],
[0.0019937],
[0.0018993],
[0.0018029],
[0.0017055],
[-3.9485],
[-3.9708],
[-4.0503],
[-4.9271],
[0.0014503],
[0.0013944],
[0.0013376],
[0.0012803],
[1.1703],
[1.1581],
[1.1287],
[1.03],
[0.0010113],
[0.00098111],
[0.00095052],
[0.00091969],
[0.21296],
[0.20815],
[0.20021],
[0.18639],
[0.00064021],
[0.00062654],
[0.00061276],
[0.00059889],
[0.064117],
[0.062871],
[0.06125],
[0.05912],
[0.00031066],
[0.00030668],
[0.00030268],
[0.00029866]],
[[0.0083295],
[0.0072438],
[0.0061838],
[0.0052064],
[0.012267],
[0.010371],
[0.0085394],
[0.0069073],
[0.0058564],
[0.0052076],
[0.0045699],
[0.0039682],
[0.019011],
[0.015479],
[0.012127],
[0.0092932],
[0.0042501],
[0.0038491],
[0.003453],
[0.0030731],
[0.032224],
[0.02486],
[0.018086],
[0.012843],
[0.0031458],
[0.0028938],
[0.002644],
[0.0024017],
[0.063334],
[0.044774],
[0.028784],
[0.018241],
[0.0023495],
[0.0021911],
[0.0020338],
[0.0018798],
[0.16671],
[0.098706],
[0.049559],
[0.026347],
[0.0017501],
[0.0016525],
[0.0015554],
[0.0014596],
[1.0884],
[0.33233],
[0.08877],
[0.037083],
[0.0012802],
[0.0012227],
[0.0011654],
[0.0011086],
[-4.8663],
[0.93461],
[0.12518],
[0.046037],
[0.00089629],
[0.00086529],
[0.00083435],
[0.00080361],
[0.85014],
[0.29802],
[0.098354],
[0.045091],
[0.00056881],
[0.00055482],
[0.00054086],
[0.00052694],
[0.12661],
[0.085517],
[0.053688],
[0.034195],
[0.00027638],
[0.00027231],
[0.00026825],
[0.00026419],
[0.035536],
[0.029469],
[0.023916],
[0.019227]],
[[0.0089672],
[0.0078971],
[0.006814],
[0.0057812],
[0.01337],
[0.011514],
[0.0096241],
[0.0078592],
[0.0062477],
[0.0056058],
[0.0049581],
[0.0043316],
[0.021076],
[0.017657],
[0.014142],
[0.010961],
[0.0045035],
[0.0041056],
[0.003705],
[0.0033135],
[0.036589],
[0.029614],
[0.022299],
[0.016014],
[0.0033163],
[0.0030658],
[0.0028139],
[0.002566],
[0.074373],
[0.057654],
[0.039257],
[0.024912],
[0.0024672],
[0.0023096],
[0.0021513],
[0.0019947],
[0.20398],
[0.15121],
[0.083957],
[0.042085],
[0.0018325],
[0.0017352],
[0.0016376],
[0.0015407],
[1.2935],
[1.0219],
[0.27232],
[0.076922],
[0.0013375],
[0.0012802],
[0.0012227],
[0.0011654],
[-4.0498],
[-4.8597],
[0.95448],
[0.12673],
[0.00093501],
[0.00090409],
[0.00087309],
[0.00084213],
[1.1005],
[0.927],
[0.38407],
[0.12314],
[0.0005928],
[0.00057885],
[0.00056487],
[0.00055089],
[0.17956],
[0.1519],
[0.11246],
[0.073749],
[0.00028789],
[0.00028383],
[0.00027976],
[0.0002757],
[0.050668],
[0.045809],
[0.040129],
[0.034053]],
[[0.0095784],
[0.0085457],
[0.0074626],
[0.0063924],
[0.014408],
[0.012644],
[0.010755],
[0.0088977],
[0.0066271],
[0.0060017],
[0.0053543],
[0.0047118],
[0.022959],
[0.019797],
[0.016288],
[0.012857],
[0.004751],
[0.004361],
[0.0039607],
[0.0035621],
[0.040339],
[0.03422],
[0.026958],
[0.019878],
[0.0034837],
[0.0032372],
[0.0029857],
[0.0027345],
[0.082756],
[0.069667],
[0.051789],
[0.034177],
[0.0025833],
[0.0024278],
[0.0022698],
[0.0021117],
[0.22501],
[0.19411],
[0.13462],
[0.070982],
[0.0019138],
[0.0018177],
[0.0017204],
[0.0016228],
[1.3455],
[1.2774],
[0.94194],
[0.22404],
[0.0013943],
[0.0013376],
[0.0012803],
[0.0012228],
[-3.9708],
[-4.0496],
[-4.8796],
[1.002],
[0.00097343],
[0.00094277],
[0.00091189],
[0.0008809],
[1.1533],
[1.1165],
[0.986],
[0.48609],
[0.00061664],
[0.0006028],
[0.00058888],
[0.00057492],
[0.20311],
[0.19178],
[0.17193],
[0.13933],
[0.00029934],
[0.0002953],
[0.00029126],
[0.00028721],
[0.059661],
[0.057113],
[0.05379],
[0.049547]],
[[0.010153],
[0.0091758],
[0.0081159],
[0.0070302],
[0.01536],
[0.013729],
[0.011898],
[0.010001],
[0.0069896],
[0.0063893],
[0.0057523],
[0.0051036],
[0.024613],
[0.021802],
[0.018465],
[0.014932],
[0.00499],
[0.0046122],
[0.0042172],
[0.0038161],
[0.043396],
[0.038332],
[0.031696],
[0.024327],
[0.0036466],
[0.0034063],
[0.0031576],
[0.0029057],
[0.088704],
[0.079268],
[0.064454],
[0.045955],
[0.0026968],
[0.0025445],
[0.0023881],
[0.0022299],
[0.23655],
[0.21953],
[0.18244],
[0.11773],
[0.0019937],
[0.0018993],
[0.0018029],
[0.0017055],
[1.3647],
[1.3401],
[1.2576],
[0.84916],
[0.0014503],
[0.0013944],
[0.0013376],
[0.0012803],
[-3.9485],
[-3.9708],
[-4.0503],
[-4.9271],
[0.0010113],
[0.00098111],
[0.00095052],
[0.00091969],
[1.1703],
[1.1581],
[1.1287],
[1.03],
[0.00064021],
[0.00062654],
[0.00061276],
[0.00059889],
[0.21296],
[0.20815],
[0.20021],
[0.18639],
[0.00031066],
[0.00030668],
[0.00030268],
[0.00029866],
[0.064117],
[0.062871],
[0.06125],
[0.05912]],
[[0.010122],
[0.008693],
[0.0073018],
[0.006036],
[0.0071024],
[0.0062453],
[0.0054044],
[0.004619],
[0.014945],
[0.012458],
[0.010065],
[0.0079704],
[0.0051106],
[0.0045813],
[0.0040593],
[0.0035627],
[0.023482],
[0.018816],
[0.01441],
[0.010773],
[0.0037717],
[0.0034366],
[0.0031049],
[0.002785],
[0.040466],
[0.03064],
[0.021672],
[0.014952],
[0.0028268],
[0.0026124],
[0.0023996],
[0.0021924],
[0.081106],
[0.056041],
[0.034732],
[0.021306],
[0.0021313],
[0.0019947],
[0.001859],
[0.0017257],
[0.21853],
[0.1255],
[0.059942],
[0.030852],
[0.001599],
[0.001514],
[0.0014293],
[0.0013457],
[1.4757],
[0.42483],
[0.10682],
[0.043741],
[0.001176],
[0.0011256],
[0.0010752],
[0.0010254],
[-6.2623],
[1.1381],
[0.15148],
[0.055703],
[0.00082669],
[0.00079934],
[0.00077203],
[0.00074487],
[1.0347],
[0.36061],
[0.12169],
[0.056665],
[0.00052619],
[0.0005138],
[0.00050143],
[0.00048909],
[0.13055],
[0.090977],
[0.060166],
[0.040358],
[0.00025624],
[0.00025263],
[0.00024902],
[0.00024542]],
[[0.010792],
[0.0093815],
[0.0079598],
[0.0066247],
[0.0075071],
[0.0066578],
[0.0058038],
[0.0049874],
[0.016124],
[0.013684],
[0.011214],
[0.0089539],
[0.0053668],
[0.0048411],
[0.0043132],
[0.0038021],
[0.025752],
[0.021222],
[0.016599],
[0.012527],
[0.0039415],
[0.0036081],
[0.0032735],
[0.0029466],
[0.045417],
[0.036079],
[0.026371],
[0.01834],
[0.0029431],
[0.0027295],
[0.0025154],
[0.0023046],
[0.09406],
[0.071396],
[0.046734],
[0.028529],
[0.0022126],
[0.0020765],
[0.0019401],
[0.0018051],
[0.26371],
[0.19134],
[0.10022],
[0.04806],
[0.0016564],
[0.0015717],
[0.0014867],
[0.0014023],
[1.727],
[1.3567],
[0.32201],
[0.088196],
[0.0012163],
[0.001166],
[0.0011155],
[0.0010653],
[-5.2588],
[-6.2464],
[1.1864],
[0.15509],
[0.00085405],
[0.00082674],
[0.00079938],
[0.00077208],
[1.3662],
[1.1722],
[0.52227],
[0.17097],
[0.0005432],
[0.00053083],
[0.00051845],
[0.00050607],
[0.19743],
[0.17293],
[0.13709],
[0.097837],
[0.00026442],
[0.00026082],
[0.00025721],
[0.0002536]],
[[0.011437],
[0.010067],
[0.0086383],
[0.0072505],
[0.007901],
[0.0070692],
[0.006212],
[0.0053726],
[0.017239],
[0.014902],
[0.012416],
[0.010026],
[0.005618],
[0.0051004],
[0.0045711],
[0.0040495],
[0.027835],
[0.023603],
[0.01894],
[0.014518],
[0.0041086],
[0.0037793],
[0.0034442],
[0.0031123],
[0.049705],
[0.041397],
[0.031611],
[0.022465],
[0.0030579],
[0.0028464],
[0.0026321],
[0.002419],
[0.10398],
[0.085923],
[0.061331],
[0.038542],
[0.0022931],
[0.0021581],
[0.0020217],
[0.0018856],
[0.28933],
[0.24625],
[0.16178],
[0.079394],
[0.0017134],
[0.0016292],
[0.0015443],
[0.0014594],
[1.7907],
[1.6987],
[1.2027],
[0.24679],
[0.0012564],
[0.0012063],
[0.0011559],
[0.0011055],
[-5.1633],
[-5.2583],
[-6.2947],
[1.3048],
[0.00088126],
[0.0008541],
[0.00082679],
[0.00079943],
[1.4302],
[1.3921],
[1.2641],
[0.71834],
[0.00056015],
[0.00054784],
[0.00053548],
[0.0005231],
[0.22362],
[0.21512],
[0.20098],
[0.17733],
[0.00027258],
[0.00026898],
[0.00026539],
[0.00026178]],
[[0.01205],
[0.010739],
[0.0093266],
[0.0079065],
[0.0082802],
[0.0074746],
[0.0066244],
[0.005771],
[0.018273],
[0.016083],
[0.013641],
[0.011173],
[0.0058621],
[0.0053568],
[0.0048309],
[0.0043031],
[0.029689],
[0.025864],
[0.021348],
[0.016717],
[0.0042722],
[0.003949],
[0.0036157],
[0.003281],
[0.053256],
[0.046237],
[0.037058],
[0.027283],
[0.0031707],
[0.0029625],
[0.0027492],
[0.0025349],
[0.11114],
[0.097824],
[0.076664],
[0.051591],
[0.0023725],
[0.0022392],
[0.0021034],
[0.0019669],
[0.3036],
[0.27949],
[0.22439],
[0.13253],
[0.0017697],
[0.0016864],
[0.0016019],
[0.0015169],
[1.8145],
[1.7812],
[1.6608],
[1.0183],
[0.001296],
[0.0012464],
[0.0011963],
[0.0011458],
[-5.1365],
[-5.1633],
[-5.2598],
[-6.4131],
[0.00090825],
[0.00088131],
[0.00085414],
[0.00082684],
[1.4497],
[1.4374],
[1.4096],
[1.3232],
[0.00057697],
[0.00056475],
[0.00055247],
[0.00054012],
[0.23334],
[0.23004],
[0.22502],
[0.21694],
[0.00028068],
[0.00027711],
[0.00027354],
[0.00026995]],
[[0.0071024],
[0.0062453],
[0.0054044],
[0.004619],
[0.010122],
[0.008693],
[0.0073018],
[0.006036],
[0.0051106],
[0.0045813],
[0.0040593],
[0.0035627],
[0.014945],
[0.012458],
[0.010065],
[0.0079704],
[0.0037717],
[0.0034366],
[0.0031049],
[0.002785],
[0.023482],
[0.018816],
[0.01441],
[0.010773],
[0.0028268],
[0.0026124],
[0.0023996],
[0.0021924],
[0.040466],
[0.03064],
[0.021672],
[0.014952],
[0.0021313],
[0.0019947],
[0.001859],
[0.0017257],
[0.081106],
[0.056041],
[0.034732],
[0.021306],
[0.001599],
[0.001514],
[0.0014293],
[0.0013457],
[0.21853],
[0.1255],
[0.059942],
[0.030852],
[0.001176],
[0.0011256],
[0.0010752],
[0.0010254],
[1.4757],
[0.42483],
[0.10682],
[0.043741],
[0.00082669],
[0.00079934],
[0.00077203],
[0.00074487],
[-6.2623],
[1.1381],
[0.15148],
[0.055703],
[0.00052619],
[0.0005138],
[0.00050143],
[0.00048909],
[1.0347],
[0.36061],
[0.12169],
[0.056665],
[0.00025624],
[0.00025263],
[0.00024902],
[0.00024542],
[0.13055],
[0.090977],
[0.060166],
[0.040358]],
[[0.0075071],
[0.0066578],
[0.0058038],
[0.0049874],
[0.010792],
[0.0093815],
[0.0079598],
[0.0066247],
[0.0053668],
[0.0048411],
[0.0043132],
[0.0038021],
[0.016124],
[0.013684],
[0.011214],
[0.0089539],
[0.0039415],
[0.0036081],
[0.0032735],
[0.0029466],
[0.025752],
[0.021222],
[0.016599],
[0.012527],
[0.0029431],
[0.0027295],
[0.0025154],
[0.0023046],
[0.045417],
[0.036079],
[0.026371],
[0.01834],
[0.0022126],
[0.0020765],
[0.0019401],
[0.0018051],
[0.09406],
[0.071396],
[0.046734],
[0.028529],
[0.0016564],
[0.0015717],
[0.0014867],
[0.0014023],
[0.26371],
[0.19134],
[0.10022],
[0.04806],
[0.0012163],
[0.001166],
[0.0011155],
[0.0010653],
[1.727],
[1.3567],
[0.32201],
[0.088196],
[0.00085405],
[0.00082674],
[0.00079938],
[0.00077208],
[-5.2588],
[-6.2464],
[1.1864],
[0.15509],
[0.0005432],
[0.00053083],
[0.00051845],
[0.00050607],
[1.3662],
[1.1722],
[0.52227],
[0.17097],
[0.00026442],
[0.00026082],
[0.00025721],
[0.0002536],
[0.19743],
[0.17293],
[0.13709],
[0.097837]],
[[0.007901],
[0.0070692],
[0.006212],
[0.0053726],
[0.011437],
[0.010067],
[0.0086383],
[0.0072505],
[0.005618],
[0.0051004],
[0.0045711],
[0.0040495],
[0.017239],
[0.014902],
[0.012416],
[0.010026],
[0.0041086],
[0.0037793],
[0.0034442],
[0.0031123],
[0.027835],
[0.023603],
[0.01894],
[0.014518],
[0.0030579],
[0.0028464],
[0.0026321],
[0.002419],
[0.049705],
[0.041397],
[0.031611],
[0.022465],
[0.0022931],
[0.0021581],
[0.0020217],
[0.0018856],
[0.10398],
[0.085923],
[0.061331],
[0.038542],
[0.0017134],
[0.0016292],
[0.0015443],
[0.0014594],
[0.28933],
[0.24625],
[0.16178],
[0.079394],
[0.0012564],
[0.0012063],
[0.0011559],
[0.0011055],
[1.7907],
[1.6987],
[1.2027],
[0.24679],
[0.00088126],
[0.0008541],
[0.00082679],
[0.00079943],
[-5.1633],
[-5.2583],
[-6.2947],
[1.3048],
[0.00056015],
[0.00054784],
[0.00053548],
[0.0005231],
[1.4302],
[1.3921],
[1.2641],
[0.71834],
[0.00027258],
[0.00026898],
[0.00026539],
[0.00026178],
[0.22362],
[0.21512],
[0.20098],
[0.17733]],
[[0.0082802],
[0.0074746],
[0.0066244],
[0.005771],
[0.01205],
[0.010739],
[0.0093266],
[0.0079065],
[0.0058621],
[0.0053568],
[0.0048309],
[0.0043031],
[0.018273],
[0.016083],
[0.013641],
[0.011173],
[0.0042722],
[0.003949],
[0.0036157],
[0.003281],
[0.029689],
[0.025864],
[0.021348],
[0.016717],
[0.0031707],
[0.0029625],
[0.0027492],
[0.0025349],
[0.053256],
[0.046237],
[0.037058],
[0.027283],
[0.0023725],
[0.0022392],
[0.0021034],
[0.0019669],
[0.11114],
[0.097824],
[0.076664],
[0.051591],
[0.0017697],
[0.0016864],
[0.0016019],
[0.0015169],
[0.3036],
[0.27949],
[0.22439],
[0.13253],
[0.001296],
[0.0012464],
[0.0011963],
[0.0011458],
[1.8145],
[1.7812],
[1.6608],
[1.0183],
[0.00090825],
[0.00088131],
[0.00085414],
[0.00082684],
[-5.1365],
[-5.1633],
[-5.2598],
[-6.4131],
[0.00057697],
[0.00056475],
[0.00055247],
[0.00054012],
[1.4497],
[1.4374],
[1.4096],
[1.3232],
[0.00028068],
[0.00027711],
[0.00027354],
[0.00026995],
[0.23334],
[0.23004],
[0.22502],
[0.21694]],
[[0.0089069],
[0.0077263],
[0.0065707],
[0.0055059],
[0.0063792],
[0.0056499],
[0.0049319],
[0.0042557],
[0.012773],
[0.010802],
[0.0088893],
[0.0071799],
[0.0046584],
[0.0041984],
[0.0037436],
[0.0033086],
[0.019217],
[0.015738],
[0.012405],
[0.0095567],
[0.0034756],
[0.0031797],
[0.0028863],
[0.0026024],
[0.030902],
[0.024247],
[0.018007],
[0.013026],
[0.0026264],
[0.0024348],
[0.0022445],
[0.0020586],
[0.054792],
[0.040435],
[0.027481],
[0.018225],
[0.0019925],
[0.0018695],
[0.0017469],
[0.0016265],
[0.11376],
[0.076053],
[0.04463],
[0.026143],
[0.0015021],
[0.0014249],
[0.001348],
[0.001272],
[0.32056],
[0.17564],
[0.077549],
[0.038078],
[0.0011088],
[0.0010627],
[0.0010168],
[0.00097123],
[2.3223],
[0.60353],
[0.13747],
[0.054646],
[0.00078155],
[0.0007565],
[0.00073148],
[0.00070659],
[-9.0677],
[1.4864],
[0.19635],
[0.072259],
[0.00049845],
[0.00048708],
[0.00047572],
[0.00046439],
[1.2806],
[0.44273],
[0.15739],
[0.076127],
[0.00024311],
[0.00023979],
[0.00023648],
[0.00023316]],
[[0.009313],
[0.0081412],
[0.0069686],
[0.0058657],
[0.0066312],
[0.0059059],
[0.0051801],
[0.0044863],
[0.013461],
[0.011511],
[0.0095576],
[0.0077624],
[0.0048212],
[0.0043631],
[0.0039047],
[0.0034611],
[0.020469],
[0.017046],
[0.013609],
[0.010553],
[0.0035851],
[0.0032902],
[0.002995],
[0.0027068],
[0.033413],
[0.02693],
[0.020385],
[0.014846],
[0.0027022],
[0.0025111],
[0.0023199],
[0.0021319],
[0.060534],
[0.046827],
[0.032793],
[0.021824],
[0.0020461],
[0.0019232],
[0.0018003],
[0.0016788],
[0.12962],
[0.095318],
[0.058764],
[0.033973],
[0.0015401],
[0.0014631],
[0.001386],
[0.0013095],
[0.37893],
[0.26567],
[0.1266],
[0.057042],
[0.0011356],
[0.0010896],
[0.0010436],
[0.00099779],
[2.6536],
[2.0674],
[0.40058],
[0.10537],
[0.00079983],
[0.0007748],
[0.00074976],
[0.00072477],
[-7.7257],
[-9.0186],
[1.6378],
[0.20695],
[0.00050985],
[0.00049849],
[0.00048712],
[0.00047576],
[1.7725],
[1.5731],
[0.81916],
[0.29157],
[0.0002486],
[0.00024529],
[0.00024197],
[0.00023865]],
[[0.0097101],
[0.008556],
[0.0073752],
[0.0062407],
[0.0068791],
[0.0061618],
[0.0054324],
[0.004724],
[0.014126],
[0.012219],
[0.010247],
[0.0083792],
[0.0049821],
[0.0045278],
[0.0040677],
[0.0036172],
[0.021663],
[0.018352],
[0.014869],
[0.011634],
[0.0036936],
[0.0034006],
[0.0031046],
[0.002813],
[0.03574],
[0.029602],
[0.022934],
[0.016899],
[0.0027775],
[0.0025874],
[0.0023958],
[0.0022062],
[0.06557],
[0.053147],
[0.038752],
[0.026169],
[0.0020993],
[0.001977],
[0.0018539],
[0.0017316],
[0.14194],
[0.1139],
[0.076232],
[0.04469],
[0.001578],
[0.0015013],
[0.0014241],
[0.0013472],
[0.4124],
[0.34316],
[0.20509],
[0.090677],
[0.0011623],
[0.0011165],
[0.0010705],
[0.0010245],
[2.7379],
[2.5948],
[1.6942],
[0.27485],
[0.00081805],
[0.0007931],
[0.00076806],
[0.00074302],
[-7.6026],
[-7.7243],
[-9.17],
[2.0333],
[0.00052122],
[0.00050989],
[0.00049853],
[0.00048716],
[1.8503],
[1.8166],
[1.7154],
[1.236],
[0.00025408],
[0.00025077],
[0.00024746],
[0.00024414]],
[[0.010096],
[0.0089675],
[0.0077876],
[0.0066289],
[0.0071218],
[0.0064162],
[0.0056873],
[0.0049679],
[0.014765],
[0.012918],
[0.01095],
[0.0090267],
[0.0051403],
[0.0046917],
[0.0042319],
[0.0037762],
[0.022784],
[0.019633],
[0.016165],
[0.012792],
[0.0038007],
[0.0035106],
[0.0032149],
[0.0029208],
[0.037848],
[0.032182],
[0.025592],
[0.019177],
[0.002852],
[0.0026635],
[0.0024721],
[0.0022812],
[0.069834],
[0.059043],
[0.045099],
[0.031288],
[0.002152],
[0.0020306],
[0.0019076],
[0.0017848],
[0.15106],
[0.12968],
[0.095504],
[0.058897],
[0.0016156],
[0.0015393],
[0.0014623],
[0.0013852],
[0.43146],
[0.39171],
[0.29458],
[0.14988],
[0.0011889],
[0.0011433],
[0.0010974],
[0.0010513],
[2.7699],
[2.7181],
[2.5043],
[1.2408],
[0.00083619],
[0.00081135],
[0.00078636],
[0.00076132],
[-7.5682],
[-7.6024],
[-7.7285],
[-9.5655],
[0.00053255],
[0.00052126],
[0.00050993],
[0.00049857],
[1.8717],
[1.8614],
[1.8403],
[1.7837],
[0.00025954],
[0.00025625],
[0.00025294],
[0.00024963]],
[[0.0063792],
[0.0056499],
[0.0049319],
[0.0042557],
[0.0089069],
[0.0077263],
[0.0065707],
[0.0055059],
[0.0046584],
[0.0041984],
[0.0037436],
[0.0033086],
[0.012773],
[0.010802],
[0.0088893],
[0.0071799],
[0.0034756],
[0.0031797],
[0.0028863],
[0.0026024],
[0.019217],
[0.015738],
[0.012405],
[0.0095567],
[0.0026264],
[0.0024348],
[0.0022445],
[0.0020586],
[0.030902],
[0.024247],
[0.018007],
[0.013026],
[0.0019925],
[0.0018695],
[0.0017469],
[0.0016265],
[0.054792],
[0.040435],
[0.027481],
[0.018225],
[0.0015021],
[0.0014249],
[0.001348],
[0.001272],
[0.11376],
[0.076053],
[0.04463],
[0.026143],
[0.0011088],
[0.0010627],
[0.0010168],
[0.00097123],
[0.32056],
[0.17564],
[0.077549],
[0.038078],
[0.00078155],
[0.0007565],
[0.00073148],
[0.00070659],
[2.3223],
[0.60353],
[0.13747],
[0.054646],
[0.00049845],
[0.00048708],
[0.00047572],
[0.00046439],
[-9.0677],
[1.4864],
[0.19635],
[0.072259],
[0.00024311],
[0.00023979],
[0.00023648],
[0.00023316],
[1.2806],
[0.44273],
[0.15739],
[0.076127]],
[[0.0066312],
[0.0059059],
[0.0051801],
[0.0044863],
[0.009313],
[0.0081412],
[0.0069686],
[0.0058657],
[0.0048212],
[0.0043631],
[0.0039047],
[0.0034611],
[0.013461],
[0.011511],
[0.0095576],
[0.0077624],
[0.0035851],
[0.0032902],
[0.002995],
[0.0027068],
[0.020469],
[0.017046],
[0.013609],
[0.010553],
[0.0027022],
[0.0025111],
[0.0023199],
[0.0021319],
[0.033413],
[0.02693],
[0.020385],
[0.014846],
[0.0020461],
[0.0019232],
[0.0018003],
[0.0016788],
[0.060534],
[0.046827],
[0.032793],
[0.021824],
[0.0015401],
[0.0014631],
[0.001386],
[0.0013095],
[0.12962],
[0.095318],
[0.058764],
[0.033973],
[0.0011356],
[0.0010896],
[0.0010436],
[0.00099779],
[0.37893],
[0.26567],
[0.1266],
[0.057042],
[0.00079983],
[0.0007748],
[0.00074976],
[0.00072477],
[2.6536],
[2.0674],
[0.40058],
[0.10537],
[0.00050985],
[0.00049849],
[0.00048712],
[0.00047576],
[-7.7257],
[-9.0186],
[1.6378],
[0.20695],
[0.0002486],
[0.00024529],
[0.00024197],
[0.00023865],
[1.7725],
[1.5731],
[0.81916],
[0.29157]],
[[0.0068791],
[0.0061618],
[0.0054324],
[0.004724],
[0.0097101],
[0.008556],
[0.0073752],
[0.0062407],
[0.0049821],
[0.0045278],
[0.0040677],
[0.0036172],
[0.014126],
[0.012219],
[0.010247],
[0.0083792],
[0.0036936],
[0.0034006],
[0.0031046],
[0.002813],
[0.021663],
[0.018352],
[0.014869],
[0.011634],
[0.0027775],
[0.0025874],
[0.0023958],
[0.0022062],
[0.03574],
[0.029602],
[0.022934],
[0.016899],
[0.0020993],
[0.001977],
[0.0018539],
[0.0017316],
[0.06557],
[0.053147],
[0.038752],
[0.026169],
[0.001578],
[0.0015013],
[0.0014241],
[0.0013472],
[0.14194],
[0.1139],
[0.076232],
[0.04469],
[0.0011623],
[0.0011165],
[0.0010705],
[0.0010245],
[0.4124],
[0.34316],
[0.20509],
[0.090677],
[0.00081805],
[0.0007931],
[0.00076806],
[0.00074302],
[2.7379],
[2.5948],
[1.6942],
[0.27485],
[0.00052122],
[0.00050989],
[0.00049853],
[0.00048716],
[-7.6026],
[-7.7243],
[-9.17],
[2.0333],
[0.00025408],
[0.00025077],
[0.00024746],
[0.00024414],
[1.8503],
[1.8166],
[1.7154],
[1.236]],
[[0.0071218],
[0.0064162],
[0.0056873],
[0.0049679],
[0.010096],
[0.0089675],
[0.0077876],
[0.0066289],
[0.0051403],
[0.0046917],
[0.0042319],
[0.0037762],
[0.014765],
[0.012918],
[0.01095],
[0.0090267],
[0.0038007],
[0.0035106],
[0.0032149],
[0.0029208],
[0.022784],
[0.019633],
[0.016165],
[0.012792],
[0.002852],
[0.0026635],
[0.0024721],
[0.0022812],
[0.037848],
[0.032182],
[0.025592],
[0.019177],
[0.002152],
[0.0020306],
[0.0019076],
[0.0017848],
[0.069834],
[0.059043],
[0.045099],
[0.031288],
[0.0016156],
[0.0015393],
[0.0014623],
[0.0013852],
[0.15106],
[0.12968],
[0.095504],
[0.058897],
[0.0011889],
[0.0011433],
[0.0010974],
[0.0010513],
[0.43146],
[0.39171],
[0.29458],
[0.14988],
[0.00083619],
[0.00081135],
[0.00078636],
[0.00076132],
[2.7699],
[2.7181],
[2.5043],
[1.2408],
[0.00053255],
[0.00052126],
[0.00050993],
[0.00049857],
[-7.5682],
[-7.6024],
[-7.7285],
[-9.5655],
[0.00025954],
[0.00025625],
[0.00025294],
[0.00024963],
[1.8717],
[1.8614],
[1.8403],
[1.7837]],
[[0.0082877],
[0.0072306],
[0.0061922],
[0.0052283],
[0.0060018],
[0.0053381],
[0.0046831],
[0.0040632],
[0.011702],
[0.009977],
[0.0082935],
[0.0067717],
[0.0044185],
[0.0039948],
[0.0035752],
[0.0031725],
[0.017215],
[0.014267],
[0.011418],
[0.0089381],
[0.0033166],
[0.0030416],
[0.0027686],
[0.0025038],
[0.026749],
[0.021379],
[0.01627],
[0.012061],
[0.0025177],
[0.0023385],
[0.0021602],
[0.0019859],
[0.044825],
[0.034125],
[0.024199],
[0.016682],
[0.0019168],
[0.0018011],
[0.0016858],
[0.0015723],
[0.08388],
[0.059519],
[0.03794],
[0.023683],
[0.0014489],
[0.0013761],
[0.0013034],
[0.0012316],
[0.18733],
[0.11858],
[0.06328],
[0.034437],
[0.0010717],
[0.0010281],
[0.00098463],
[0.00094143],
[0.5864],
[0.29455],
[0.11193],
[0.050833],
[0.00075662],
[0.00073284],
[0.0007091],
[0.00068546],
[5.2135],
[1.0624],
[0.19779],
[0.07473],
[0.0004831],
[0.0004723],
[0.0004615],
[0.00045073],
[-17.3275],
[2.1488],
[0.28346],
[0.10501],
[0.00023585],
[0.00023269],
[0.00022953],
[0.00022638]],
[[0.0085096],
[0.0074566],
[0.0064091],
[0.0054254],
[0.0061417],
[0.0054798],
[0.0048206],
[0.0041913],
[0.01207],
[0.010354],
[0.0086501],
[0.0070851],
[0.0045099],
[0.0040871],
[0.0036655],
[0.0032581],
[0.017866],
[0.014941],
[0.012042],
[0.0094613],
[0.0033786],
[0.0031041],
[0.0028301],
[0.0025629],
[0.027999],
[0.022695],
[0.017448],
[0.012986],
[0.0025609],
[0.0023819],
[0.0022032],
[0.0020276],
[0.047501],
[0.037018],
[0.026656],
[0.018433],
[0.0019475],
[0.0018318],
[0.0017163],
[0.0016022],
[0.090509],
[0.06706],
[0.043788],
[0.027272],
[0.0014708],
[0.001398],
[0.0013252],
[0.0012531],
[0.20751],
[0.14424],
[0.079944],
[0.042498],
[0.0010872],
[0.0010436],
[0.0010001],
[0.00095673],
[0.66903],
[0.43802],
[0.17321],
[0.070956],
[0.00076717],
[0.00074341],
[0.00071965],
[0.00069595],
[5.7032],
[4.3949],
[0.52932],
[0.13247],
[0.0004897],
[0.0004789],
[0.00046809],
[0.0004573],
[-15.1818],
[-17.0599],
[3.0454],
[0.338],
[0.00023902],
[0.00023587],
[0.00023271],
[0.00022956]],
[[0.0087291],
[0.0076828],
[0.006629],
[0.0056274],
[0.0062804],
[0.0056217],
[0.0049595],
[0.0043217],
[0.012432],
[0.010732],
[0.0090135],
[0.0074093],
[0.0046007],
[0.0041794],
[0.0037564],
[0.0033449],
[0.018502],
[0.015616],
[0.012682],
[0.01001],
[0.0034403],
[0.0031665],
[0.0028919],
[0.0026226],
[0.029205],
[0.024015],
[0.018675],
[0.013976],
[0.0026039],
[0.0024254],
[0.0022463],
[0.0020697],
[0.050021],
[0.039921],
[0.029279],
[0.020373],
[0.001978],
[0.0018626],
[0.0017469],
[0.0016323],
[0.096452],
[0.07462],
[0.050334],
[0.031491],
[0.0014926],
[0.0014199],
[0.0013471],
[0.0012747],
[0.22364],
[0.16971],
[0.10068],
[0.053086],
[0.0011026],
[0.0010591],
[0.0010155],
[0.00097209],
[0.71771],
[0.56917],
[0.27551],
[0.10406],
[0.00077772],
[0.00075398],
[0.00073021],
[0.00070647],
[5.831],
[5.5277],
[2.7919],
[0.29883],
[0.00049628],
[0.00048549],
[0.00047469],
[0.00046389],
[-15.0081],
[-15.1758],
[-17.9565],
[5.7573],
[0.0002422],
[0.00023905],
[0.00023589],
[0.00023273]],
[[0.0089455],
[0.0079087],
[0.0068513],
[0.005834],
[0.0064176],
[0.0057634],
[0.0050995],
[0.0044543],
[0.012787],
[0.011109],
[0.0093825],
[0.0077435],
[0.0046908],
[0.0042717],
[0.0038479],
[0.0034328],
[0.019119],
[0.016289],
[0.013337],
[0.010582],
[0.0035016],
[0.0032289],
[0.0029539],
[0.0026829],
[0.030358],
[0.025325],
[0.019942],
[0.015031],
[0.0026468],
[0.0024688],
[0.0022895],
[0.0021121],
[0.052361],
[0.042781],
[0.032038],
[0.022507],
[0.0020084],
[0.0018933],
[0.0017776],
[0.0016625],
[0.10166],
[0.081912],
[0.057455],
[0.036411],
[0.0015143],
[0.0014418],
[0.001369],
[0.0012964],
[0.23614],
[0.19262],
[0.12489],
[0.066938],
[0.001118],
[0.0010746],
[0.001031],
[0.00098749],
[0.74675],
[0.65715],
[0.41652],
[0.16104],
[0.00078824],
[0.00076455],
[0.00074078],
[0.00071702],
[5.8814],
[5.7715],
[5.1577],
[1.2539],
[0.00050286],
[0.00049209],
[0.00048129],
[0.00047048],
[-14.9605],
[-15.0073],
[-15.1945],
[-20.6684],
[0.00024537],
[0.00024222],
[0.00023907],
[0.00023591]],
[[0.0060018],
[0.0053381],
[0.0046831],
[0.0040632],
[0.0082877],
[0.0072306],
[0.0061922],
[0.0052283],
[0.0044185],
[0.0039948],
[0.0035752],
[0.0031725],
[0.011702],
[0.009977],
[0.0082935],
[0.0067717],
[0.0033166],
[0.0030416],
[0.0027686],
[0.0025038],
[0.017215],
[0.014267],
[0.011418],
[0.0089381],
[0.0025177],
[0.0023385],
[0.0021602],
[0.0019859],
[0.026749],
[0.021379],
[0.01627],
[0.012061],
[0.0019168],
[0.0018011],
[0.0016858],
[0.0015723],
[0.044825],
[0.034125],
[0.024199],
[0.016682],
[0.0014489],
[0.0013761],
[0.0013034],
[0.0012316],
[0.08388],
[0.059519],
[0.03794],
[0.023683],
[0.0010717],
[0.0010281],
[0.00098463],
[0.00094143],
[0.18733],
[0.11858],
[0.06328],
[0.034437],
[0.00075662],
[0.00073284],
[0.0007091],
[0.00068546],
[0.5864],
[0.29455],
[0.11193],
[0.050833],
[0.0004831],
[0.0004723],
[0.0004615],
[0.00045073],
[5.2135],
[1.0624],
[0.19779],
[0.07473],
[0.00023585],
[0.00023269],
[0.00022953],
[0.00022638],
[-17.3275],
[2.1488],
[0.28346],
[0.10501]],
[[0.0061417],
[0.0054798],
[0.0048206],
[0.0041913],
[0.0085096],
[0.0074566],
[0.0064091],
[0.0054254],
[0.0045099],
[0.0040871],
[0.0036655],
[0.0032581],
[0.01207],
[0.010354],
[0.0086501],
[0.0070851],
[0.0033786],
[0.0031041],
[0.0028301],
[0.0025629],
[0.017866],
[0.014941],
[0.012042],
[0.0094613],
[0.0025609],
[0.0023819],
[0.0022032],
[0.0020276],
[0.027999],
[0.022695],
[0.017448],
[0.012986],
[0.0019475],
[0.0018318],
[0.0017163],
[0.0016022],
[0.047501],
[0.037018],
[0.026656],
[0.018433],
[0.0014708],
[0.001398],
[0.0013252],
[0.0012531],
[0.090509],
[0.06706],
[0.043788],
[0.027272],
[0.0010872],
[0.0010436],
[0.0010001],
[0.00095673],
[0.20751],
[0.14424],
[0.079944],
[0.042498],
[0.00076717],
[0.00074341],
[0.00071965],
[0.00069595],
[0.66903],
[0.43802],
[0.17321],
[0.070956],
[0.0004897],
[0.0004789],
[0.00046809],
[0.0004573],
[5.7032],
[4.3949],
[0.52932],
[0.13247],
[0.00023902],
[0.00023587],
[0.00023271],
[0.00022956],
[-15.1818],
[-17.0599],
[3.0454],
[0.338]],
[[0.0062804],
[0.0056217],
[0.0049595],
[0.0043217],
[0.0087291],
[0.0076828],
[0.006629],
[0.0056274],
[0.0046007],
[0.0041794],
[0.0037564],
[0.0033449],
[0.012432],
[0.010732],
[0.0090135],
[0.0074093],
[0.0034403],
[0.0031665],
[0.0028919],
[0.0026226],
[0.018502],
[0.015616],
[0.012682],
[0.01001],
[0.0026039],
[0.0024254],
[0.0022463],
[0.0020697],
[0.029205],
[0.024015],
[0.018675],
[0.013976],
[0.001978],
[0.0018626],
[0.0017469],
[0.0016323],
[0.050021],
[0.039921],
[0.029279],
[0.020373],
[0.0014926],
[0.0014199],
[0.0013471],
[0.0012747],
[0.096452],
[0.07462],
[0.050334],
[0.031491],
[0.0011026],
[0.0010591],
[0.0010155],
[0.00097209],
[0.22364],
[0.16971],
[0.10068],
[0.053086],
[0.00077772],
[0.00075398],
[0.00073021],
[0.00070647],
[0.71771],
[0.56917],
[0.27551],
[0.10406],
[0.00049628],
[0.00048549],
[0.00047469],
[0.00046389],
[5.831],
[5.5277],
[2.7919],
[0.29883],
[0.0002422],
[0.00023905],
[0.00023589],
[0.00023273],
[-15.0081],
[-15.1758],
[-17.9565],
[5.7573]],
[[0.0064176],
[0.0057634],
[0.0050995],
[0.0044543],
[0.0089455],
[0.0079087],
[0.0068513],
[0.005834],
[0.0046908],
[0.0042717],
[0.0038479],
[0.0034328],
[0.012787],
[0.011109],
[0.0093825],
[0.0077435],
[0.0035016],
[0.0032289],
[0.0029539],
[0.0026829],
[0.019119],
[0.016289],
[0.013337],
[0.010582],
[0.0026468],
[0.0024688],
[0.0022895],
[0.0021121],
[0.030358],
[0.025325],
[0.019942],
[0.015031],
[0.0020084],
[0.0018933],
[0.0017776],
[0.0016625],
[0.052361],
[0.042781],
[0.032038],
[0.022507],
[0.0015143],
[0.0014418],
[0.001369],
[0.0012964],
[0.10166],
[0.081912],
[0.057455],
[0.036411],
[0.001118],
[0.0010746],
[0.001031],
[0.00098749],
[0.23614],
[0.19262],
[0.12489],
[0.066938],
[0.00078824],
[0.00076455],
[0.00074078],
[0.00071702],
[0.74675],
[0.65715],
[0.41652],
[0.16104],
[0.00050286],
[0.00049209],
[0.00048129],
[0.00047048],
[5.8814],
[5.7715],
[5.1577],
[1.2539],
[0.00024537],
[0.00024222],
[0.00023907],
[0.00023591],
[-14.9605],
[-15.0073],
[-15.1945],
[-20.6684]]