       1    541   417   414   368   583  1102  1106  1280
       2    583  1102  1106  1280   584  1103  1108  1486
       3    584  1103  1108  1486   585  1104  1110  1692
       4    585  1104  1110  1692   608  1101  1111    45
       5    369   420   416   361  1281  1090  1094  1119
       6   1281  1090  1094  1119  1487  1091  1096  1325
       7   1487  1091  1096  1325  1693  1092  1098  1531
       8   1693  1092  1098  1531    44  1089  1099    52
       9    370   433   435   371  1282  1026  1018  1283
      10   1282  1026  1018  1283  1488  1027  1020  1489
      11   1488  1027  1020  1489  1694  1028  1022  1695
      12   1694  1028  1022  1695    43  1025  1023    42
      13    506   436   431   505   736  1030  1034   739
      14    736  1030  1034   739   735  1031  1036   738
      15    735  1031  1036   738   734  1032  1038   737
      16    734  1032  1038   737   781  1029  1039   780
      17    372   424   419   373  1284  1078  1082  1285
      18   1284  1078  1082  1285  1490  1079  1084  1491
      19   1490  1079  1084  1491  1696  1080  1086  1697
      20   1696  1080  1086  1697    41  1077  1087    40
      21    505   431   430   374   739  1034  1033  1286
      22    739  1034  1033  1286   738  1036  1035  1492
      23    738  1036  1035  1492   737  1038  1037  1698
      24    737  1038  1037  1698   780  1039  1040    39
      25    373   419   418   362  1285  1082  1081  1118
      26   1285  1082  1081  1118  1491  1084  1083  1324
      27   1491  1084  1083  1324  1697  1086  1085  1530
      28   1697  1086  1085  1530    40  1087  1088    51
      29    362   418   420   369  1118  1081  1090  1281
      30   1118  1081  1090  1281  1324  1083  1091  1487
      31   1324  1083  1091  1487  1530  1085  1092  1693
      32   1530  1085  1092  1693    51  1088  1089    44
      33    368   414   413   375  1280  1106  1105  1287
      34   1280  1106  1105  1287  1486  1108  1107  1493
      35   1486  1108  1107  1493  1692  1110  1109  1699
      36   1692  1110  1109  1699    45  1111  1112    38
      37    376   422   424   372  1288  1065  1078  1284
      38   1288  1065  1078  1284  1494  1067  1079  1490
      39   1494  1067  1079  1490  1700  1069  1080  1696
      40   1700  1069  1080  1696    37  1072  1077    41
      41    367   434   436   506  1113  1017  1030   736
      42   1113  1017  1030   736  1319  1019  1031   735
      43   1319  1019  1031   735  1525  1021  1032   734
      44   1525  1021  1032   734    46  1024  1029   781
      45    371   435   434   367  1283  1018  1017  1113
      46   1283  1018  1017  1113  1489  1020  1019  1319
      47   1489  1020  1019  1319  1695  1022  1021  1525
      48   1695  1022  1021  1525    42  1023  1024    46
      49    377   427   429   378  1289  1045  1054  1290
      50   1289  1045  1054  1290  1495  1047  1055  1496
      51   1495  1047  1055  1496  1701  1049  1056  1702
      52   1701  1049  1056  1702    36  1052  1053    35
      53    540   415   417   541   586  1093  1102   583
      54    586  1093  1102   583   587  1095  1103   584
      55    587  1095  1103   584   588  1097  1104   585
      56    588  1097  1104   585   609  1100  1101   608
      57    365   425   433   370  1115  1057  1026  1282
      58   1115  1057  1026  1282  1321  1059  1027  1488
      59   1321  1059  1027  1488  1527  1061  1028  1694
      60   1527  1061  1028  1694    48  1064  1025    43
      61    364   426   425   365  1116  1058  1057  1115
      62   1116  1058  1057  1115  1322  1060  1059  1321
      63   1322  1060  1059  1321  1528  1062  1061  1527
      64   1528  1062  1061  1527    49  1063  1064    48
      65    378   429   426   364  1290  1054  1058  1116
      66   1290  1054  1058  1116  1496  1055  1060  1322
      67   1496  1055  1060  1322  1702  1056  1062  1528
      68   1702  1056  1062  1528    35  1053  1063    49
      69    379   428   427   377  1291  1046  1045  1289
      70   1291  1046  1045  1289  1497  1048  1047  1495
      71   1497  1048  1047  1495  1703  1050  1049  1701
      72   1703  1050  1049  1701    34  1051  1052    36
      73    380   423   422   376  1292  1066  1065  1288
      74   1292  1066  1065  1288  1498  1068  1067  1494
      75   1498  1068  1067  1494  1704  1070  1069  1700
      76   1704  1070  1069  1700    33  1071  1072    37
      77    366   432   428   379  1114  1042  1046  1291
      78   1114  1042  1046  1291  1320  1043  1048  1497
      79   1320  1043  1048  1497  1526  1044  1050  1703
      80   1526  1044  1050  1703    47  1041  1051    34
      81    374   430   432   366  1286  1033  1042  1114
      82   1286  1033  1042  1114  1492  1035  1043  1320
      83   1492  1035  1043  1320  1698  1037  1044  1526
      84   1698  1037  1044  1526    39  1040  1041    47
      85    363   421   423   380  1117  1074  1066  1292
      86   1117  1074  1066  1292  1323  1075  1068  1498
      87   1323  1075  1068  1498  1529  1076  1070  1704
      88   1529  1076  1070  1704    50  1073  1071    33
      89    361   416   415   540  1119  1094  1093   586
      90   1119  1094  1093   586  1325  1096  1095   587
      91   1325  1096  1095   587  1531  1098  1097   588
      92   1531  1098  1097   588    52  1099  1100   609
      93    375   413   421   363  1287  1105  1074  1117
      94   1287  1105  1074  1117  1493  1107  1075  1323
      95   1493  1107  1075  1323  1699  1109  1076  1529
      96   1699  1109  1076  1529    38  1112  1073    50
      97    361   540   539   360  1119   586   589  1120
      98   1119   586   589  1120  1325   587   590  1326
      99   1325   587   590  1326  1531   588   591  1532
     100   1531   588   591  1532    52   609   610    53
     101    360   539   538   348  1120   589   592  1132
     102   1120   589   592  1132  1326   590   593  1338
     103   1326   590   593  1338  1532   591   594  1544
     104   1532   591   594  1544    53   610   611    65
     105    372   527   526   376  1284   646   649  1288
     106   1284   646   649  1288  1490   647   650  1494
     107   1490   647   650  1494  1696   648   651  1700
     108   1696   648   651  1700    41   685   686    37
     109    528   527   372   373   643   646  1284  1285
     110    643   646  1284  1285   644   647  1490  1491
     111    644   647  1490  1491   645   648  1696  1697
     112    645   648  1696  1697   684   685    41    40
     113    529   528   373   362   640   643  1285  1118
     114    640   643  1285  1118   641   644  1491  1324
     115    641   644  1491  1324   642   645  1697  1530
     116    642   645  1697  1530   683   684    40    51
     117    380   376   526   525  1292  1288   649   652
     118   1292  1288   649   652  1498  1494   650   653
     119   1498  1494   650   653  1704  1700   651   654
     120   1704  1700   651   654    33    37   686   687
     121    364   478   479   378  1116   840   837  1290
     122   1116   840   837  1290  1322   839   836  1496
     123   1322   839   836  1496  1528   838   835  1702
     124   1528   838   835  1702    49   853   854    35
     125    377   378   479   480  1289  1290   837   834
     126   1289  1290   837   834  1495  1496   836   833
     127   1495  1496   836   833  1701  1702   835   832
     128   1701  1702   835   832    36    35   854   855
     129    379   377   480   481  1291  1289   834   831
     130   1291  1289   834   831  1497  1495   833   830
     131   1497  1495   833   830  1703  1701   832   829
     132   1703  1701   832   829    34    36   855   856
     133    352   504   505   374  1128   742   739  1286
     134   1128   742   739  1286  1334   741   738  1492
     135   1334   741   738  1492  1540   740   737  1698
     136   1540   740   737  1698    61   779   780    39
     137    381   477   478   364  1293   843   840  1116
     138   1293   843   840  1116  1499   842   839  1322
     139   1499   842   839  1322  1705   841   838  1528
     140   1705   841   838  1528    32   852   853    49
     141    382   542   541   368  1294   580   583  1280
     142   1294   580   583  1280  1500   581   584  1486
     143   1500   581   584  1486  1706   582   585  1692
     144   1706   582   585  1692    31   607   608    45
     145    367   506   507   383  1113   736   733  1295
     146   1113   736   733  1295  1319   735   732  1501
     147   1319   735   732  1501  1525   734   731  1707
     148   1525   734   731  1707    46   781   782    30
     149    318   493   490   475  1162   791   802   849
     150   1162   791   802   849  1368   790   803   848
     151   1368   790   803   848  1574   789   804   847
     152   1574   789   804   847    95   800   801   850
     153    356   474   472   384  1124   866   910  1296
     154   1124   866   910  1296  1330   867   909  1502
     155   1330   867   909  1502  1536   868   908  1708
     156   1536   868   908  1708    57   865   911    29
     157    310   459   473   452  1170   871   926   949
     158   1170   871   926   949  1376   870   927   948
     159   1376   870   927   948  1582   869   928   947
     160   1582   869   928   947   103   924   925   950
     161    293   458   451   437  1187   931   958  1002
     162   1187   931   958  1002  1393   930   959  1001
     163   1393   930   959  1001  1599   929   960  1000
     164   1599   929   960  1000   120   956   957  1003
     165    293   437   438   292  1187  1002   999  1188
     166   1187  1002   999  1188  1393  1001   998  1394
     167   1393  1001   998  1394  1599  1000   997  1600
     168   1599  1000   997  1600   120  1003  1004   121
     169    292   438   439   291  1188   999   996  1189
     170   1188   999   996  1189  1394   998   995  1395
     171   1394   998   995  1395  1600   997   994  1601
     172   1600   997   994  1601   121  1004  1005   122
     173    385   450   536   355  1297   963   614  1125
     174   1297   963   614  1125  1503   962   615  1331
     175   1503   962   615  1331  1709   961   616  1537
     176   1709   961   616  1537    28  1016   613    58
     177    347   537   552   533  1133   595   618   621
     178   1133   595   618   621  1339   596   619   622
     179   1339   596   619   622  1545   597   620   623
     180   1545   597   620   623    66   612   617   630
     181    386   535   532   530  1298   627   634   637
     182   1298   627   634   637  1504   628   635   638
     183   1504   628   635   638  1710   629   636   639
     184   1710   629   636   639    27   632   633   682
     185    319   509   494   491  1161   727   786   797
     186   1161   727   786   797  1367   726   787   796
     187   1367   726   787   796  1573   725   788   795
     188   1573   725   788   795    94   784   785   798
     189    357   489   474   387  1123   807   866  1299
     190   1123   807   866  1299  1329   806   867  1505
     191   1329   806   867  1505  1535   805   868  1711
     192   1535   805   868  1711    56   864   865    26
     193    359   536   551   388  1121   614   553  1300
     194   1121   614   553  1300  1327   615   554  1506
     195   1327   615   554  1506  1533   616   555  1712
     196   1533   616   555  1712    54   613   598    25
     197    358   476   477   381  1122   846   843  1293
     198   1122   846   843  1293  1328   845   842  1499
     199   1328   845   842  1499  1534   844   841  1705
     200   1534   844   841  1705    55   851   852    32
     201    318   475   476   358  1162   849   846  1122
     202   1162   849   846  1122  1368   848   845  1328
     203   1368   848   845  1328  1574   847   844  1534
     204   1574   847   844  1534    95   850   851    55
     205    380   525   524   351  1292   652   655  1129
     206   1292   652   655  1129  1498   653   656  1335
     207   1498   653   656  1335  1704   654   657  1541
     208   1704   654   657  1541    33   687   688    62
     209    320   503   504   352  1160   745   742  1128
     210   1160   745   742  1128  1366   744   741  1334
     211   1366   744   741  1334  1572   743   740  1540
     212   1572   743   740  1540    93   778   779    61
     213    310   452   453   298  1170   949   946  1182
     214   1170   949   946  1182  1376   948   945  1388
     215   1376   948   945  1388  1582   947   944  1594
     216   1582   947   944  1594   103   950   951   115
     217    298   453   454   297  1182   946   943  1183
     218   1182   946   943  1183  1388   945   942  1389
     219   1388   945   942  1389  1594   944   941  1595
     220   1594   944   941  1595   115   951   952   116
     221    308   461   460   309  1172   877   874  1171
     222   1172   877   874  1171  1378   876   873  1377
     223   1378   876   873  1377  1584   875   872  1583
     224   1584   875   872  1583   105   922   923   104
     225    309   460   459   310  1171   874   871  1170
     226   1171   874   871  1170  1377   873   870  1376
     227   1377   873   870  1376  1583   872   869  1582
     228   1583   872   869  1582   104   923   924   103
     229    337   517   516   389  1143   676   679  1301
     230   1143   676   679  1301  1349   677   680  1507
     231   1349   677   680  1507  1555   678   681  1713
     232   1555   678   681  1713    76   695   696    24
     233    389   516   531   338  1301   679   698  1142
     234   1301   679   698  1142  1507   680   699  1348
     235   1507   680   699  1348  1713   681   700  1554
     236   1713   681   700  1554    24   696   697    75
     237    328   510   495   390  1152   722   769  1302
     238   1152   722   769  1302  1358   723   768  1508
     239   1358   723   768  1508  1564   724   767  1714
     240   1564   724   767  1714    85   721   770    23
     241    390   495   496   327  1302   769   766  1153
     242   1302   769   766  1153  1508   768   765  1359
     243   1508   768   765  1359  1714   767   764  1565
     244   1714   767   764  1565    23   770   771    86
     245    348   538   537   347  1132   592   595  1133
     246   1132   592   595  1133  1338   593   596  1339
     247   1338   593   596  1339  1544   594   597  1545
     248   1544   594   597  1545    65   611   612    66
     249    386   530   529   362  1298   637   640  1118
     250   1298   637   640  1118  1504   638   641  1324
     251   1504   638   641  1324  1710   639   642  1530
     252   1710   639   642  1530    27   682   683    51
     253    351   524   523   331  1129   655   658  1149
     254   1129   655   658  1149  1335   656   659  1355
     255   1335   656   659  1355  1541   657   660  1561
     256   1541   657   660  1561    62   688   689    82
     257    321   502   503   320  1159   748   745  1160
     258   1159   748   745  1160  1365   747   744  1366
     259   1365   747   744  1366  1571   746   743  1572
     260   1571   746   743  1572    92   777   778    93
     261    383   507   508   354  1295   733   730  1126
     262   1295   733   730  1126  1501   732   729  1332
     263   1501   732   729  1332  1707   731   728  1538
     264   1707   731   728  1538    30   782   783    59
     265    354   508   509   319  1126   730   727  1161
     266   1126   730   727  1161  1332   729   726  1367
     267   1332   729   726  1367  1538   728   725  1573
     268   1538   728   725  1573    59   783   784    94
     269    331   523   522   332  1149   658   661  1148
     270   1149   658   661  1148  1355   659   662  1354
     271   1355   659   662  1354  1561   660   663  1560
     272   1561   660   663  1560    82   689   690    81
     273    322   501   502   321  1158   751   748  1159
     274   1158   751   748  1159  1364   750   747  1365
     275   1364   750   747  1365  1570   749   746  1571
     276   1570   749   746  1571    91   776   777    92
     277    332   522   521   333  1148   661   664  1147
     278   1148   661   664  1147  1354   662   665  1353
     279   1354   662   665  1353  1560   663   666  1559
     280   1560   663   666  1559    81   690   691    80
     281    333   521   520   334  1147   664   667  1146
     282   1147   664   667  1146  1353   665   668  1352
     283   1353   665   668  1352  1559   666   669  1558
     284   1559   666   669  1558    80   691   692    79
     285    334   520   519   335  1146   667   670  1145
     286   1146   667   670  1145  1352   668   671  1351
     287   1352   668   671  1351  1558   669   672  1557
     288   1558   669   672  1557    79   692   693    78
     289    335   519   518   336  1145   670   673  1144
     290   1145   670   673  1144  1351   671   674  1350
     291   1351   671   674  1350  1557   672   675  1556
     292   1557   672   675  1556    78   693   694    77
     293    336   518   517   337  1144   673   676  1143
     294   1144   673   676  1143  1350   674   677  1349
     295   1350   674   677  1349  1556   675   678  1555
     296   1556   675   678  1555    77   694   695    76
     297    327   496   497   326  1153   766   763  1154
     298   1153   766   763  1154  1359   765   762  1360
     299   1359   765   762  1360  1565   764   761  1566
     300   1565   764   761  1566    86   771   772    87
     301    326   497   498   325  1154   763   760  1155
     302   1154   763   760  1155  1360   762   759  1361
     303   1360   762   759  1361  1566   761   758  1567
     304   1566   761   758  1567    87   772   773    88
     305    325   498   499   324  1155   760   757  1156
     306   1155   760   757  1156  1361   759   756  1362
     307   1361   759   756  1362  1567   758   755  1568
     308   1567   758   755  1568    88   773   774    89
     309    324   499   500   323  1156   757   754  1157
     310   1156   757   754  1157  1362   756   753  1363
     311   1362   756   753  1363  1568   755   752  1569
     312   1568   755   752  1569    89   774   775    90
     313    323   500   501   322  1157   754   751  1158
     314   1157   754   751  1158  1363   753   750  1364
     315   1363   753   750  1364  1569   752   749  1570
     316   1569   752   749  1570    90   775   776    91
     317    338   531   511   330  1142   698   715  1150
     318   1142   698   715  1150  1348   699   714  1356
     319   1348   699   714  1356  1554   700   713  1562
     320   1554   700   713  1562    75   697   716    83
     321    304   466   465   305  1176   892   889  1175
     322   1176   892   889  1175  1382   891   888  1381
     323   1382   891   888  1381  1588   890   887  1587
     324   1588   890   887  1587   109   917   918   108
     325    305   465   464   306  1175   889   886  1174
     326   1175   889   886  1174  1381   888   885  1380
     327   1381   888   885  1380  1587   887   884  1586
     328   1587   887   884  1586   108   918   919   107
     329    306   464   463   307  1174   886   883  1173
     330   1174   886   883  1173  1380   885   882  1379
     331   1380   885   882  1379  1586   884   881  1585
     332   1586   884   881  1585   107   919   920   106
     333    307   463   462   391  1173   883   880  1303
     334   1173   883   880  1303  1379   882   879  1509
     335   1379   882   879  1509  1585   881   878  1715
     336   1585   881   878  1715   106   920   921    22
     337    391   462   461   308  1303   880   877  1172
     338   1303   880   877  1172  1509   879   876  1378
     339   1509   879   876  1378  1715   878   875  1584
     340   1715   878   875  1584    22   921   922   105
     341    288   443   444   287  1192   984   981  1193
     342   1192   984   981  1193  1398   983   980  1399
     343   1398   983   980  1399  1604   982   979  1605
     344   1604   982   979  1605   125  1009  1010   126
     345    311   488   489   357  1169   810   807  1123
     346   1169   810   807  1123  1375   809   806  1329
     347   1375   809   806  1329  1581   808   805  1535
     348   1581   808   805  1535   102   863   864    56
     349    297   454   455   296  1183   943   940  1184
     350   1183   943   940  1184  1389   942   939  1390
     351   1389   942   939  1390  1595   941   938  1596
     352   1595   941   938  1596   116   952   953   117
     353    388   551   550   339  1300   553   556  1141
     354   1300   553   556  1141  1506   554   557  1347
     355   1506   554   557  1347  1712   555   558  1553
     356   1712   555   558  1553    25   598   599    74
     357    379   481   482   317  1291   831   828  1163
     358   1291   831   828  1163  1497   830   827  1369
     359   1497   830   827  1369  1703   829   826  1575
     360   1703   829   826  1575    34   856   857    96
     361    317   482   483   316  1163   828   825  1164
     362   1163   828   825  1164  1369   827   824  1370
     363   1369   827   824  1370  1575   826   823  1576
     364   1575   826   823  1576    96   857   858    97
     365    316   483   484   315  1164   825   822  1165
     366   1164   825   822  1165  1370   824   821  1371
     367   1370   824   821  1371  1576   823   820  1577
     368   1576   823   820  1577    97   858   859    98
     369    315   484   485   314  1165   822   819  1166
     370   1165   822   819  1166  1371   821   818  1372
     371   1371   821   818  1372  1577   820   817  1578
     372   1577   820   817  1578    98   859   860    99
     373    314   485   486   313  1166   819   816  1167
     374   1166   819   816  1167  1372   818   815  1373
     375   1372   818   815  1373  1578   817   814  1579
     376   1578   817   814  1579    99   860   861   100
     377    313   486   487   312  1167   816   813  1168
     378   1167   816   813  1168  1373   815   812  1374
     379   1373   815   812  1374  1579   814   811  1580
     380   1579   814   811  1580   100   861   862   101
     381    312   487   488   311  1168   813   810  1169
     382   1168   813   810  1169  1374   812   809  1375
     383   1374   812   809  1375  1580   811   808  1581
     384   1580   811   808  1581   101   862   863   102
     385    384   472   471   299  1296   910   907  1181
     386   1296   910   907  1181  1502   909   906  1387
     387   1502   909   906  1387  1708   908   905  1593
     388   1708   908   905  1593    29   911   912   114
     389    299   471   470   300  1181   907   904  1180
     390   1181   907   904  1180  1387   906   903  1386
     391   1387   906   903  1386  1593   905   902  1592
     392   1593   905   902  1592   114   912   913   113
     393    300   470   469   301  1180   904   901  1179
     394   1180   904   901  1179  1386   903   900  1385
     395   1386   903   900  1385  1592   902   899  1591
     396   1592   902   899  1591   113   913   914   112
     397    301   469   468   302  1179   901   898  1178
     398   1179   901   898  1178  1385   900   897  1384
     399   1385   900   897  1384  1591   899   896  1590
     400   1591   899   896  1590   112   914   915   111
     401    302   468   467   303  1178   898   895  1177
     402   1178   898   895  1177  1384   897   894  1383
     403   1384   897   894  1383  1590   896   893  1589
     404   1590   896   893  1589   111   915   916   110
     405    303   467   466   304  1177   895   892  1176
     406   1177   895   892  1176  1383   894   891  1382
     407   1383   894   891  1382  1589   893   890  1588
     408   1589   893   890  1588   110   916   917   109
     409    339   550   549   340  1141   556   559  1140
     410   1141   556   559  1140  1347   557   560  1346
     411   1347   557   560  1346  1553   558   561  1552
     412   1553   558   561  1552    74   599   600    73
     413    340   549   548   341  1140   559   562  1139
     414   1140   559   562  1139  1346   560   563  1345
     415   1346   560   563  1345  1552   561   564  1551
     416   1552   561   564  1551    73   600   601    72
     417    341   548   547   342  1139   562   565  1138
     418   1139   562   565  1138  1345   563   566  1344
     419   1345   563   566  1344  1551   564   567  1550
     420   1551   564   567  1550    72   601   602    71
     421    342   547   546   343  1138   565   568  1137
     422   1138   565   568  1137  1344   566   569  1343
     423   1344   566   569  1343  1550   567   570  1549
     424   1550   567   570  1549    71   602   603    70
     425    343   546   545   344  1137   568   571  1136
     426   1137   568   571  1136  1343   569   572  1342
     427   1343   569   572  1342  1549   570   573  1548
     428   1549   570   573  1548    70   603   604    69
     429    344   545   544   345  1136   571   574  1135
     430   1136   571   574  1135  1342   572   575  1341
     431   1342   572   575  1341  1548   573   576  1547
     432   1548   573   576  1547    69   604   605    68
     433    345   544   543   349  1135   574   577  1131
     434   1135   574   577  1131  1341   575   578  1337
     435   1341   575   578  1337  1547   576   579  1543
     436   1547   576   579  1543    68   605   606    64
     437    349   543   542   382  1131   577   580  1294
     438   1131   577   580  1294  1337   578   581  1500
     439   1337   578   581  1500  1543   579   582  1706
     440   1543   579   582  1706    64   606   607    31
     441    296   455   456   295  1184   940   937  1185
     442   1184   940   937  1185  1390   939   936  1391
     443   1390   939   936  1391  1596   938   935  1597
     444   1596   938   935  1597   117   953   954   118
     445    295   456   457   294  1185   937   934  1186
     446   1185   937   934  1186  1391   936   933  1392
     447   1391   936   933  1392  1597   935   932  1598
     448   1597   935   932  1598   118   954   955   119
     449    294   457   458   293  1186   934   931  1187
     450   1186   934   931  1187  1392   933   930  1393
     451   1392   933   930  1393  1598   932   929  1599
     452   1598   932   929  1599   119   955   956   120
     453    287   444   445   286  1193   981   978  1194
     454   1193   981   978  1194  1399   980   977  1400
     455   1399   980   977  1400  1605   979   976  1606
     456   1605   979   976  1606   126  1010  1011   127
     457    286   445   446   285  1194   978   975  1195
     458   1194   978   975  1195  1400   977   974  1401
     459   1400   977   974  1401  1606   976   973  1607
     460   1606   976   973  1607   127  1011  1012   128
     461    285   446   447   284  1195   975   972  1196
     462   1195   975   972  1196  1401   974   971  1402
     463   1401   974   971  1402  1607   973   970  1608
     464   1607   973   970  1608   128  1012  1013   129
     465    284   447   448   283  1196   972   969  1197
     466   1196   972   969  1197  1402   971   968  1403
     467   1402   971   968  1403  1608   970   967  1609
     468   1608   970   967  1609   129  1013  1014   130
     469    283   448   449   282  1197   969   966  1198
     470   1197   969   966  1198  1403   968   965  1404
     471   1403   968   965  1404  1609   967   964  1610
     472   1609   967   964  1610   130  1014  1015   131
     473    282   449   450   385  1198   966   963  1297
     474   1198   966   963  1297  1404   965   962  1503
     475   1404   965   962  1503  1610   964   961  1709
     476   1610   964   961  1709   131  1015  1016    28
     477    290   440   441   239  1190   993   990  1241
     478   1190   993   990  1241  1396   992   989  1447
     479   1396   992   989  1447  1602   991   988  1653
     480   1602   991   988  1653   123  1006  1007   174
     481    291   439   440   290  1189   996   993  1190
     482   1189   996   993  1190  1395   995   992  1396
     483   1395   995   992  1396  1601   994   991  1602
     484   1601   994   991  1602   122  1005  1006   123
     485    289   442   443   288  1191   987   984  1192
     486   1191   987   984  1192  1397   986   983  1398
     487   1397   986   983  1398  1603   985   982  1604
     488   1603   985   982  1604   124  1008  1009   125
     489    239   441   442   289  1241   990   987  1191
     490   1241   990   987  1191  1447   989   986  1397
     491   1447   989   986  1397  1653   988   985  1603
     492   1653   988   985  1603   174  1007  1008   124
     493    278   492   493   318  1202   794   791  1162
     494   1202   794   791  1162  1408   793   790  1368
     495   1408   793   790  1368  1614   792   789  1574
     496   1614   792   789  1574   135   799   800    95
     497    319   491   492   278  1161   797   794  1202
     498   1161   797   794  1202  1367   796   793  1408
     499   1367   796   793  1408  1573   795   792  1614
     500   1573   795   792  1614    94   798   799   135
     501    346   534   535   386  1134   624   627  1298
     502   1134   624   627  1298  1340   625   628  1504
     503   1340   625   628  1504  1546   626   629  1710
     504   1546   626   629  1710    67   631   632    27
     505    347   533   534   346  1133   621   624  1134
     506   1133   621   624  1134  1339   622   625  1340
     507   1339   622   625  1340  1545   623   626  1546
     508   1545   623   626  1546    66   630   631    67
     509    346   386   362   369  1134  1298  1118  1281
     510   1134  1298  1118  1281  1340  1504  1324  1487
     511   1340  1504  1324  1487  1546  1710  1530  1693
     512   1546  1710  1530  1693    67    27    51    44
     513    329   515   510   328  1151   703   722  1152
     514   1151   703   722  1152  1357   702   723  1358
     515   1357   702   723  1358  1563   701   724  1564
     516   1563   701   724  1564    84   720   721    85
     517    330   511   512   228  1150   715   712  1252
     518   1150   715   712  1252  1356   714   711  1458
     519   1356   714   711  1458  1562   713   710  1664
     520   1562   713   710  1664    83   716   717   185
     521    228   512   513   212  1252   712   709  1272
     522   1252   712   709  1272  1458   711   708  1478
     523   1458   711   708  1478  1664   710   707  1684
     524   1664   710   707  1684   185   717   718   201
     525    212   513   514   210  1272   709   706  1276
     526   1272   709   706  1276  1478   708   705  1482
     527   1478   708   705  1482  1684   707   704  1688
     528   1684   707   704  1688   201   718   719   203
     529    210   514   515   329  1276   706   703  1151
     530   1276   706   703  1151  1482   705   702  1357
     531   1482   705   702  1357  1688   704   701  1563
     532   1688   704   701  1563   203   719   720    84
     533    371   367   383   392  1283  1113  1295  1304
     534   1283  1113  1295  1304  1489  1319  1501  1510
     535   1489  1319  1501  1510  1695  1525  1707  1716
     536   1695  1525  1707  1716    42    46    30    21
     537    392   383   354   353  1304  1295  1126  1127
     538   1304  1295  1126  1127  1510  1501  1332  1333
     539   1510  1501  1332  1333  1716  1707  1538  1539
     540   1716  1707  1538  1539    21    30    59    60
     541    353   354   319   278  1127  1126  1161  1202
     542   1127  1126  1161  1202  1333  1332  1367  1408
     543   1333  1332  1367  1408  1539  1538  1573  1614
     544   1539  1538  1573  1614    60    59    94   135
     545    353   278   318   358  1127  1202  1162  1122
     546   1127  1202  1162  1122  1333  1408  1368  1328
     547   1333  1408  1368  1328  1539  1614  1574  1534
     548   1539  1614  1574  1534    60   135    95    55
     549    353   358   381   393  1127  1122  1293  1305
     550   1127  1122  1293  1305  1333  1328  1499  1511
     551   1333  1328  1499  1511  1539  1534  1705  1717
     552   1539  1534  1705  1717    60    55    32    20
     553    393   381   364   365  1305  1293  1116  1115
     554   1305  1293  1116  1115  1511  1499  1322  1321
     555   1511  1499  1322  1321  1717  1705  1528  1527
     556   1717  1705  1528  1527    20    32    49    48
     557    394   392   353   393  1306  1304  1127  1305
     558   1306  1304  1127  1305  1512  1510  1333  1511
     559   1512  1510  1333  1511  1718  1716  1539  1717
     560   1718  1716  1539  1717    19    21    60    20
     561    394   393   365   370  1306  1305  1115  1282
     562   1306  1305  1115  1282  1512  1511  1321  1488
     563   1512  1511  1321  1488  1718  1717  1527  1694
     564   1718  1717  1527  1694    19    20    48    43
     565    370   371   392   394  1282  1283  1304  1306
     566   1282  1283  1304  1306  1488  1489  1510  1512
     567   1488  1489  1510  1512  1694  1695  1716  1718
     568   1694  1695  1716  1718    43    42    21    19
     569    395   382   368   375  1307  1294  1280  1287
     570   1307  1294  1280  1287  1513  1500  1486  1493
     571   1513  1500  1486  1493  1719  1706  1692  1699
     572   1719  1706  1692  1699    18    31    45    38
     573    294   293   292   241  1186  1187  1188  1239
     574   1186  1187  1188  1239  1392  1393  1394  1445
     575   1392  1393  1394  1445  1598  1599  1600  1651
     576   1598  1599  1600  1651   119   120   121   172
     577    241   292   291   396  1239  1188  1189  1308
     578   1239  1188  1189  1308  1445  1394  1395  1514
     579   1445  1394  1395  1514  1651  1600  1601  1720
     580   1651  1600  1601  1720   172   121   122    17
     581    396   291   290   240  1308  1189  1190  1240
     582   1308  1189  1190  1240  1514  1395  1396  1446
     583   1514  1395  1396  1446  1720  1601  1602  1652
     584   1720  1601  1602  1652    17   122   123   173
     585    240   290   239   407  1240  1190  1241  1264
     586   1240  1190  1241  1264  1446  1396  1447  1470
     587   1446  1396  1447  1470  1652  1602  1653  1676
     588   1652  1602  1653  1676   173   123   174     6
     589    407   239   289   238  1264  1241  1191  1242
     590   1264  1241  1191  1242  1470  1447  1397  1448
     591   1470  1447  1397  1448  1676  1653  1603  1654
     592   1676  1653  1603  1654     6   174   124   175
     593    238   289   288   237  1242  1191  1192  1243
     594   1242  1191  1192  1243  1448  1397  1398  1449
     595   1448  1397  1398  1449  1654  1603  1604  1655
     596   1654  1603  1604  1655   175   124   125   176
     597    237   288   287   236  1243  1192  1193  1244
     598   1243  1192  1193  1244  1449  1398  1399  1450
     599   1449  1398  1399  1450  1655  1604  1605  1656
     600   1655  1604  1605  1656   176   125   126   177
     601    236   287   286   235  1244  1193  1194  1245
     602   1244  1193  1194  1245  1450  1399  1400  1451
     603   1450  1399  1400  1451  1656  1605  1606  1657
     604   1656  1605  1606  1657   177   126   127   178
     605    235   286   285   234  1245  1194  1195  1246
     606   1245  1194  1195  1246  1451  1400  1401  1452
     607   1451  1400  1401  1452  1657  1606  1607  1658
     608   1657  1606  1607  1658   178   127   128   179
     609    234   285   284   233  1246  1195  1196  1247
     610   1246  1195  1196  1247  1452  1401  1402  1453
     611   1452  1401  1402  1453  1658  1607  1608  1659
     612   1658  1607  1608  1659   179   128   129   180
     613    233   284   283   232  1247  1196  1197  1248
     614   1247  1196  1197  1248  1453  1402  1403  1454
     615   1453  1402  1403  1454  1659  1608  1609  1660
     616   1659  1608  1609  1660   180   129   130   181
     617    232   283   282   397  1248  1197  1198  1309
     618   1248  1197  1198  1309  1454  1403  1404  1515
     619   1454  1403  1404  1515  1660  1609  1610  1721
     620   1660  1609  1610  1721   181   130   131    16
     621    397   282   385   270  1309  1198  1297  1210
     622   1309  1198  1297  1210  1515  1404  1503  1416
     623   1515  1404  1503  1416  1721  1610  1709  1622
     624   1721  1610  1709  1622    16   131    28   143
     625    270   385   355   271  1210  1297  1125  1209
     626   1210  1297  1125  1209  1416  1503  1331  1415
     627   1416  1503  1331  1415  1622  1709  1537  1621
     628   1622  1709  1537  1621   143    28    58   142
     629    366   379   317   269  1114  1291  1163  1211
     630   1114  1291  1163  1211  1320  1497  1369  1417
     631   1320  1497  1369  1417  1526  1703  1575  1623
     632   1526  1703  1575  1623    47    34    96   144
     633    352   374   366   269  1128  1286  1114  1211
     634   1128  1286  1114  1211  1334  1492  1320  1417
     635   1334  1492  1320  1417  1540  1698  1526  1623
     636   1540  1698  1526  1623    61    39    47   144
     637    269   317   316   256  1211  1163  1164  1224
     638   1211  1163  1164  1224  1417  1369  1370  1430
     639   1417  1369  1370  1430  1623  1575  1576  1636
     640   1623  1575  1576  1636   144    96    97   157
     641    256   316   315   257  1224  1164  1165  1223
     642   1224  1164  1165  1223  1430  1370  1371  1429
     643   1430  1370  1371  1429  1636  1576  1577  1635
     644   1636  1576  1577  1635   157    97    98   156
     645    257   315   314   258  1223  1165  1166  1222
     646   1223  1165  1166  1222  1429  1371  1372  1428
     647   1429  1371  1372  1428  1635  1577  1578  1634
     648   1635  1577  1578  1634   156    98    99   155
     649    258   314   313   259  1222  1166  1167  1221
     650   1222  1166  1167  1221  1428  1372  1373  1427
     651   1428  1372  1373  1427  1634  1578  1579  1633
     652   1634  1578  1579  1633   155    99   100   154
     653    259   313   312   260  1221  1167  1168  1220
     654   1221  1167  1168  1220  1427  1373  1374  1426
     655   1427  1373  1374  1426  1633  1579  1580  1632
     656   1633  1579  1580  1632   154   100   101   153
     657    260   312   311   261  1220  1168  1169  1219
     658   1220  1168  1169  1219  1426  1374  1375  1425
     659   1426  1374  1375  1425  1632  1580  1581  1631
     660   1632  1580  1581  1631   153   101   102   152
     661    261   311   357   273  1219  1169  1123  1207
     662   1219  1169  1123  1207  1425  1375  1329  1413
     663   1425  1375  1329  1413  1631  1581  1535  1619
     664   1631  1581  1535  1619   152   102    56   140
     665    273   357   387   279  1207  1123  1299  1201
     666   1207  1123  1299  1201  1413  1329  1505  1407
     667   1413  1329  1505  1407  1619  1535  1711  1613
     668   1619  1535  1711  1613   140    56    26   134
     669    309   310   298   255  1171  1170  1182  1225
     670   1171  1170  1182  1225  1377  1376  1388  1431
     671   1377  1376  1388  1431  1583  1582  1594  1637
     672   1583  1582  1594  1637   104   103   115   158
     673    255   298   297   244  1225  1182  1183  1236
     674   1225  1182  1183  1236  1431  1388  1389  1442
     675   1431  1388  1389  1442  1637  1594  1595  1648
     676   1637  1594  1595  1648   158   115   116   169
     677    244   297   296   243  1236  1183  1184  1237
     678   1236  1183  1184  1237  1442  1389  1390  1443
     679   1442  1389  1390  1443  1648  1595  1596  1649
     680   1648  1595  1596  1649   169   116   117   170
     681    243   296   295   242  1237  1184  1185  1238
     682   1237  1184  1185  1238  1443  1390  1391  1444
     683   1443  1390  1391  1444  1649  1596  1597  1650
     684   1649  1596  1597  1650   170   117   118   171
     685    242   295   294   241  1238  1185  1186  1239
     686   1238  1185  1186  1239  1444  1391  1392  1445
     687   1444  1391  1392  1445  1650  1597  1598  1651
     688   1650  1597  1598  1651   171   118   119   172
     689    363   380   351   350  1117  1292  1129  1130
     690   1117  1292  1129  1130  1323  1498  1335  1336
     691   1323  1498  1335  1336  1529  1704  1541  1542
     692   1529  1704  1541  1542    50    33    62    63
     693    395   375   363   350  1307  1287  1117  1130
     694   1307  1287  1117  1130  1513  1493  1323  1336
     695   1513  1493  1323  1336  1719  1699  1529  1542
     696   1719  1699  1529  1542    18    38    50    63
     697    350   351   331   268  1130  1129  1149  1212
     698   1130  1129  1149  1212  1336  1335  1355  1418
     699   1336  1335  1355  1418  1542  1541  1561  1624
     700   1542  1541  1561  1624    63    62    82   145
     701    268   331   332   267  1212  1149  1148  1213
     702   1212  1149  1148  1213  1418  1355  1354  1419
     703   1418  1355  1354  1419  1624  1561  1560  1625
     704   1624  1561  1560  1625   145    82    81   146
     705    267   332   333   266  1213  1148  1147  1214
     706   1213  1148  1147  1214  1419  1354  1353  1420
     707   1419  1354  1353  1420  1625  1560  1559  1626
     708   1625  1560  1559  1626   146    81    80   147
     709    266   333   334   265  1214  1147  1146  1215
     710   1214  1147  1146  1215  1420  1353  1352  1421
     711   1420  1353  1352  1421  1626  1559  1558  1627
     712   1626  1559  1558  1627   147    80    79   148
     713    265   334   335   264  1215  1146  1145  1216
     714   1215  1146  1145  1216  1421  1352  1351  1422
     715   1421  1352  1351  1422  1627  1558  1557  1628
     716   1627  1558  1557  1628   148    79    78   149
     717    264   335   336   263  1216  1145  1144  1217
     718   1216  1145  1144  1217  1422  1351  1350  1423
     719   1422  1351  1350  1423  1628  1557  1556  1629
     720   1628  1557  1556  1629   149    78    77   150
     721    263   336   337   398  1217  1144  1143  1310
     722   1217  1144  1143  1310  1423  1350  1349  1516
     723   1423  1350  1349  1516  1629  1556  1555  1722
     724   1629  1556  1555  1722   150    77    76    15
     725    398   337   389   277  1310  1143  1301  1203
     726   1310  1143  1301  1203  1516  1349  1507  1409
     727   1516  1349  1507  1409  1722  1555  1713  1615
     728   1722  1555  1713  1615    15    76    24   136
     729    277   389   338   276  1203  1301  1142  1204
     730   1203  1301  1142  1204  1409  1507  1348  1410
     731   1409  1507  1348  1410  1615  1713  1554  1616
     732   1615  1713  1554  1616   136    24    75   137
     733    276   338   330   262  1204  1142  1150  1218
     734   1204  1142  1150  1218  1410  1348  1356  1424
     735   1410  1348  1356  1424  1616  1554  1562  1630
     736   1616  1554  1562  1630   137    75    83   151
     737    262   330   228   231  1218  1150  1252  1249
     738   1218  1150  1252  1249  1424  1356  1458  1455
     739   1424  1356  1458  1455  1630  1562  1664  1661
     740   1630  1562  1664  1661   151    83   185   182
     741    231   228   212   215  1249  1252  1272  1269
     742   1249  1252  1272  1269  1455  1458  1478  1475
     743   1455  1458  1478  1475  1661  1664  1684  1681
     744   1661  1664  1684  1681   182   185   201   198
     745    215   212   210   213  1269  1272  1276  1271
     746   1269  1272  1276  1271  1475  1478  1482  1477
     747   1475  1478  1482  1477  1681  1684  1688  1683
     748   1681  1684  1688  1683   198   201   203   200
     749    213   210   329   274  1271  1276  1151  1206
     750   1271  1276  1151  1206  1477  1482  1357  1412
     751   1477  1482  1357  1412  1683  1688  1563  1618
     752   1683  1688  1563  1618   200   203    84   139
     753    274   329   328   279  1206  1151  1152  1201
     754   1206  1151  1152  1201  1412  1357  1358  1407
     755   1412  1357  1358  1407  1618  1563  1564  1613
     756   1618  1563  1564  1613   139    84    85   134
     757    273   279   328   390  1207  1201  1152  1302
     758   1207  1201  1152  1302  1413  1407  1358  1508
     759   1413  1407  1358  1508  1619  1613  1564  1714
     760   1619  1613  1564  1714   140   134    85    23
     761    261   273   390   327  1219  1207  1302  1153
     762   1219  1207  1302  1153  1425  1413  1508  1359
     763   1425  1413  1508  1359  1631  1619  1714  1565
     764   1631  1619  1714  1565   152   140    23    86
     765    260   261   327   326  1220  1219  1153  1154
     766   1220  1219  1153  1154  1426  1425  1359  1360
     767   1426  1425  1359  1360  1632  1631  1565  1566
     768   1632  1631  1565  1566   153   152    86    87
     769    259   260   326   325  1221  1220  1154  1155
     770   1221  1220  1154  1155  1427  1426  1360  1361
     771   1427  1426  1360  1361  1633  1632  1566  1567
     772   1633  1632  1566  1567   154   153    87    88
     773    258   259   325   324  1222  1221  1155  1156
     774   1222  1221  1155  1156  1428  1427  1361  1362
     775   1428  1427  1361  1362  1634  1633  1567  1568
     776   1634  1633  1567  1568   155   154    88    89
     777    257   258   324   323  1223  1222  1156  1157
     778   1223  1222  1156  1157  1429  1428  1362  1363
     779   1429  1428  1362  1363  1635  1634  1568  1569
     780   1635  1634  1568  1569   156   155    89    90
     781    256   257   323   322  1224  1223  1157  1158
     782   1224  1223  1157  1158  1430  1429  1363  1364
     783   1430  1429  1363  1364  1636  1635  1569  1570
     784   1636  1635  1569  1570   157   156    90    91
     785    321   320   352   269  1159  1160  1128  1211
     786   1159  1160  1128  1211  1365  1366  1334  1417
     787   1365  1366  1334  1417  1571  1572  1540  1623
     788   1571  1572  1540  1623    92    93    61   144
     789    269   256   322   321  1211  1224  1158  1159
     790   1211  1224  1158  1159  1417  1430  1364  1365
     791   1417  1430  1364  1365  1623  1636  1570  1571
     792   1623  1636  1570  1571   144   157    91    92
     793    355   536   359   281  1125   614  1121  1199
     794   1125   614  1121  1199  1331   615  1327  1405
     795   1331   615  1327  1405  1537   616  1533  1611
     796   1537   616  1533  1611    58   613    54   132
     797    387   474   356   280  1299   866  1124  1200
     798   1299   866  1124  1200  1505   867  1330  1406
     799   1505   867  1330  1406  1711   868  1536  1612
     800   1711   868  1536  1612    26   865    57   133
     801    274   279   387   280  1206  1201  1299  1200
     802   1206  1201  1299  1200  1412  1407  1505  1406
     803   1412  1407  1505  1406  1618  1613  1711  1612
     804   1618  1613  1711  1612   139   134    26   133
     805    399   308   309   255  1311  1172  1171  1225
     806   1311  1172  1171  1225  1517  1378  1377  1431
     807   1517  1378  1377  1431  1723  1584  1583  1637
     808   1723  1584  1583  1637    14   105   104   158
     809    254   391   308   399  1226  1303  1172  1311
     810   1226  1303  1172  1311  1432  1509  1378  1517
     811   1432  1509  1378  1517  1638  1715  1584  1723
     812   1638  1715  1584  1723   159    22   105    14
     813    253   307   391   254  1227  1173  1303  1226
     814   1227  1173  1303  1226  1433  1379  1509  1432
     815   1433  1379  1509  1432  1639  1585  1715  1638
     816   1639  1585  1715  1638   160   106    22   159
     817    252   306   307   253  1228  1174  1173  1227
     818   1228  1174  1173  1227  1434  1380  1379  1433
     819   1434  1380  1379  1433  1640  1586  1585  1639
     820   1640  1586  1585  1639   161   107   106   160
     821    251   305   306   252  1229  1175  1174  1228
     822   1229  1175  1174  1228  1435  1381  1380  1434
     823   1435  1381  1380  1434  1641  1587  1586  1640
     824   1641  1587  1586  1640   162   108   107   161
     825    250   304   305   251  1230  1176  1175  1229
     826   1230  1176  1175  1229  1436  1382  1381  1435
     827   1436  1382  1381  1435  1642  1588  1587  1641
     828   1642  1588  1587  1641   163   109   108   162
     829    249   303   304   250  1231  1177  1176  1230
     830   1231  1177  1176  1230  1437  1383  1382  1436
     831   1437  1383  1382  1436  1643  1589  1588  1642
     832   1643  1589  1588  1642   164   110   109   163
     833    248   302   303   249  1232  1178  1177  1231
     834   1232  1178  1177  1231  1438  1384  1383  1437
     835   1438  1384  1383  1437  1644  1590  1589  1643
     836   1644  1590  1589  1643   165   111   110   164
     837    247   301   302   248  1233  1179  1178  1232
     838   1233  1179  1178  1232  1439  1385  1384  1438
     839   1439  1385  1384  1438  1645  1591  1590  1644
     840   1645  1591  1590  1644   166   112   111   165
     841    246   300   301   247  1234  1180  1179  1233
     842   1234  1180  1179  1233  1440  1386  1385  1439
     843   1440  1386  1385  1439  1646  1592  1591  1645
     844   1646  1592  1591  1645   167   113   112   166
     845    245   299   300   246  1235  1181  1180  1234
     846   1235  1181  1180  1234  1441  1387  1386  1440
     847   1441  1387  1386  1440  1647  1593  1592  1646
     848   1647  1593  1592  1646   168   114   113   167
     849    272   384   299   245  1208  1296  1181  1235
     850   1208  1296  1181  1235  1414  1502  1387  1441
     851   1414  1502  1387  1441  1620  1708  1593  1647
     852   1620  1708  1593  1647   141    29   114   168
     853    400   356   384   272  1312  1124  1296  1208
     854   1312  1124  1296  1208  1518  1330  1502  1414
     855   1518  1330  1502  1414  1724  1536  1708  1620
     856   1724  1536  1708  1620    13    57    29   141
     857    401   349   382   395  1313  1131  1294  1307
     858   1313  1131  1294  1307  1519  1337  1500  1513
     859   1519  1337  1500  1513  1725  1543  1706  1719
     860   1725  1543  1706  1719    12    64    31    18
     861    268   345   349   401  1212  1135  1131  1313
     862   1212  1135  1131  1313  1418  1341  1337  1519
     863   1418  1341  1337  1519  1624  1547  1543  1725
     864   1624  1547  1543  1725   145    68    64    12
     865    401   395   350   268  1313  1307  1130  1212
     866   1313  1307  1130  1212  1519  1513  1336  1418
     867   1519  1513  1336  1418  1725  1719  1542  1624
     868   1725  1719  1542  1624    12    18    63   145
     869    344   345   268   267  1136  1135  1212  1213
     870   1136  1135  1212  1213  1342  1341  1418  1419
     871   1342  1341  1418  1419  1548  1547  1624  1625
     872   1548  1547  1624  1625    69    68   145   146
     873    343   344   267   266  1137  1136  1213  1214
     874   1137  1136  1213  1214  1343  1342  1419  1420
     875   1343  1342  1419  1420  1549  1548  1625  1626
     876   1549  1548  1625  1626    70    69   146   147
     877    342   343   266   265  1138  1137  1214  1215
     878   1138  1137  1214  1215  1344  1343  1420  1421
     879   1344  1343  1420  1421  1550  1549  1626  1627
     880   1550  1549  1626  1627    71    70   147   148
     881    341   342   265   264  1139  1138  1215  1216
     882   1139  1138  1215  1216  1345  1344  1421  1422
     883   1345  1344  1421  1422  1551  1550  1627  1628
     884   1551  1550  1627  1628    72    71   148   149
     885    340   341   264   263  1140  1139  1216  1217
     886   1140  1139  1216  1217  1346  1345  1422  1423
     887   1346  1345  1422  1423  1552  1551  1628  1629
     888   1552  1551  1628  1629    73    72   149   150
     889    339   340   263   398  1141  1140  1217  1310
     890   1141  1140  1217  1310  1347  1346  1423  1516
     891   1347  1346  1423  1516  1553  1552  1629  1722
     892   1553  1552  1629  1722    74    73   150    15
     893    388   339   398   277  1300  1141  1310  1203
     894   1300  1141  1310  1203  1506  1347  1516  1409
     895   1506  1347  1516  1409  1712  1553  1722  1615
     896   1712  1553  1722  1615    25    74    15   136
     897    359   388   277   276  1121  1300  1203  1204
     898   1121  1300  1203  1204  1327  1506  1409  1410
     899   1327  1506  1409  1410  1533  1712  1615  1616
     900   1533  1712  1615  1616    54    25   136   137
     901    281   359   276   262  1199  1121  1204  1218
     902   1199  1121  1204  1218  1405  1327  1410  1424
     903   1405  1327  1410  1424  1611  1533  1616  1630
     904   1611  1533  1616  1630   132    54   137   151
     905    271   355   281   262  1209  1125  1199  1218
     906   1209  1125  1199  1218  1415  1331  1405  1424
     907   1415  1331  1405  1424  1621  1537  1611  1630
     908   1621  1537  1611  1630   142    58   132   151
     909    242   241   396   220  1238  1239  1308  1262
     910   1238  1239  1308  1262  1444  1445  1514  1468
     911   1444  1445  1514  1468  1650  1651  1720  1674
     912   1650  1651  1720  1674   171   172    17   193
     913    220   396   240   219  1262  1308  1240  1263
     914   1262  1308  1240  1263  1468  1514  1446  1469
     915   1468  1514  1446  1469  1674  1720  1652  1675
     916   1674  1720  1652  1675   193    17   173   194
     917    219   240   407   409  1263  1240  1264  1274
     918   1263  1240  1264  1274  1469  1446  1470  1480
     919   1469  1446  1470  1480  1675  1652  1676  1686
     920   1675  1652  1676  1686   194   173     6     4
     921    213   274   280   275  1271  1206  1200  1205
     922   1271  1206  1200  1205  1477  1412  1406  1411
     923   1477  1412  1406  1411  1683  1618  1612  1617
     924   1683  1618  1612  1617   200   139   133   138
     925    275   280   356   400  1205  1200  1124  1312
     926   1205  1200  1124  1312  1411  1406  1330  1518
     927   1411  1406  1330  1518  1617  1612  1536  1724
     928   1617  1612  1536  1724   138   133    57    13
     929    399   255   244   227  1311  1225  1236  1253
     930   1311  1225  1236  1253  1517  1431  1442  1459
     931   1517  1431  1442  1459  1723  1637  1648  1665
     932   1723  1637  1648  1665    14   158   169   186
     933    227   244   243   221  1253  1236  1237  1261
     934   1253  1236  1237  1261  1459  1442  1443  1467
     935   1459  1442  1443  1467  1665  1648  1649  1673
     936   1665  1648  1649  1673   186   169   170   192
     937    221   243   242   220  1261  1237  1238  1262
     938   1261  1237  1238  1262  1467  1443  1444  1468
     939   1467  1443  1444  1468  1673  1649  1650  1674
     940   1673  1649  1650  1674   192   170   171   193
     941    271   262   231   211  1209  1218  1249  1273
     942   1209  1218  1249  1273  1415  1424  1455  1479
     943   1415  1424  1455  1479  1621  1630  1661  1685
     944   1621  1630  1661  1685   142   151   182   202
     945    211   231   215   209  1273  1249  1269  1277
     946   1273  1249  1269  1277  1479  1455  1475  1483
     947   1479  1455  1475  1483  1685  1661  1681  1689
     948   1685  1661  1681  1689   202   182   198   204
     949    209   215   213   275  1277  1269  1271  1205
     950   1277  1269  1271  1205  1483  1475  1477  1411
     951   1483  1475  1477  1411  1689  1681  1683  1617
     952   1689  1681  1683  1617   204   198   200   138
     953    209   275   400   230  1277  1205  1312  1250
     954   1277  1205  1312  1250  1483  1411  1518  1456
     955   1483  1411  1518  1456  1689  1617  1724  1662
     956   1689  1617  1724  1662   204   138    13   183
     957    230   400   272   229  1250  1312  1208  1251
     958   1250  1312  1208  1251  1456  1518  1414  1457
     959   1456  1518  1414  1457  1662  1724  1620  1663
     960   1662  1724  1620  1663   183    13   141   184
     961    229   272   245   402  1251  1208  1235  1314
     962   1251  1208  1235  1314  1457  1414  1441  1520
     963   1457  1414  1441  1520  1663  1620  1647  1726
     964   1663  1620  1647  1726   184   141   168    11
     965    402   245   246   222  1314  1235  1234  1260
     966   1314  1235  1234  1260  1520  1441  1440  1466
     967   1520  1441  1440  1466  1726  1647  1646  1672
     968   1726  1647  1646  1672    11   168   167   191
     969    222   246   247   223  1260  1234  1233  1259
     970   1260  1234  1233  1259  1466  1440  1439  1465
     971   1466  1440  1439  1465  1672  1646  1645  1671
     972   1672  1646  1645  1671   191   167   166   190
     973    223   247   248   224  1259  1233  1232  1258
     974   1259  1233  1232  1258  1465  1439  1438  1464
     975   1465  1439  1438  1464  1671  1645  1644  1670
     976   1671  1645  1644  1670   190   166   165   189
     977    224   248   249   225  1258  1232  1231  1257
     978   1258  1232  1231  1257  1464  1438  1437  1463
     979   1464  1438  1437  1463  1670  1644  1643  1669
     980   1670  1644  1643  1669   189   165   164   188
     981    225   249   250   226  1257  1231  1230  1256
     982   1257  1231  1230  1256  1463  1437  1436  1462
     983   1463  1437  1436  1462  1669  1643  1642  1668
     984   1669  1643  1642  1668   188   164   163   187
     985    226   250   251   406  1256  1230  1229  1255
     986   1256  1230  1229  1255  1462  1436  1435  1461
     987   1462  1436  1435  1461  1668  1642  1641  1667
     988   1668  1642  1641  1667   187   163   162     7
     989    406   251   252   405  1255  1229  1228  1254
     990   1255  1229  1228  1254  1461  1435  1434  1460
     991   1461  1435  1434  1460  1667  1641  1640  1666
     992   1667  1641  1640  1666     7   162   161     8
     993    405   252   253   403  1254  1228  1227  1315
     994   1254  1228  1227  1315  1460  1434  1433  1521
     995   1460  1434  1433  1521  1666  1640  1639  1727
     996   1666  1640  1639  1727     8   161   160    10
     997    403   253   254   404  1315  1227  1226  1316
     998   1315  1227  1226  1316  1521  1433  1432  1522
     999   1521  1433  1432  1522  1727  1639  1638  1728
    1000   1727  1639  1638  1728    10   160   159     9
    1001    404   254   399   227  1316  1226  1311  1253
    1002   1316  1226  1311  1253  1522  1432  1517  1459
    1003   1522  1432  1517  1459  1728  1638  1723  1665
    1004   1728  1638  1723  1665     9   159    14   186
    1005    208   270   271   211  1278  1210  1209  1273
    1006   1278  1210  1209  1273  1484  1416  1415  1479
    1007   1484  1416  1415  1479  1690  1622  1621  1685
    1008   1690  1622  1621  1685   205   143   142   202
    1009    208   211   209   230  1278  1273  1277  1250
    1010   1278  1273  1277  1250  1484  1479  1483  1456
    1011   1484  1479  1483  1456  1690  1685  1689  1662
    1012   1690  1685  1689  1662   205   202   204   183
    1013    207   397   270   208  1279  1309  1210  1278
    1014   1279  1309  1210  1278  1485  1515  1416  1484
    1015   1485  1515  1416  1484  1691  1721  1622  1690
    1016   1691  1721  1622  1690   206    16   143   205
    1017    207   208   230   229  1279  1278  1250  1251
    1018   1279  1278  1250  1251  1485  1484  1456  1457
    1019   1485  1484  1456  1457  1691  1690  1662  1663
    1020   1691  1690  1662  1663   206   205   183   184
    1021    214   232   397   207  1270  1248  1309  1279
    1022   1270  1248  1309  1279  1476  1454  1515  1485
    1023   1476  1454  1515  1485  1682  1660  1721  1691
    1024   1682  1660  1721  1691   199   181    16   206
    1025    214   207   229   402  1270  1279  1251  1314
    1026   1270  1279  1251  1314  1476  1485  1457  1520
    1027   1476  1485  1457  1520  1682  1691  1663  1726
    1028   1682  1691  1663  1726   199   206   184    11
    1029    216   233   232   214  1268  1247  1248  1270
    1030   1268  1247  1248  1270  1474  1453  1454  1476
    1031   1474  1453  1454  1476  1680  1659  1660  1682
    1032   1680  1659  1660  1682   197   180   181   199
    1033    216   214   402   222  1268  1270  1314  1260
    1034   1268  1270  1314  1260  1474  1476  1520  1466
    1035   1474  1476  1520  1466  1680  1682  1726  1672
    1036   1680  1682  1726  1672   197   199    11   191
    1037    217   234   233   216  1267  1246  1247  1268
    1038   1267  1246  1247  1268  1473  1452  1453  1474
    1039   1473  1452  1453  1474  1679  1658  1659  1680
    1040   1679  1658  1659  1680   196   179   180   197
    1041    217   216   222   223  1267  1268  1260  1259
    1042   1267  1268  1260  1259  1473  1474  1466  1465
    1043   1473  1474  1466  1465  1679  1680  1672  1671
    1044   1679  1680  1672  1671   196   197   191   190
    1045    218   235   234   217  1266  1245  1246  1267
    1046   1266  1245  1246  1267  1472  1451  1452  1473
    1047   1472  1451  1452  1473  1678  1657  1658  1679
    1048   1678  1657  1658  1679   195   178   179   196
    1049    218   217   223   224  1266  1267  1259  1258
    1050   1266  1267  1259  1258  1472  1473  1465  1464
    1051   1472  1473  1465  1464  1678  1679  1671  1670
    1052   1678  1679  1671  1670   195   196   190   189
    1053    408   236   235   218  1265  1244  1245  1266
    1054   1265  1244  1245  1266  1471  1450  1451  1472
    1055   1471  1450  1451  1472  1677  1656  1657  1678
    1056   1677  1656  1657  1678     5   177   178   195
    1057    408   218   224   225  1265  1266  1258  1257
    1058   1265  1266  1258  1257  1471  1472  1464  1463
    1059   1471  1472  1464  1463  1677  1678  1670  1669
    1060   1677  1678  1670  1669     5   195   189   188
    1061    410   408   225   226  1275  1265  1257  1256
    1062   1275  1265  1257  1256  1481  1471  1463  1462
    1063   1481  1471  1463  1462  1687  1677  1669  1668
    1064   1687  1677  1669  1668     3     5   188   187
    1065    411   410   226   406  1317  1275  1256  1255
    1066   1317  1275  1256  1255  1523  1481  1462  1461
    1067   1523  1481  1462  1461  1729  1687  1668  1667
    1068   1729  1687  1668  1667     2     3   187     7
    1069    409   411   406   405  1274  1317  1255  1254
    1070   1274  1317  1255  1254  1480  1523  1461  1460
    1071   1480  1523  1461  1460  1686  1729  1667  1666
    1072   1686  1729  1667  1666     4     2     7     8
    1073    219   409   405   403  1263  1274  1254  1315
    1074   1263  1274  1254  1315  1469  1480  1460  1521
    1075   1469  1480  1460  1521  1675  1686  1666  1727
    1076   1675  1686  1666  1727   194     4     8    10
    1077    219   403   404   412  1263  1315  1316  1318
    1078   1263  1315  1316  1318  1469  1521  1522  1524
    1079   1469  1521  1522  1524  1675  1727  1728  1730
    1080   1675  1727  1728  1730   194    10     9     1
    1081    412   404   227   221  1318  1316  1253  1261
    1082   1318  1316  1253  1261  1524  1522  1459  1467
    1083   1524  1522  1459  1467  1730  1728  1665  1673
    1084   1730  1728  1665  1673     1     9   186   192
    1085    412   221   220   219  1318  1261  1262  1263
    1086   1318  1261  1262  1263  1524  1467  1468  1469
    1087   1524  1467  1468  1469  1730  1673  1674  1675
    1088   1730  1673  1674  1675     1   192   193   194
    1089    411   409   407   238  1317  1274  1264  1242
    1090   1317  1274  1264  1242  1523  1480  1470  1448
    1091   1523  1480  1470  1448  1729  1686  1676  1654
    1092   1729  1686  1676  1654     2     4     6   175
    1093    238   237   410   411  1242  1243  1275  1317
    1094   1242  1243  1275  1317  1448  1449  1481  1523
    1095   1448  1449  1481  1523  1654  1655  1687  1729
    1096   1654  1655  1687  1729   175   176     3     2
    1097    408   410   237   236  1265  1275  1243  1244
    1098   1265  1275  1243  1244  1471  1481  1449  1450
    1099   1471  1481  1449  1450  1677  1687  1655  1656
    1100   1677  1687  1655  1656     5     3   176   177
    1101    346   360   348   347  1134  1120  1132  1133
    1102   1134  1120  1132  1133  1340  1326  1338  1339
    1103   1340  1326  1338  1339  1546  1532  1544  1545
    1104   1546  1532  1544  1545    67    53    65    66
    1105    346   369   361   360  1134  1281  1119  1120
    1106   1134  1281  1119  1120  1340  1487  1325  1326
    1107   1340  1487  1325  1326  1546  1693  1531  1532
    1108   1546  1693  1531  1532    67    44    52    53

