    0.950129     0.231139     0.606843     0.485982
    0.891299     0.762097     0.456468     0.018504
    0.821407     0.444703     0.615432     0.791937
    0.921813     0.738207     0.176266     0.405706
    0.935470     0.916904     0.410270     0.893650
    0.057891     0.352868     0.813166     0.009861
    0.138891     0.202765     0.198722     0.603792
    0.272188     0.198814     0.015274     0.746786
    0.445096     0.931815     0.465994     0.418649
    0.846221     0.525152     0.202647     0.672137
