58.5 60 59 66 66 67 70.5 75 65 60 60 58.5 55 57.5 55.5 62 63.5 65.5 70 68 65 62.5 60.5 63 62.5 59.5 61.5 66 66 64 68
61 56 54.5 54.5 52 57.5 58 57.5 64.5 58 58.5 59.5 57 55.5 61 58.5 54 54.5 57.5 63 67 63 64 64.5 58.5 62 63.5 60 57.5 58 56
53.5 57.5 53.5 57 60 61 61 55.5 56 55.5 61 64.5 64.5 67.5 70 61 63 59 60.5 60.5 59 60 65 65.5 62 62 57 56 57.5 58.5 63.5
64.5 61.5 60.5 64.5 63 58.5 56 57.5 60 58 58 56 64.5 60.5 61.5 59.5 60 57.5 54.5 56 54.5 58.5 63.5 67 63 59 57.5 57 60.5 59 61
49.5 56 54 51.5 55.5 52.5 55 51.5 55.5 59 62.5 70 74.5 78.5 70 67 63.5 62 64 67 72.5 70 69 61 54 54.5 60 56.5 62 57.5 54
64 59 59.5 57.5 55.5 60 59 60 59.5 55.5 57 59.5 61 59 59.5 62 61 62.5 67 66 65.5 64.5 61 58.5 59.5 62 62 64 61.5 63 62.5
60 56.5 63 65.5 57.5 57 61.5 62 61 60 62 62 59 57.5 62 68 69.5 62 62 61 59.5 63.5 66.5 69 68 66.5 61 59.5 60.5 56.5 56
54.5 51 57 55.5 62 66 67 60.5 63 61.5 61 64.5 70 74 73.5 70.5 69.5 67 69 75.5 79 74 64 68 72 67.5 65.5 64.5 62 62 61
59 56.5 54.5 55 56.5 56.5 60 63 66.5 62.5 61 63 63 62 59 58 59.5 59.5 59 63 66 71 72 67 71.5 75.5 76.5 73 69 62 61.5
69.5 66 62.5 60.5 61 59.5 61.5 63 63 66.5 70 66 64.5 66 64 62.5 60.5 62 66.5 64.5 66 67.5 65 61 61.5 58.5 59 60 59 60.5 61
65 62.5 64.5 64.5 67 67.5 63.5 65 63.5 64 63 64.5 73.5 79.5 82 82.5 79.5 78 68.5 70 65.5 62.5 57.5 63.5 67 68 64.5 61.5 66.5 66 60
79 80.5 78.5 72 67.5 61 64.5 63.5 62.5 60 53.5 61.5 62.5 60 60.5 60 54.5 62.5 69 75 69 65.5 63.5 66 67.5 69 67.5 65 61 60 64.5
61.5 64 60.5 60 63 62 61.5 62 63.5 57.5 55.5 55.5 63 58 60.5 61.5 64 66.5 68.5 69.5 69.5 67 69 70.5 69 64 61 61 66 68 65.5
56.5 60 61.5 66.5 65 56 61.5 66 66.5 66 62.5 60 62 67 66.5 66 68.5 78 70.5 61.5 64.5 64 68 69.5 66 71 72.5 71 67.5 62 60.5
68.5 64.5 58.5 60.5 65 70.5 73 69.5 71 72 69 71.5 69 66.5 58.5 58 61 65 70.5 63.5 61.5 66 63 65.5 69 68 72.5 63.5 59 60.5 61.5
61.5 61 59 58.5 62.5 62.5 64.5 58 61 69 67.5 57 57 59.5 58 61 60.5 66 72.5 78 74.5 69 69 68 68.5 63.5 70.5 70.5 67 58 61
66 58.5 58 63.5 64.5 62.5 58.5 60.5 62.5 62 58.5 66 68 64 61.5 65.5 71.5 62 65.5 63.5 63.5 59.5 64 59.5 59.5 60 60.5 59.5 63.5 65.5 64.5
58 58 61 62.5 57.5 57.5 55.5 59 62.5 63.5 61 60.5 61.5 64 67.5 71 70.5 62 59 57.5 62.5 61.5 61 60 63.5 64.5 57 58.5 65.5 69 74
57.5 60.5 59.5 59 58 56 60 66.5 67.5 66 65.5 66.5 69.5 73.5 67.5 63 63 60.5 55.5 57 55.5 59.5 60 59 55 56 58 61.5 67 69 73.5
65.5 67 67.5 66 66 64.5 62.5 60 57 58 63 66.5 65 64.5 58.5 64.5 68.5 66.5 63 65 70.5 70.5 70.5 70.5 67.5 65 59 58 60 62 67
64 67.5 65.5 55.5 59.5 57 60 60.5 64.5 71.5 75.5 75 68.5 68 65.5 70 67.5 66 60 59 65.5 68.5 68 64.5 61 63 65 63 65 66 67.5
53.5 55 60.5 66 55.5 54 61.5 70.5 72 74 71.5 68 63.5 71.5 71 68 59.5 62 62.5 62.5 54.5 60.5 58.5 57 59 65.5 64.5 66.5 67 66.5 68.5
55 60.5 63.5 57 61.5 68.5 72.5 74 65 67 69.5 68 65 60.5 59.5 56 63.5 69 61.5 58 61 66.5 58 56.5 59.5 54 58.5 60 62 58 58.5
53.5 48 55.5 58 67 65.5 68.5 54.5 58 57 55 56.5 60.5 65 62.5 61 59.5 62 56 56 53.5 55 63 59 60.5 60 56.5 55 60.5 62 63
44 49 53.5 54.5 54 56.5 54 56 58.5 55.5 56.5 58.5 62 71 68 64.5 55.5 62 57.5 59 62 62.5 62.5 59.5 53 57.5 58 54.5 56.5 55.5 54.5
55 61 56 57.5 64 55.5 56 65.5 73.5 69.5 60 61 69 60.5 58 63.5 67 71.5 76.5 76.5 72 67.5 69 68.5 68.5 63.5 61.5 58.5 60 58.5 59.5
58.5 55.5 57.5 59 66 63 53.5 58.5 61.5 60 67.5 56.5 66 61 59.5 56 57.5 57 63 68 62 63.5 59.5 59.5 62 61 55.5 56.5 67 60.5 58.5
56 64.5 66 68.5 75 76 74.5 68 61.5 66.5 70.5 68 64 63 71 77.5 74.5 71.5 65.5 65 65 70 67.5 73.5 73 73 77.5 82 79.5 68.5 67.5
66 63.5 56.5 52.5 61.5 55 54 57.5 65 69.5 68.5 69 65.5 62 63 65 71.5 72.5 73.5 73 72.5 74 77 64.5 60 64 62 53.5 59.5 65 74
54.5 53.5 60 62.5 65 74.5 73.5 70 61.5 61 59.5 66.5 68 63 66.5 70.5 74.5 72.5 69 65 64 65.5 54.5 59.5 65.5 70 75 74 75 75.5 62.5
59.5 61 65.5 65.5 61 55.5 58.5 59.5 63 67.5 70 76.5 80.5 77 68.5 67.5 61.5 64 67 69 68.5 68.5 58.5 59.5 60 69 68.5 61.5 58 64 66.5
54.5 50.5 56 59 54.5 52.5 53.5 63.5 64.5 55.5 58 63 57.5 54.5 58.5 57.5 61 53 55 60 65.5 68 71 73.5 71 71.5 73 73 69.5 68 67.5
55 60.5 55 63 61.5 62 59 57.5 58.5 57 56.5 57 63.5 65 57.5 55 62 62 64.5 62 62 62.5 57 60 57 60 64 66 58.5 59.5 58
62.5 61 53.5 56.5 56.5 57.5 65 67.5 57.5 60 67 71.5 69.5 65.5 57 55.5 58.5 57 54 61 57.5 56 54 61.5 65.5 66 64.5 68 69.5 62 55.5
70.5 66.5 66.5 68 66 68 71 60.5 55.5 55 57.5 55.5 62 68 68 63.5 66.5 60 58.5 60 55.5 57.5 64 69 75 73.5 71 64.5 71 75 77
57 53 51.5 53 57.5 56.5 57 61.5 63 62.5 58.5 59 62 58.5 60.5 63 62 64 62 57.5 59.5 64.5 63.5 62 56.5 60.5 62.5 67.5 66 66 61
61.5 69 72 69 63 62 55 60.5 56 59 64 68.5 65.5 61.5 62.5 64 65.5 62 61.5 61.5 62 62.5 66.5 65.5 63 62.5 59.5 59.5 62.5 63.5 66
61.5 71.5 73 71.5 66.5 68 67.5 67.5 67.5 65 68 62.5 53.5 59 56 55 57 60 63.5 54.5 58 60 58.5 61.5 67 63.5 69 73.5 69.5 67.5 68.5
64 66.5 55 55 58 58.5 59 58.5 64.5 65.5 57.5 57.5 56 55.5 56.5 59 60 62 65 67 56 62 68 70.5 64 58 65 65 60 62.5 65
53.5 61.5 68.5 72 66 62.5 61.5 67 65 63 62 61.5 60 61 67.5 74.5 60 64.5 68.5 68 61.5 56 57 62 59 56.5 55.5 54.5 57.5 56 58
56.5 52 54.5 56.5 54 50 50 60.5 59.5 56 53.5 55.5 59.5 63 66 66 65.5 70.5 74.5 76 73 70 64.5 57 64 70 74.5 71.5 71.5 76.5 67.5
60 61 70.5 74 74.5 67 57.5 59 56 52.5 57.5 60 59 57.5 63 67 69.5 68 62 65 66 64.5 64 60.5 58 60 60 63 64.5 65.5 66
53.5 57.5 60.5 63 60.5 53.5 57.5 58.5 59 64 57 58.5 62 68 69 67.5 67 69 69 66 55.5 56.5 55 55.5 59.5 65.5 67 71 73 65.5 65.5
63 52.5 56.5 64 55 55 56 60 60 56 54.5 53.5 56.5 63 62 54 60.5 60.5 60 58.5 63 64 64 59 63.5 63.5 68 70 72 73 72
62 58.5 55.5 62.5 73.5 72 68 68.5 68 67 64.5 63 57 59 61 60.5 56.5 59.5 60 62.5 62.5 64 65 70.5 71.5 66.5 70.5 70 52.5 54.5 57.5
56.5 53.5 60 60 64.5 67 66 60.5 58.5 56.5 59.5 58 54.5 59 62.5 69.5 67 58.5 60 63 57 58 63.5 66 65.5 64 54.5 60 66.5 62 61.5
66 58.5 53 54 53.5 56 58.5 64 62 56 60 56.5 55.5 59 61.5 62 59.5 53 55.5 59.5 62.5 62 64 66.5 69.5 63.5 64 67.5 60.5 61 67
63 62 59 53.5 53 58 64 62 58.5 55 54 56.5 63 69 71 61.5 53.5 58 61 68.5 69.5 75 76.5 69 66 73.5 61 60.5 65 67 65.5
52 47 56 61.5 60.5 63 62.5 66 67.5 66.5 60.5 59 57 60 62.5 70 79.5 76 73.5 72 69 60.5 62.5 62 62.5 64.5 65.5 63 58 64 67
59.5 65 57.5 55 56 57 60 65 64.5 56.5 57 58.5 59.5 58 60 63.5 61 62 63.5 60 69 73.5 64.5 60.5 65.5 65.5 68 69 63 60 64
55 58.5 66 69.5 66.5 59 51.5 53.5 57.5 57.5 56.5 57 57.5 52 61 63.5 67.5 62.5 59.5 60 59 59.5 62.5 56 60 67.5 72.5 70.5 61.5 58.5 59.5
54.5 56 58 55 56.5 55.5 60 55 59.5 63 66.5 64 65.5 58.5 53 51.5 60.5 62 62 60 57 54 57.5 61 68.5 69.5 71 71.5 63 59 55.5
58.5 56 55.5 58.5 63.5 58.5 57 55 56 58.5 62 65 60 55.5 55.5 55 59 62.5 64.5 60 60 62.5 67.5 60.5 57.5 56 60 59 60 64 68
57.5 60.5 61 63.5 67 57 56 57 60 55.5 59 53 57.5 61 64 70 72 65.5 61 59 56 58.5 66.5 72 73 65.5 61 60 63 66.5 71.5
58.5 63.5 69 67.5 65 61 64 69.5 71 70.5 66 66 62 63 67.5 66 63.5 67 74.5 77.5 72.5 69 67 61 62.5 67.5 68.5 70 72.5 71 59.5
59 60.5 57.5 53.5 51.5 56.5 63 66 62.5 60.5 57 57 57 59 57 53.5 51 53 59.5 65 65 66 57.5 57.5 60.5 57.5 55.5 58.5 59.5 58.5 60.5
70 66.5 57 62 55 54 57 56 54 54.5 61.5 66.5 70 70.5 63 59 57 60.5 65.5 60.5 66 67.5 58 63.5 64 59.5 63 61 61.5 60.5 60
57.5 58.5 56.5 52.5 53.5 53 56 61.5 65 59 60 55 56 54.5 60 59.5 61.5 62.5 67.5 76.5 72 63.5 59.5 63.5 67.5 73.5 71 61 61.5 65.5 66
56.5 53 57.5 55.5 56.5 58.5 61.5 60.5 56.5 58 55.5 63.5 66 63 60.5 60 57.5 64 67 63.5 58.5 58 61 62.5 61.5 65.5 66 56.5 61.5 61.5 60
