
        948.              0.            948.
          4.             10.            942.
          0.             31.            911.
          0.             53.            858.
          0.             57.            801.
          0.            125.            676.
          0.            172.            504.
          0.            107.            397.
          0.            149.            248.
          0.            102.            146.
       1763.            108.           1801.
       4487.             53.           6235.
       1830.           2091.           5974.
       7952.           5005.           8921.
       1953.           4264.           6610.
       2419.           3056.           5973.
       1966.           2266.           5673.
        132.           1930.           3875.
         36.           1550.           2361.
         16.           1025.           1352.
         85.            211.           1226.
         17.            331.            912.
          0.            391.            521.
          5.            163.            363.
         41.            175.            229.
         10.             97.            142.
          0.             60.             82.
        494.             34.            542.
        424.             27.            939.
       1541.             49.           2431.
       1317.             61.           3687.
       2016.           1160.           4543.
       1496.           1504.           4535.
       2898.           1992.           5441.
        855.           1884.           4412.
        469.           1859.           3022.
        925.           1291.           2656.
        522.           1211.           1967.
         55.            727.           1295.
         45.            425.            915.
          0.            364.            551.
          0.            238.            313.
          0.            146.            167.
          5.             77.             95.
         45.             47.             93.
          2.             35.             60.
         47.             39.             68.
       5205.             14.           5259.
       1496.             82.           6673.
       1957.           3189.           5441.
        855.           2309.           3987.
        501.           1536.           2952.
       1771.           1075.           3648.
       1607.           1033.           4222.
        674.           1007.           3889.
        197.           1791.           2295.
        700.           1486.           1509.
          0.            581.            928.
         16.            205.            739.
         43.            216.            566.
          0.            183.            383.
         37.            146.            274.
          0.             82.            192.
        105.             71.            226.
        326.             33.            519.
        729.             24.           1224.
       1072.             60.           2236.
       1747.            165.           3818.
       3794.           1404.           6208.
       2576.           2788.           5996.
       2220.           2427.           5789.
       3248.           2385.           6652.
       4808.           3521.           7939.
       1052.           4123.           4868.
       1270.           2186.           3952.
         95.           1335.           2712.
          3.            981.           1734.
          0.            510.           1224.
          0.            521.            703.
         18.            213.            508.
         10.            152.            366.
         19.            106.            279.
         27.             63.            243.
        120.             20.            343.
        435.             17.            761.
        298.             34.           1025.
        247.             51.           1221.
        456.             77.           1600.
        897.            230.           2267.
       1459.            436.           3290.
        721.            540.           3471.
       1258.           1092.           3637.
       1045.            979.           3703.
       2300.           1127.           4876.
       1782.           1294.           5364.
       1252.           1726.           4890.
        232.           2093.           3029.
         53.           1132.           1950.
         23.            748.           1225.
         50.            199.           1076.
         30.            201.            905.
         39.            172.            772.
          0.            144.            628.
         33.            188.            473.
        113.             47.            539.
        383.             97.            825.
        928.             51.           1702.
       1201.             35.           2868.
       2175.            570.           4473.
       1668.            920.           5221.
       2980.           1609.           6592.
       1872.           2064.           6400.
       1228.           2876.           4752.
        461.           1692.           3521.
        660.           1462.           2719.
        165.            953.           1931.
         16.            447.           1500.
        106.            524.           1082.
         78.            311.            849.
          0.             75.            774.
        247.            157.            864.
        623.            179.           1308.
        479.            163.           1624.
        775.            175.           2224.
        678.            479.           2423.
       1078.            542.           2959.
       1504.            916.           3547.
       4771.           1081.           7237.
        612.           2631.           5218.
       2869.           2776.           5311.
       1149.           2187.           4273.
        592.           1595.           3270.
        224.           1213.           2281.
         47.            779.           1549.
          3.            461.           1091.
          0.            295.            796.
          3.            189.            610.
         10.            175.            445.
        621.            172.            894.
        668.            108.           1454.
        865.             57.           2262.
        227.            126.           2363.
       1724.            240.           3847.
       1136.           1107.           3876.
        855.            796.           3935.
        746.           1202.           3479.
        794.            858.           3415.
       1466.           1020.           3861.
        759.           1049.           3571.
        636.           1094.           3113.
        172.            966.           2319.
        127.            816.           1630.
        110.            443.           1297.
         50.            486.            861.
        118.            218.            761.
         79.            181.            659.
        147.            105.            701.
        143.             82.            762.
        524.             98.           1188.
        694.            104.           1778.
        758.            108.           2428.
       1661.            283.           3806.
       1443.            730.           4519.
       2440.           1313.           5646.
       1628.           2423.           4851.
       2180.           1657.           5374.
       1235.           1896.           4713.
       4323.           1669.           7367.
       2193.           2324.           7236.
        806.           2797.           5245.
         99.           1708.           3636.
         45.           1264.           2417.
          0.           1159.           1258.
          1.            493.            766.
         61.            348.            479.
        115.            192.            402.
          2.            156.            248.
         87.             81.            254.
        397.             47.            604.
        783.             41.           1346.
       1057.             61.           2342.
       1161.            175.           3328.
       1075.            804.           3599.
       1762.           1280.           4081.
       5589.           2027.           7643.
       4573.           4297.           7919.
       1412.           3233.           6098.
       5092.           4294.           6896.
       1218.           2480.           5634.
        834.           1334.           5134.
        805.           1751.           4188.
        843.           1562.           3469.
        311.           1338.           2442.
         46.            557.           1931.
        806.            947.           1790.
        431.            499.           1722.
        161.            395.           1488.
        165.            237.           1416.
        463.            510.           1369.
        545.            248.           1666.
       1247.            286.           2627.
       1888.            675.           3840.
        938.            734.           4044.
       2693.           1808.           4929.
       1828.           1646.           5111.
       1649.           3608.           3152.
       1906.            596.           4462.
        556.            936.           4082.
        457.           1513.           3026.
        492.           1929.           1589.
        775.            289.           2075.
        176.            422.           1829.
         16.            457.           1388.
         28.            267.           1149.
        260.            441.            968.
        476.            274.           1170.
        611.            316.           1465.
        403.            192.           1676.
       1659.            260.           3075.
       1470.            730.           3815.
       1943.           1119.           4639.
       1130.           1345.           4424.
        550.           2190.           2784.
       4482.           1406.           5860.
       1393.           1472.           5781.
       1007.           1891.           4897.
       1001.           1978.           3920.
       1144.           1229.           3835.
        907.           1124.           3618.
        557.           1125.           3050.
       1550.            828.           3772.
        757.           1012.           3517.
        919.           1086.           3350.
        814.           1146.           3018.
        434.            827.           2625.
        358.            571.           2412.
        626.            817.           2221.
       1004.            606.           2619.
       1126.            542.           3203.
        364.            861.           2706.
        909.            898.           2717.
        323.            865.           2175.
        196.            743.           1628.
       1507.            747.           2388.
       1959.            670.           3677.
        291.            812.           3156.
       2078.            962.           4272.
       1122.           1623.           3771.
       2525.           1341.           4955.
       2016.           1387.           5584.
        841.           2534.           3891.
       1579.           1969.           3501.
       2121.           1186.           4436.
       1367.           1434.           4369.
        814.           1789.           3394.
       1771.           1296.           3869.
        405.           1352.           2922.
        165.           1244.           1843.
       1863.            869.           2837.
       2703.            850.           4690.
       1409.            980.           5119.
       2229.           1509.           5839.
       3787.           4237.           5389.
       1568.           1964.           4993.
       1234.           1781.           4446.
       2131.           1726.           4851.
        985.           1593.           4243.
       2216.           1839.           4620.
       1424.           1195.           4849.
        600.           1785.           3664.
        391.           1039.           3016.
       1060.           1195.           2881.
       1779.            839.           3821.
       1510.           1031.           4300.
        971.           1103.           4168.
       2668.           1390.           5446.
       2713.           2682.           5477.
       5117.           2015.           8579.
       1907.           2953.           7533.
       2606.           3255.           6884.
       1108.           3865.           4127.
       3394.           1975.           5546.
       2097.           1330.           6313.
       3062.           2725.           6650.
       2320.           2666.           6304.
       1444.           2906.           4842.
        938.           1428.           4352.
        230.           1367.           3215.
        577.           1140.           2652.
        610.            932.           2330.
       1695.            902.           3123.
       1226.            394.           3955.
       1445.            906.           4494.
       1967.           1681.           4780.
       3093.           2120.           5753.
       2302.           2500.           5555.
       1711.           1554.           5712.
        702.           1628.           4786.
        722.           1442.           4066.
        347.           1522.           2891.
       1502.           1123.           3270.
       2083.            949.           4404.
       1001.           1007.           4398.
        841.           1127.           4112.
       1583.           1294.           4401.
       2725.           1347.           5779.
       2293.           1475.           6597.
       3782.           2288.           8091.
       6819.           3628.          11282.
       7638.           6474.          12446.
       9769.           8503.          13712.
       4728.           7423.          11017.
      10346.           6680.          14683.
       2216.           9641.           7258.
       1314.           2377.           6195.
       2166.           2399.           5962.
        377.           2126.           4213.
         34.           1472.           2775.
         90.           1084.           1781.
         72.            917.            936.
        571.            609.            898.
        565.            303.           1160.
       2260.            262.           3158.
        577.            349.           3386.
       2192.           1031.           4547.
       1475.           1199.           4823.
       1479.           1332.           4970.
       1624.           1654.           4940.
       2206.           1353.           5793.
       4270.           2227.           7836.
       1793.           5172.           4457.
       4769.           2325.           6901.
       4361.           3071.           8191.
       1340.           2765.           6766.
       1277.           2878.           5165.
       1162.           3408.           2919.
       1273.            777.           3415.
        636.            620.           3431.
        630.            899.           3162.
        244.            881.           2525.
        572.            807.           2290.
        357.            692.           1955.
        625.            644.           1936.
       1053.            605.           2384.
       2930.            648.           4666.
       3606.           1053.           7219.
       2587.           1500.           8306.
       2232.           2511.           8027.
       1884.           2901.           7010.
       3451.           2312.           8149.
       3192.           2392.           8949.
       2070.           4914.           6105.
       2259.           3040.           5324.
       2610.           2168.           5766.
       1942.           1494.           6214.
       2994.           2201.           7007.
       3250.           2103.           8154.
       3510.           2615.           9049.
       2319.           4485.           6883.
       4967.           3747.           8103.
       2483.           3783.           6803.
