2 4 9 12  15 19 22 27 34 40 52 54 56
5 6 9 16 34 37 41 46 57
8 22 39 47 52 60
1 4 5 8 9 10 33 46 49 55
12 26 46 47 57 59 60
1 4 7 36 39 57 58
8 12 14 16 20 24 27 49 53 59
8 9 16 29 34 36 39 49 55 60
8 9 11 23 25 26 34 43 55 57 59 60
6 13 14 16 36 37 40 44 45 46 52 
8 14 15 18  42 43 50 57 59
1 23 28 34 38 
2 5 12 20 21 29 33 37 38 39 47 58 60
3 5 18 20 22 35 36 39 46 50 52 60
8 16 18 21 22 23 27 34 35 36 44 51 60
1 22 26 27 29 32 33 37 42 53 
2 8 10 12 16 17 30 32 37 41 42 50 51 52
3 9 11 15 19 34 35 40 57
1 2 3 5 7 8 12 31 33 37 41 42 46 55 58 60
2 7 14 15 21 22 28 37 40 42 47 56 58 59
6 12 16 32 35 37 38 40 41 42 46 47 48 52 53 56 58 59
5 22 27 36 40 42 46 48 55
5 11 16 18 19 23 25 29 35 54 60
4 16 17 20 21 23 24 29 30 31 32 38 57
