1 3 14 23 24 35 45 49 53
2 7 8 11 27 38 43 54 55
1 3 6 7 12 18 19 20 21 24 25 31 32 33 46 48 49 57
6 11 12 13 16 19 40 50 51 53 54 
5 7 10 33 48 54 
2 13 17 21 22 27 28 37 44 59
7 13 21 22 23 25 28 31 34 43 47 
1 13 33 44 48 52 53
5 14 42 44 45 46 47 56
20 21 23 27 39 42 43 54 58
4 10 13 21 25 39 54
5 12 16 24 27 37 42 54 55
7 8 32 36 44 51 52 54 55 57 59
7 11 12 14 23 24 27 32 41 48 53 54 57
11 14 17 19 24 31 43 47 53 55 56
11 12 30 34 36 39 40 45 
7 19 22 23 28 34 35 38 43 44 47 58 60
1 8 18 20 25 32 36 37 50 60
9 22 23 32 40 51 52 54 56 
10 11 16 17 19 35 57
9 18 24 27 29 36 39 43 50 
7 13 23 29 32 39 44 45 49 50 59
6 8 20 40 45
15 26 28 54
