    1   958.65  564.285  16   4.2    7   68  0
    2   956.31  562.890  50   5.0   13  113  0
    3   944.93  552.259  45   6.4   13  130  0
    4   944.75  548.593  43   6.6   21  122  0
    5   936.88  540.812  30   6.5   26  130  0
    6   941.59  529.116  40   7.9   33  131  0
    7   944.97  530.348  36   5.1    6  118  0
    8   946.74  530.585  57   8.3   32  142  0
    9   953.06  539.924  38   9.2   34  131  0
   10   965.91  539.814  13   7.7   24  104  0
   11   961.02  535.129  35   4.2    6  113  0
   12   964.17  533.590  46   6.7   24  129  1
   13   979.04  531.132  53   5.3   11  137  0
   14   977.67  527.623  23   6.9   19  133  1
   15   976.24  521.934  38   8.6   43  133  1
   16   972.67  517.997  36   6.4   23  108  0
   17   976.89  502.858  47   9.1   40  135  1
   18   975.55  502.068  17   8.0   21  115  1
   19   975.67  499.511  35   6.3   22  128  1
   20   973.91  495.661  50   8.8   32  104  1
   21   970.44  495.488  38   9.0   37  127  1
   22   969.06  487.389  31  11.3   60  139  1
   23   961.71  486.666  43   6.4   24  135  1
   24   961.35  491.430  45   6.9   27  122  1
   25   955.39  486.243  52   4.5   11  101  0
   26   952.25  512.243  36   4.8   15   48  1
   27   945.12  513.311  35   7.6   24  123  1
   28   946.85  516.943  33   4.8   14  113  1
   29   945.22  513.284  44   5.3   18   74  1
   30   942.39  500.563  33   9.5   41  120  1
   31   940.32  492.056  15   4.7   11  117  1
   32   935.62  487.405  55   6.9   26  121  1
   33   935.04  459.728  28   6.4   26  100  1
   34   937.66  458.325  56   6.1   19  103  1
   35   942.37  461.290  64   5.1   16   53  1
   36   948.60  468.570  39  10.4   51  147  1
   37   954.58  473.773  42   5.0   16   91  1
   38   959.79  478.437  35   4.4   12   92  0
   39   961.77  471.297  44   4.0    8   61  0
   40   971.84  477.688  48   8.7   40  125  1
   41   965.07  460.410  62   6.3   23   99  1
   42   976.43  467.962  20   6.2   22  108  1
   43   978.54  461.450  61   5.7   15  105  1
   44   980.97  461.664  50   6.5   26  116  1
   45   983.30  462.255  47   5.8   21   88  1
   46   984.67  459.170  16   4.3   11   87  0
   47   992.71  461.296  56   6.1   21   66  1
   48  1002.23  460.459  21   6.2   21   55  1
   49  1001.71  461.733  42   4.2    9   62  0
   50  1017.09  468.264  36  15.6  124  130  1
   51  1008.31  482.443  45   4.6   12   77  0
   52  1015.26  478.938  52   4.7   12   92  0
   53  1024.00  469.078  44   4.8   12  107  0
   54  1032.85  483.644  27  12.9   77  124  1
   55  1034.28  485.609  24   4.3   11  129  0
   56  1033.12  494.389  31   5.5   12  117  0
   57  1029.75  490.206  29   8.5   34  124  1
   58  1028.76  498.390   6   4.9    6  107  0
   59  1029.39  505.242  54   5.1   14   86  1
   60  1024.80  491.812  39   5.0   14  103  1
   61  1023.54  493.674  12   4.5    9   95  0
   62  1016.22  490.713  52   7.8   32  107  1
   63  1009.37  490.064  48   4.6   12   44  0
   64  1008.41  500.030  46   4.4   12   64  0
   65   999.40  492.790  60   4.7   15   56  0
   66   999.21  482.736  48   5.3   18   78  0
   67   993.00  489.227  28   9.1   28  167  1
   68   980.13  506.088  57   7.4   32  122  1
   69   980.40  508.461  59   4.8   14  118  0
   70   988.76  509.316  22   5.2   11   42  0
   71   980.63  514.680  14   4.7    6  124  0
   72   979.46  518.014  63   7.2   24  122  1
   73   983.20  521.914  33   6.6   20  129  1
   74   982.51  524.483  53   8.6   36  132  1
   75   984.31  524.433  28   5.3   13  139  1
   76   981.62  548.313  43   6.8   13  127  0
   77   983.90  554.730  12   7.7   17  122  0
   78   996.39  542.941  37   7.4   17  129  1
   79   992.75  533.652  73   5.6   18   99  1
   80   994.35  534.752  43   6.4   19  109  1
   81  1011.66  535.854  32   9.7   49  119  1
   82  1005.88  530.903   9   7.4   22  118  1
   83  1001.75  525.372  40   4.3   11   82  0
   84  1007.68  519.225  39   6.2   20  139  0
   85  1005.42  507.054  47   4.9   11   60  1
   86  1016.04  514.295  72   4.5   13   72  0
   87  1019.80  526.091  28   6.9   20  114  0
   88  1028.28  523.508  24   5.2    8  116  1
   89  1031.77  524.709  62   7.2   21  122  0
   90  1026.73  530.729  51   7.6   30  121  1
   91  1036.05  541.543  38  10.0   50  138  1
   92  1046.98  549.865  42   5.1    9  131  0
   93  1045.13  552.756  70   8.2   32  118  1
   94  1041.45  560.136  14   4.7    9   97  1
   95  1031.85  559.133  34   6.3   16  128  0
   96  1028.93  561.743  42   6.8   16  133  0
   97  1028.59  552.675  27   6.0    7  133  1
   98  1024.51  551.762  41  11.9   52  132  1
   99  1001.84  558.194  60   9.0   30  131  1
  100  1000.60  564.363  57   8.9   16  139  0
  101   992.14  563.086  41  11.3   54  137  1
  102   988.22  562.345  54   6.6   12  132  0
  103   990.10  565.388  38   6.8   15  132  1
  104   981.61  561.857  51   4.3    8  123  0
  105   985.00  579.329  55   5.9   13  118  0
  106   984.67  582.222  35   7.9   29  117  0
  107   978.72  593.825  54   8.2   33  120  0
  108  1001.95  598.490  64   8.7   31  132  0
  109  1004.17  576.591  35   8.3   14  133  0
  110  1013.53  565.448  61   6.5   15  134  0
  111  1015.60  565.986  52   6.5   15  137  0
  112  1022.40  566.447  34   8.9   39  123  1
  113  1021.28  571.482  45   6.7   12  131  1
  114  1018.99  577.846  54   4.3   11  120  0
  115  1028.40  574.290  32   7.8   26  133  1
  116  1031.42  570.186  44   8.9   39  140  1
  117  1044.58  569.276  20   6.2    9  140  0
  118  1042.26  576.217  23   8.3   15  132  1
  119  1041.87  591.389  43   8.8   39  123  0
  120  1035.43  594.450  73   5.6   18  111  0
  121  1039.38  597.682  29   8.3   16  126  0
  122  1042.19  599.663  33   7.6   27  129  0
  123  1035.29  600.424  53   4.4   10  126  0
  124  1026.70  600.516  71   5.4   19  104  0
  125  1032.68  606.363  39   4.4    6  124  0
  126  1031.78  608.422  57   5.7   14  118  0
  127  1038.64  614.040  33   5.2   14  126  0
  128  1032.19  622.628  28   8.2   23  102  0
  129  1023.27  624.302  46   8.1   28  103  1
  130  1019.27  620.950  48   5.8   17  116  0
  131  1023.19  614.902  48   9.7   53  101  1
  132  1011.62  609.655  44   4.9   13  122  0
  133  1006.45  618.656  72   8.8   34  131  1
  134  1000.77  624.373  15   8.4   23  126  1
  135   991.26  619.634  32   4.5   10  121  0
  137   989.70  611.809  42   4.6   13  108  0
  138   980.71  622.030  33   9.9   46  113  1
  139   987.77  627.090  52   8.3   30  137  1
  140   992.28  626.645  42   4.0    7  125  0
  141   995.25  632.722  50   5.4   16  116  1
  142   983.68  632.083  50   8.7   33  130  1
  143   981.43  635.358  29   7.7   21  134  0
  144   984.88  636.308  39   8.1   27  133  1
  145   985.56  637.290  15   6.9    8  131  0
  146   994.11  646.614  44  10.1   60  112  1
  147  1003.72  641.945  39   7.2   29   64  1
  148  1005.80  636.608  39   5.8   19   88  1
  149  1029.00  630.396   9  10.2   44  126  1
  150  1030.17  633.144  38   6.8   18  128  1
  151  1035.47  634.078  22   4.5    7  120  0
  152  1030.26  637.776  43  10.3   50  116  1
  153  1041.02  657.715  43   5.3   17   72  0
  154  1030.47  663.641  48   4.7   14   62  0
  155  1026.38  659.431  49   5.1   14   95  1
  156  1021.60  666.087  22   5.7   18   86  1
  157  1013.54  661.570  53   8.0   39   78  1
  158  1005.45  664.026  28   4.0   10   74  0
  159   997.93  665.824  43   9.8   45   98  1
  160   985.86  660.144  15   4.5   12   52  0
  161   990.61  668.497  28   4.5   12   81  0
  162   994.45  669.697  30   4.3   10   60  0
  163   992.83  675.582  47   6.3   24   76  1
  164  1000.16  675.972  48   5.6   17   59  0
  165  1021.06  678.940  61   4.5   13   57  0
  166  1024.08  673.634  38   4.1   11   45  0
  167  1034.17  676.105  55   5.4   18   48  0
  168  1048.82  674.767  31   6.6   24  116  0
  169  1058.16  667.087  45   5.1   15   47  0
  170  1054.44  657.365  42   4.5   13   68  0
  171  1061.00  656.578  52   4.2   10   54  0
  172  1066.52  661.696  52   6.0   23  124  1
  173  1065.29  668.325  30  11.6   58  118  1
  174  1070.99  671.906  40   7.6   25  113  1
  175  1078.41  673.091  42   5.8   17  118  1
  176  1083.32  670.819  55   5.9   21  116  1
  177  1087.97  669.719  53   7.8   13  135  1
  178  1083.81  663.380  31   4.7   12   56  0
  179  1076.88  656.854  45   4.8   14   89  0
  180  1077.13  654.506  42   5.2   18   52  0
  181  1073.95  648.212  30   4.3   11   49  0
  182  1077.59  650.922  39   4.9   15   54  0
  183  1080.87  653.593  36   5.7   21   68  0
  184  1096.97  660.406  58   4.1   11   43  0
  185  1102.11  652.343  59   6.5   21   53  1
  186  1109.50  652.087  52   7.7   32  102  1
  187  1103.33  638.184  22   5.9   19  119  1
  188  1115.15  640.548  25  12.7   85  139  1
  189  1114.76  630.537  10   7.8   14  139  1
  190  1107.09  627.357  43   5.1   14  123  1
  191  1101.50  635.730  12   4.2    6  119  1
  192  1094.65  641.385  58   9.1   51  122  1
  193  1096.02  635.424  70   5.0   17   97  1
  194  1098.61  624.058  53   4.5   14   90  0
  195  1094.44  620.634  32   5.3   15  122  0
  196  1083.84  625.832  15  10.2   27  120  0
  198  1078.52  617.997  41   5.9   13  161  0
  199  1079.56  632.717  85   4.7   12   50  0
  200  1072.11  638.566  23   9.1   10  146  0
  201  1058.98  646.171  58   6.1   24   66  0
  202  1048.03  636.185  36  12.0   59  153  1
  203  1042.38  629.727  53   8.0   37  110  1
  204  1047.95  628.673  53   5.8   20  110  1
  205  1047.11  617.952  55   5.7   19  126  1
  206  1043.85  614.297  44   6.5   17  132  1
  207  1056.18  614.232  68   5.1   17   72  0
  208  1052.55  608.676  10   4.4   12   82  1
  209  1050.95  606.636  40   5.5   13  125  1
  210  1042.70  608.553  33   6.7   17  140  1
  211  1050.75  591.748  73   4.7    8  128  0
  212  1048.36  576.891  36  10.5   43  137  1
  213  1048.59  572.610  37   7.1   20  134  0
  214  1057.68  583.528  54   9.7   49  113  1
  215  1063.44  580.955  28   7.1   22  120  1
  216  1064.08  585.335  32   8.2   21  135  1
  217  1065.25  589.135  17   6.5    6  119  1
  218  1066.03  593.077  34   5.2   12  117  0
  219  1061.54  598.434  56   5.6   18  109  0
  220  1079.06  593.590  50   4.5   11   83  0
  221  1083.30  592.069  44   6.6   22  131  1
  222  1082.03  589.429  64   5.9   16  120  1
  223  1085.48  585.143  43   4.8   10  108  1
  224  1087.50  589.955  39   9.5   47  115  1
  225  1100.40  611.478  62   9.6   49  115  1
  226  1119.30  616.354  31   8.1   32  162  0
  227  1121.30  614.079  15   8.1   19  144  0
  228  1123.37  606.469  20   5.9   21  153  0
  229  1116.86  605.452  53  10.3   34  140  0
  230  1120.10  596.657  28   7.7   22  106  0
  231  1105.68  590.520   7  12.4   55  155  1
  232  1101.94  585.796  26   7.5   12  152  1
  233  1095.70  577.492  36   5.6   15  107  1
  234  1098.92  562.581  82   5.2   17  114  0
  235  1087.55  557.760  64   6.9   28  109  1
  236  1078.52  560.810  21   6.3   22  114  0
  237  1075.32  559.316  37   4.9   10  129  0
  238  1076.81  563.356  50   4.6    4  125  0
  239  1079.80  565.277  50   4.5   11  125  0
  240  1077.56  574.128  61   5.1   11  112  1
  241  1073.90  574.893  46   6.9   18  128  1
  242  1072.54  572.423  18   6.2   14  127  1
  243  1071.09  575.808  53   6.2   18  119  1
  244  1064.85  570.528  58   7.8   31  129  1
  245  1067.76  564.429  35   4.7    8  130  0
  246  1070.71  562.501  48   4.1    4  128  0
  247  1067.70  555.509  58   4.3    4  113  1
  248  1060.44  555.392  53   7.4   26  132  1
  249  1053.29  547.633  29   7.2   13  134  1
  250  1051.40  546.481  48   5.2    9  132  1
  252  1046.18  538.279  47   6.0   10  141  1
  253  1042.99  536.202  35   7.5   16  131  1
  254  1044.41  533.731  38   4.4    6  128  0
  255  1041.09  518.039  36  10.4   45  134  1
  256  1044.09  522.920  55   9.2   30  130  0
  258  1056.30  520.575  31   4.8    6  135  0
  259  1052.90  527.922  43   5.6   14  131  1
  261  1060.03  531.483  54   4.8    8  129  0
  262  1067.41  530.848  22   4.1    6   98  0
  263  1061.25  538.385  60   7.8   28  127  1
  264  1067.41  541.358  59   4.7    4  124  0
  265  1068.23  544.622  69   7.0   20  146  0
  266  1074.17  543.392  39   6.1   18  124  0
  267  1079.53  544.265  33   8.6   37  129  1
  268  1076.94  537.825  43   5.2   11  125  0
  269  1078.64  537.750  42   5.6   12  127  1
  270  1086.22  546.127  60   5.1   14  109  0
  271  1088.90  538.894  33   7.6   25  119  0
  272  1111.46  548.552  20   4.6    6  105  0
  273  1114.04  549.485  62   7.9   33   94  1
  274  1109.39  543.708  30   7.2   27  100  0
  275  1107.14  535.373  56   5.1   16  110  0
  276  1100.14  524.174  43   4.8   16   81  0
  277  1095.77  515.421  13   5.9    7  139  1
  278  1084.29  505.262  56   6.0   18  116  0
  279  1084.63  500.850  38   9.4   43  123  1
  280  1080.52  496.771  37   9.2   34  130  1
  281  1080.91  517.105  48  11.5   34  153  1
  282  1064.27  519.784  20   7.1   15  132  1
  283  1064.23  516.679  54   5.0   10  125  1
  284  1059.03  513.755  50   6.4    5  114  1
  285  1060.75  510.362  24   7.0   12  104  1
  286  1062.36  508.991  33   6.5   10  114  1
  287  1066.20  503.875  40   7.6   25  118  1
  288  1052.54  511.796  56   4.7    8  147  0
  289  1039.94  507.640  48   6.2   21  127  1
  290  1044.36  498.296  67   5.4   14  132  0
  291  1036.81  490.889  20   5.5    9  127  0
  292  1045.00  491.328  16   6.0    8  106  0
  293  1051.40  491.964  53   8.3   32  127  0
  294  1053.63  498.431  49   7.8   22  115  0
  295  1067.91  488.933  23   8.9   31  113  1
  296  1067.77  484.892  21   7.3   17  119  1
  297  1077.84  485.203  49   6.8   22  114  1
  298  1082.53  475.209  40   6.9   10  133  1
  299  1078.81  468.938  37   5.8   12  127  1
  300  1071.98  466.928  15  10.0   19  134  1
  301  1072.25  468.038  15  10.4   14  132  1
  302  1071.80  472.789  42   4.5    8  130  1
  303  1071.55  474.300  52   8.0   26  140  1
  304  1066.51  469.567  49   7.2   19  121  1
  305  1056.07  473.965  49   6.6   18  119  1
  306  1050.21  463.947  22   8.6   33  103  1
  307  1031.02  465.119  14   6.9   21   99  1
  308  1031.97  459.514  21   4.4   10   79  0
  309  1044.21  457.973  67   4.9   14   94  1
  310  1045.35  461.504  25   4.8   12   96  1
  311  1049.49  463.289  46   4.5    8  101  0
  312  1051.67  458.161  41   7.7   31  117  1
  313  1066.87  462.011  46  10.6   26  116  1
  314  1096.00  459.117  56   6.6   25  107  1
  315  1094.79  472.723  28  11.7   62  106  1
  316  1101.69  480.955  42   9.2   35  131  1
  317  1107.68  472.893  14  12.2   48  155  1
  318  1107.98  466.315  57   9.1   44  101  1
  319  1113.79  472.406  23   7.0   14  138  1
  320  1119.93  472.836  45   6.2    4  101  0
  321  1122.33  477.450  39   6.3   18  134  1
  322  1126.35  477.479  45   8.1   17  137  1
  323  1124.47  462.893  31  10.3   54  138  1
  324  1120.68  461.011  10   7.0   20  144  1
  325  1126.73  453.320  18   4.7    8   83  0
  326  1132.78  456.854  48   4.8   15   41  0
  327  1133.34  464.581  57   4.7   13  114  1
  328  1141.83  465.633  44   5.3   15  135  1
  329  1143.29  465.786  35   6.3   14  135  1
  331  1145.02  456.186  36   4.0    8   63  0
  332  1158.89  453.776  40   9.6   40  145  1
  333  1161.90  455.212  55   9.4   51  145  1
  334  1160.40  457.873  35  11.8   60  155  1
  335  1148.59  471.493  37   7.3   29  109  1
  336  1151.08  477.344  67   4.5   13   37  0
  337  1138.98  480.069  49   4.9   17  108  0
  338  1132.30  481.158  48   7.7   21  147  0
  339  1127.63  487.503  77   5.6    8  141  0
  340  1121.73  489.546  42  11.3   56  141  1
  341  1124.18  494.990  22   6.9   12  135  1
  342  1115.23  495.388  43   8.8   33  127  1
  343  1101.30  496.589  55   5.6   16  101  1
  344  1095.67  492.561  45   5.9   22  117  1
  345  1088.16  493.711  20   6.1    5  126  1
  346  1096.31  501.131  37   4.6   10  118  1
  347  1098.19  501.583  66   9.1   40  128  1
  348  1107.85  527.811  41   4.3   12  102  0
  349  1115.26  528.475  37   4.7   13  105  0
  350  1119.00  522.471  20   4.7    7  124  1
  351  1117.77  519.468  21   4.4    7  126  0
  352  1116.99  519.015  25   9.5   55  150  1
  353  1115.60  520.367  18   4.7    9  138  0
  355  1117.25  517.967  32   9.8   58  159  1
  356  1120.23  517.102  55   8.5   30  134  1
  357  1131.63  511.995  39   6.5   23  135  1
  358  1132.03  509.732  45   9.3   26  157  1
  359  1135.44  510.585  37   6.1   17  136  1
  360  1136.22  515.350  33   9.2   40  137  1
  361  1139.39  517.899  34   4.4    8  129  0
  362  1137.89  503.462  73   5.6   16  129  1
  363  1144.25  508.274  23  10.7   29  178  1
  364  1146.30  510.175  44   5.6   14  127  1
  365  1148.02  513.628  64   7.4   27  137  1
  366  1147.27  489.019  85   4.2   12   71  0
  367  1153.95  493.834  61   4.1   12   46  0
  368  1158.11  499.979  33   5.4   15  119  1
  369  1157.95  501.810  46  14.2   66  139  1
  370  1162.60  510.129  20   8.7   30  144  1
  371  1152.87  525.095  55   4.9   14  128  1
  372  1142.90  523.097  34   4.1    9  114  0
  373  1138.59  534.025  49   6.3   24  106  1
  374  1151.92  535.604  55   4.2   10   99  0
  375  1145.72  542.740  36   6.6   23  132  1
  378  1130.11  525.693  31   6.9   22  129  1
  380  1126.87  543.846  49   5.2   15  104  0
  381  1132.48  563.243  66   7.2   32   80  1
  382  1128.87  568.235  45   4.9   14   67  1
  383  1143.78  563.912  54   5.0   15   99  1
  384  1142.26  553.488  65   4.6   13   98  0
  385  1149.45  558.129  36   6.0   14  117  1
  387  1159.71  583.487  25   6.1   21  139  1
  388  1149.53  583.232  23   5.2   11  141  1
  389  1147.92  583.055  51  10.7   48  159  1
  390  1133.26  577.511  60   7.0   32   92  0
  391  1130.39  582.986  15  11.0   57  138  1
  392  1132.29  606.562  16  10.8   59  158  1
  393  1132.11  610.459  39   5.3   11  138  1
  394  1131.85  613.292  20   5.5   13  131  1
  395  1143.25  604.196  31   8.9   18  126  1
  396  1140.39  600.104  39   9.4   37  130  1
  397  1144.11  602.590  35   5.6   15  140  1
  398  1161.57  593.212  41   5.3   18  148  1
  399  1163.09  594.506  49   6.8   23   -1  1
  400  1162.55  605.270  43  11.0   53   -1  1
  401  1159.18  610.667  34   8.6   16  157  1
  402  1162.46  618.906  32   7.3   28  130  0
  403  1166.37  632.451  46   5.1   15  118  0
  404  1145.61  640.844  13  10.5   54  130  1
  405  1141.59  637.565  45   8.4   41  133  1
  406  1137.50  633.050  51   5.0   14   91  1
  407  1139.00  629.591  54   7.7   14  134  1
  408  1144.59  626.671  40   8.9   24  156  1
  409  1140.97  623.779  22  10.9   58  144  1
  410  1125.39  642.942  26   5.1   16   86  1
  411  1121.99  645.092  59   4.6   14   92  0
  412  1126.69  647.951  21   4.4   10   86  0
  413  1125.27  653.052  56   4.8   14  140  1
  414  1124.08  666.792  29  10.3   37   83  1
  415  1125.58  669.427  34  13.1   92  131  1
  416  1126.24  668.154  44  13.5  110  104  1
  855   945.45  667.734  42   7.9   35   98  0
  856   951.72  670.575  37  12.9   88  108  1
  857   959.59  670.627  56   5.0   15   78  0
  858   960.35  680.909  53   6.5   24   68  0
  859   967.82  675.362  35   4.3   11   85  0
  860   970.78  679.811  82   4.3    9   47  0
  861   973.69  675.311  35   6.4   24   75  1
  862   975.67  681.534  36   4.7   12   57  0
  863   978.07  680.000  58   6.3   23   66  0
  864   980.13  672.636  40   4.5   10   73  0
  865   978.21  668.044  21   8.3   20  116  1
  866   976.27  660.979  48   4.6   13   60  0
  867   980.59  651.237  41   6.9   28   61  1
  868   964.70  653.597  47   5.6   19   46  1
  869   969.06  663.696  61   7.2   28   61  1
  870   952.86  653.433  48   9.1   47   73  1
  871   943.15  656.744  41  10.7   58  106  1
  872   951.66  647.797  54   4.2   11   52  0
  873   960.41  645.858  60   4.0   10   44  0
  874   962.70  646.106  42   4.1   10   43  0
  875   977.38  626.946  30   5.6   16  102  1
  876   972.82  626.551  28   5.0   13   51  0
  877   963.27  628.396  62   4.8   11  113  0
  878   964.44  623.989  29  12.1   88  123  1
  879   965.97  618.360  36  11.8   55  125  1
  880   976.60  613.064  60   9.5   38  128  1
  881   969.96  603.612  60   6.2   24  102  1
  882   966.51  604.164  58   6.0   22   94  1
  883   958.53  618.193  56   5.2   17   89  0
  884   952.27  627.151  70   7.4   33  109  1
  885   944.86  624.403  47   5.6   18  102  1
  886   945.66  616.528  72   4.8   15   47  0
  887   948.64  613.275  49   4.9   15   54  0
  888   941.73  593.531  57   5.8   19  103  0
  889   938.40  592.406  16   6.9    9  139  1
  890   940.68  584.835  35   5.9   20  123  1
  891   951.67  573.965  44  10.9   64  117  1
  892   960.99  579.362  34   9.7   45  125  1
  893   963.97  576.608  53   9.3   29  126  1
  894   967.93  576.147  36   5.1   14  123  0
  895   973.75  574.041  32   5.1   13  111  0
  896   978.92  557.218  48   8.1   29  139  0
  897   974.51  553.710  27   5.0   14  118  0
  898   970.86  557.486  36   6.2   16  119  0
  899   971.48  560.938  45   5.9   15  131  0
  900   962.83  567.229  47   7.6   29  121  0
