4  2  2  0  0  1  2  2 10  5
3  4  2  0  0  0  2  3  8  8 19
6  2  1  0  0  0  2  7 14  8 22
5  5  7  3  3  1  4  9 10 12 12 29
5  3  0  1  0  0  2  8 11  6 20 27
4  2  0  0  0  0  3 11 14  9 17 30
1  0  0  0  0  0  2 12 21 12 12 27 21
1  0  0  0  0  0  4 12  9 12 15 19 32
3  3  1  0  0  2  6  7 12 12  5  6  7
7 16  1 10  8  4 12  5  3 15  5  8  3  2
9 15  7 11 14 10 13 11 12  7  6  2  3  3
2  7 10  9 13 10 14  8  8 16  8  6  4  2
                 15 16 11 11  9  8  3  3 3
		 17 14 10 10  3 11  6  5  5
		 12 12 12 11  2  4  4  3  0
		 9  10 11  2  5  7  1  2  1
		 6  9   9  7  3  3  1  2  3
		 4  10 10  0  3  2  1  3  1
