5 20 1877
11 21 1878
5 17 1882
12 17 1882
10 19 1884
11 9 1884
11 23 1884
5 25 1885
9 23 1885
9 15 1886
10 31 1886
8 17 1887
11 5 1889
11 23 1889
6 9 1890
5 25 1891
10 22 1891
11 5 1891
4 26 1893
9 5 1893
10 1 1893
12 12 1893
6 27 1894
7 26 1894
10 26 1895
5 7 1896
11 6 1896
8 18 1898
11 26 1899
5 6 1900
10 29 1904
3 10 1905
11 11 1906
10 17 1907
10 27 1907
12 6 1907
4 15 1908
7 3 1908
4 17 1909
9 23 1909
10 23 1909
10 31 1910
11 19 1910
7 24 1911
7 30 1911
5 15 1912
6 3 1912
5 5 1914
9 21 1914
11 22 1914
5 3 1915
9 24 1917
10 8 1919
4 24 1920
11 10 1920
11 22 1920
11 28 1920
5 6 1921
11 18 1921
5 16 1923
5 22 1924
6 4 1925
11 1 1925
11 29 1928
5 24 1930
11 18 1931
12 15 1931
7 8 1933
11 15 1933
4 26 1934
5 27 1934
10 4 1934
4 29 1935
9 28 1935
10 10 1936
11 26 1936
11 16 1937
5 20 1938
7 1 1938
5 26 1939
7 10 1939
12 2 1939
10 16 1940
5 18 1941
3 4 1942
7 31 1942
10 18 1943
10 23 1945
10 28 1947
11 30 1950
10 11 1953
12 1 1953
5 31 1954
9 30 1957
10 11 1958
10 31 1958
5 9 1959
6 30 1959
10 30 1960
5 28 1961
10 21 1961
12 23 1962
5 11 1963
6 1 1963
12 15 1963
1 3 1964
5 1 1964
10 1 1964
11 3 1964
11 21 1964
11 28 1964
5 18 1965
10 10 1965
10 23 1965
12 8 1965
5 10 1966
10 20 1966
10 28 1966
11 7 1967
5 7 1968
10 23 1968
11 12 1968
6 5 1969
9 29 1969
11 6 1969
9 10 1970
9 22 1970
11 22 1970
12 5 1970
11 9 1971
12 9 1971
8 15 1972
11 28 1972
5 7 1973
5 2 1974
9 11 1974
11 4 1974
11 16 1974
5 13 1975
11 12 1975
11 19 1975
