0.9986   0.0167
0.9939   0.0089
0.9877   0.0040
0.9816   0.0015
0.9755   0.0000
0.9693   0.0015
0.9601   0.0058
0.9509   0.0104
0.9356   0.0181
0.9203   0.0258
0.9049   0.0331
0.8896   0.0405
0.8742   0.0476
0.8589   0.0546
0.8436   0.0614
0.8282   0.0681
0.8129   0.0745
0.7976   0.0801
0.7822   0.0871
0.7669   0.0933
0.7515   0.0991
0.7362   0.1049
0.7209   0.1104
0.7055   0.1156
0.6902   0.1209
0.6749   0.1258
0.6595   0.1304
0.6442   0.1347
0.6288   0.1390
0.6135   0.1429
0.5982   0.1469
0.5828   0.1506
0.5675   0.1537
0.5522   0.1561
0.5368   0.1583
0.5215   0.1601
0.5061   0.1617
0.4908   0.1629
0.4755   0.1638
0.4601   0.1644
0.4448   0.1644
0.4295   0.1641
0.4141   0.1638
0.3988   0.1632
0.3834   0.1620
0.3681   0.1605
0.3528   0.1586
0.3374   0.1559
0.3221   0.1525
0.3068   0.1484
0.2914   0.1439
0.2761   0.1382
0.2607   0.1325
0.2454   0.1257
0.2301   0.1180
0.2147   0.1092
0.1994   0.1008
0.1841   0.0915
0.1687   0.0811
0.1534   0.0702
0.1380   0.0587
0.1227   0.0470
0.1074   0.0356
0.0920   0.0227
0.0767   0.0114
0.0614   0.0031
0.0460   0.0000
0.0307   0.0031
0.0153   0.0120
0.0061   0.0255
0.0000   0.0638
0.0061   0.1135
0.0153   0.1586
0.0307   0.1979
0.0460   0.2276
0.0614   0.2525
0.0767   0.2730
0.0920   0.2902
0.1074   0.3043
0.1227   0.3166
0.1380   0.3276
0.1534   0.3374
0.1687   0.3457
0.1841   0.3528
0.1994   0.3583
0.2147   0.3629
0.2301   0.3666
0.2454   0.3693
0.2607   0.3712
0.2761   0.3724
0.2914   0.3733
0.3068   0.3736
0.3221   0.3736
0.3374   0.3730
0.3528   0.3721
0.3681   0.3709
0.3834   0.3690
0.3988   0.3666
0.4141   0.3635
0.4295   0.3599
0.4448   0.3558
0.4601   0.3515
0.4755   0.3466
0.4908   0.3414
0.5061   0.3359
0.5215   0.3301
0.5368   0.3239
0.5522   0.3175
0.5675   0.3107
0.5828   0.3037
0.5982   0.2966
0.6135   0.2893
0.6288   0.2816
0.6442   0.2736
0.6595   0.2653
0.6749   0.2568
0.6902   0.2479
0.7055   0.2387
0.7209   0.2295
0.7362   0.2199
0.7515   0.2104
0.7669   0.2006
0.7822   0.1908
0.7976   0.1807
0.8129   0.1706
0.8282   0.1601
0.8436   0.1497
0.8589   0.1390
0.8742   0.1282
0.8896   0.1175
0.9049   0.1064
0.9203   0.0954
0.9356   0.0844
0.9509   0.0733
0.9601   0.0666
0.9816   0.0500
0.9877   0.0454
0.9939   0.0411
0.9986   0.0323
1.0000   0.0245
0.9986   0.0167
