   3.3935000e+02
   3.3996000e+02
   3.4059000e+02
   3.4117000e+02
   3.4167000e+02
   3.4213000e+02
   3.4261000e+02
   3.4310000e+02
   3.4349000e+02
   3.4360000e+02
   3.4334000e+02
   3.4272000e+02
   3.4190000e+02
   3.4101000e+02
   3.4018000e+02
   3.3941000e+02
   3.3866000e+02
   3.3793000e+02
   3.3732000e+02
   3.3700000e+02
   3.3707000e+02
   3.3752000e+02
   3.3821000e+02
   3.3896000e+02
   3.3960000e+02
   3.4010000e+02
   3.4051000e+02
   3.4089000e+02
   3.4132000e+02
   3.4184000e+02
   3.4239000e+02
   3.4292000e+02
   3.4340000e+02
   3.4378000e+02
   3.4399000e+02
   3.4396000e+02
   3.4369000e+02
   3.4328000e+02
   3.4285000e+02
   3.4236000e+02
   3.4168000e+02
   3.4069000e+02
   3.3945000e+02
   3.3824000e+02
   3.3736000e+02
   3.3701000e+02
   3.3717000e+02
   3.3769000e+02
   3.3837000e+02
   3.3911000e+02
   3.3984000e+02
   3.4056000e+02
   3.4128000e+02
   3.4179000e+02
   3.4207000e+02
   3.4215000e+02
   3.4225000e+02
   3.4264000e+02
   3.4343000e+02
   3.4446000e+02
   3.4537000e+02
   3.4586000e+02
   3.4587000e+02
   3.4551000e+02
   3.4495000e+02
   3.4423000e+02
   3.4334000e+02
   3.4227000e+02
   3.4116000e+02
   3.4021000e+02
   3.3960000e+02
   3.3940000e+02
   3.3954000e+02
   3.3991000e+02
   3.4040000e+02
   3.4100000e+02
   3.4171000e+02
   3.4248000e+02
   3.4326000e+02
   3.4381000e+02
   3.4415000e+02
   3.4436000e+02
   3.4461000e+02
   3.4506000e+02
   3.4570000e+02
   3.4641000e+02
   3.4699000e+02
   3.4728000e+02
   3.4725000e+02
   3.4696000e+02
   3.4646000e+02
   3.4577000e+02
   3.4491000e+02
   3.4391000e+02
   3.4285000e+02
   3.4189000e+02
   3.4122000e+02
   3.4098000e+02
   3.4119000e+02
   3.4169000e+02
   3.4230000e+02
   3.4289000e+02
   3.4339000e+02
   3.4379000e+02
   3.4414000e+02
   3.4442000e+02
   3.4478000e+02
   3.4530000e+02
   3.4593000e+02
   3.4655000e+02
   3.4707000e+02
   3.4753000e+02
   3.4796000e+02
   3.4834000e+02
   3.4853000e+02
   3.4841000e+02
   3.4793000e+02
   3.4714000e+02
   3.4612000e+02
   3.4501000e+02
   3.4399000e+02
   3.4319000e+02
   3.4269000e+02
   3.4247000e+02
   3.4252000e+02
   3.4283000e+02
   3.4336000e+02
   3.4402000e+02
   3.4469000e+02
   3.4526000e+02
   3.4571000e+02
   3.4597000e+02
   3.4615000e+02
   3.4636000e+02
   3.4674000e+02
   3.4735000e+02
   3.4811000e+02
   3.4888000e+02
   3.4948000e+02
   3.4980000e+02
   3.4979000e+02
   3.4943000e+02
   3.4875000e+02
   3.4785000e+02
   3.4690000e+02
   3.4601000e+02
   3.4524000e+02
   3.4456000e+02
   3.4397000e+02
   3.4354000e+02
   3.4343000e+02
   3.4378000e+02
   3.4453000e+02
   3.4545000e+02
   3.4623000e+02
   3.4674000e+02
   3.4705000e+02
   3.4730000e+02
   3.4762000e+02
   3.4801000e+02
   3.4846000e+02
   3.4898000e+02
   3.4961000e+02
   3.5032000e+02
   3.5100000e+02
   3.5148000e+02
   3.5166000e+02
   3.5152000e+02
   3.5107000e+02
   3.5033000e+02
   3.4938000e+02
   3.4834000e+02
   3.4740000e+02
   3.4670000e+02
   3.4631000e+02
   3.4620000e+02
   3.4635000e+02
   3.4677000e+02
   3.4742000e+02
   3.4817000e+02
   3.4883000e+02
   3.4929000e+02
   3.4965000e+02
   3.5002000e+02
   3.5052000e+02
   3.5109000e+02
   3.5163000e+02
   3.5212000e+02
   3.5263000e+02
   3.5319000e+02
   3.5372000e+02
   3.5407000e+02
   3.5414000e+02
   3.5395000e+02
   3.5355000e+02
   3.5298000e+02
   3.5221000e+02
   3.5125000e+02
   3.5019000e+02
   3.4926000e+02
   3.4868000e+02
   3.4854000e+02
   3.4875000e+02
   3.4911000e+02
   3.4951000e+02
   3.4996000e+02
   3.5055000e+02
   3.5127000e+02
   3.5207000e+02
   3.5255000e+02
   3.5277000e+02
   3.5287000e+02
   3.5307000e+02
   3.5351000e+02
   3.5422000e+02
   3.5502000e+02
   3.5566000e+02
   3.5597000e+02
   3.5592000e+02
   3.5563000e+02
   3.5519000e+02
   3.5459000e+02
   3.5374000e+02
   3.5260000e+02
   3.5130000e+02
   3.5012000e+02
   3.4936000e+02
   3.4913000e+02
   3.4937000e+02
   3.4991000e+02
