BEGIN
 0.00000000000000E+0000 135
 4.00000000000205E-0002 117
 8.00000000000409E-0002 88
 1.20000000000005E-0001 63
 1.60000000000082E-0001 46
 2.00000000000045E-0001 35
 2.40000000000009E-0001 31
 2.80000000000200E-0001 27
 3.20000000000164E-0001 28
 3.60000000000127E-0001 31
 4.00000000000091E-0001 36
 4.40000000000055E-0001 47
 4.80000000000018E-0001 62
 5.20000000000437E-0001 85
 5.60000000000400E-0001 111
 6.00000000000364E-0001 134
 6.40000000000327E-0001 136
 6.80000000000291E-0001 115
 7.20000000000255E-0001 87
 7.60000000000218E-0001 59
 8.00000000000182E-0001 40
 8.40000000000146E-0001 30
 8.80000000000109E-0001 24
 9.20000000000073E-0001 22
 9.60000000000036E-0001 22
 1.00000000000000E+0000 22
 1.04000000000087E+0000 25
 1.07999999999993E+0000 29
 1.12000000000080E+0000 37
 1.15999999999985E+0000 53
 1.20000000000073E+0000 76
 1.23999999999978E+0000 107
 1.28000000000065E+0000 140
 1.31999999999971E+0000 153
 1.36000000000058E+0000 135
 1.39999999999964E+0000 100
 1.44000000000051E+0000 64
 1.47999999999956E+0000 41
 1.52000000000044E+0000 30
 1.55999999999949E+0000 23
 1.60000000000036E+0000 21
 1.63999999999942E+0000 19
 1.68000000000029E+0000 19
 1.71999999999935E+0000 20
 1.76000000000022E+0000 21
 1.79999999999927E+0000 25
 1.84000000000015E+0000 33
 1.87999999999920E+0000 49
 1.92000000000007E+0000 76
 1.95999999999913E+0000 118
 2.00000000000000E+0000 163
 2.04000000000087E+0000 181
 2.08000000000175E+0000 157
 2.11999999999898E+0000 106
 2.15999999999985E+0000 60
 2.20000000000073E+0000 36
 2.24000000000160E+0000 23
 2.27999999999884E+0000 18
 2.31999999999971E+0000 17
 2.36000000000058E+0000 16
 2.40000000000146E+0000 16
 2.43999999999869E+0000 15
 2.47999999999956E+0000 15
 2.52000000000044E+0000 16
 2.56000000000131E+0000 17
 2.59999999999854E+0000 20
 2.63999999999942E+0000 25
 2.68000000000029E+0000 34
 2.72000000000116E+0000 56
 2.75999999999840E+0000 98
 2.79999999999927E+0000 172
 2.84000000000015E+0000 242
 2.88000000000102E+0000 239
 2.91999999999825E+0000 157
 2.95999999999913E+0000 75
 3.00000000000000E+0000 32
 3.04000000000087E+0000 17
 3.08000000000175E+0000 16
 3.11999999999898E+0000 17
 3.15999999999985E+0000 19
 3.20000000000073E+0000 23
 3.24000000000160E+0000 29
 3.27999999999884E+0000 38
 3.31999999999971E+0000 52
 3.36000000000058E+0000 72
 3.40000000000146E+0000 98
 3.43999999999869E+0000 124
 3.47999999999956E+0000 135
 3.52000000000044E+0000 126
 3.56000000000131E+0000 98
 3.59999999999854E+0000 70
 3.63999999999942E+0000 50
 3.68000000000029E+0000 37
 3.72000000000116E+0000 32
 3.75999999999840E+0000 29
 3.79999999999927E+0000 28
 3.84000000000015E+0000 29
 3.88000000000102E+0000 33
 3.91999999999825E+0000 44
 3.95999999999913E+0000 56
 4.00000000000000E+0000 77
 4.04000000000087E+0000 103
 4.08000000000175E+0000 126
 4.12000000000262E+0000 139
 4.16000000000349E+0000 125
 4.19999999999709E+0000 96
 4.23999999999796E+0000 65
 4.27999999999884E+0000 46
 4.31999999999971E+0000 33
 4.36000000000058E+0000 26
 4.40000000000146E+0000 23
 4.44000000000233E+0000 21
 4.48000000000320E+0000 21
 4.51999999999680E+0000 24
 4.55999999999767E+0000 26
 4.59999999999854E+0000 34
 4.63999999999942E+0000 45
 4.68000000000029E+0000 67
 4.72000000000116E+0000 96
 4.76000000000204E+0000 130
 4.80000000000291E+0000 151
 4.83999999999651E+0000 145
 4.87999999999738E+0000 112
 4.91999999999825E+0000 76
 4.95999999999913E+0000 48
 5.00000000000000E+0000 32
 5.04000000000087E+0000 25
 5.08000000000175E+0000 20
 5.12000000000262E+0000 20
 5.16000000000349E+0000 19
 5.19999999999709E+0000 20
 5.23999999999796E+0000 21
 5.27999999999884E+0000 24
 5.31999999999971E+0000 29
 5.36000000000058E+0000 43
 5.40000000000146E+0000 64
 5.44000000000233E+0000 101
 5.48000000000320E+0000 148
 5.51999999999680E+0000 181
 5.55999999999767E+0000 170
 5.59999999999854E+0000 125
 5.63999999999942E+0000 74
 5.68000000000029E+0000 42
 5.72000000000116E+0000 26
 5.76000000000204E+0000 19
 5.80000000000291E+0000 14
 5.83999999999651E+0000 16
 5.87999999999738E+0000 15
 5.91999999999825E+0000 16
 5.95999999999913E+0000 15
 6.00000000000000E+0000 17
 6.04000000000087E+0000 16
 6.08000000000175E+0000 19
 6.12000000000262E+0000 22
 6.16000000000349E+0000 30
 6.19999999999709E+0000 47
 6.23999999999796E+0000 83
 6.27999999999884E+0000 147
 6.31999999999971E+0000 225
 6.36000000000058E+0000 250
 6.40000000000146E+0000 185
 6.44000000000233E+0000 96
 6.48000000000320E+0000 41
 6.51999999999680E+0000 20
 6.55999999999767E+0000 15
 6.59999999999854E+0000 17
 6.63999999999942E+0000 19
 6.68000000000029E+0000 23
 6.72000000000116E+0000 27
 6.76000000000204E+0000 36
 6.80000000000291E+0000 46
 6.83999999999651E+0000 65
 6.87999999999738E+0000 91
 6.91999999999825E+0000 120
 6.95999999999913E+0000 135
 7.00000000000000E+0000 132
 7.04000000000087E+0000 106
 7.08000000000175E+0000 78
 7.12000000000262E+0000 55
 7.16000000000349E+0000 40
 7.19999999999709E+0000 31
 7.23999999999796E+0000 29
 7.27999999999884E+0000 27
 7.31999999999971E+0000 28
 7.36000000000058E+0000 33
 7.40000000000146E+0000 40
 7.44000000000233E+0000 51
 7.48000000000320E+0000 69
 7.51999999999680E+0000 96
 7.55999999999767E+0000 123
 7.59999999999854E+0000 136
 7.63999999999942E+0000 129
 7.68000000000029E+0000 104
 7.72000000000116E+0000 73
 7.76000000000204E+0000 49
 7.80000000000291E+0000 35
 7.83999999999651E+0000 29
 7.87999999999738E+0000 24
 7.91999999999825E+0000 22
 7.95999999999913E+0000 21
 8.00000000000000E+0000 24
 8.03999999999360E+0000 27
 8.08000000000175E+0000 32
 8.11999999999534E+0000 44
 8.16000000000349E+0000 62
 8.19999999999709E+0000 89
 8.24000000000524E+0000 122
 8.27999999999884E+0000 149
 8.32000000000698E+0000 149
 8.36000000000058E+0000 122
 8.39999999999418E+0000 85
 8.44000000000233E+0000 55
 8.47999999999593E+0000 37
 8.52000000000407E+0000 27
 8.55999999999767E+0000 22
 8.60000000000582E+0000 20
 8.63999999999942E+0000 19
 8.67999999999302E+0000 20
 8.72000000000116E+0000 22
 8.75999999999476E+0000 24
 8.80000000000291E+0000 28
 8.83999999999651E+0000 39
 8.88000000000466E+0000 60
 8.91999999999825E+0000 94
 8.96000000000640E+0000 138
 9.00000000000000E+0000 176
 9.03999999999360E+0000 176
 9.08000000000175E+0000 136
 9.11999999999534E+0000 85
 9.16000000000349E+0000 49
 9.19999999999709E+0000 30
 9.24000000000524E+0000 22
 9.27999999999884E+0000 19
 9.32000000000698E+0000 16
 9.36000000000058E+0000 15
 9.39999999999418E+0000 14
 9.44000000000233E+0000 16
 9.47999999999593E+0000 16
 9.52000000000407E+0000 17
 9.55999999999767E+0000 18
 9.60000000000582E+0000 21
 9.63999999999942E+0000 28
 9.67999999999302E+0000 40
 9.72000000000116E+0000 69
 9.75999999999476E+0000 124
 9.80000000000291E+0000 206
 9.83999999999651E+0000 252
 9.88000000000466E+0000 210
 9.91999999999825E+0000 119
 9.96000000000640E+0000 52
 1.00000000000000E+0001 23
 1.00399999999936E+0001 16
 1.00800000000017E+0001 15
 1.01199999999953E+0001 17
 1.01600000000035E+0001 20
 1.01999999999971E+0001 26
 1.02400000000052E+0001 32
 1.02799999999988E+0001 43
 1.03200000000070E+0001 59
 1.03600000000006E+0001 83
 1.03999999999942E+0001 111
 1.04400000000023E+0001 132
 1.04799999999959E+0001 134
 1.05200000000041E+0001 116
 1.05599999999977E+0001 86
 1.06000000000058E+0001 60
 1.06399999999994E+0001 44
 1.06799999999930E+0001 35
 1.07200000000012E+0001 28
 1.07599999999948E+0001 27
 1.08000000000029E+0001 27
 1.08399999999965E+0001 30
 1.08800000000047E+0001 36
 1.09199999999983E+0001 48
 1.09600000000064E+0001 64
 1.10000000000000E+0001 87
 1.10399999999936E+0001 115
 1.10800000000017E+0001 134
 1.11199999999953E+0001 134
 1.11600000000035E+0001 113
 1.11999999999971E+0001 83
 1.12400000000052E+0001 57
 1.12799999999988E+0001 40
 1.13200000000070E+0001 30
 1.13600000000006E+0001 25
 1.13999999999942E+0001 22
 1.14400000000023E+0001 21
 1.14799999999959E+0001 22
 1.15200000000041E+0001 24
 1.15599999999977E+0001 30
 1.16000000000058E+0001 38
 1.16399999999994E+0001 55
 1.16799999999930E+0001 79
 1.17200000000012E+0001 112
 1.17599999999948E+0001 143
 1.18000000000029E+0001 154
 1.18399999999965E+0001 135
 1.18800000000047E+0001 97
 1.19199999999983E+0001 63
 1.19600000000064E+0001 40
 1.20000000000000E+0001 30
 1.20399999999936E+0001 23
 1.20800000000017E+0001 20
 1.21199999999953E+0001 20
 1.21600000000035E+0001 20
 1.21999999999971E+0001 20
 1.22400000000052E+0001 22
 1.22799999999988E+0001 27
 1.23200000000070E+0001 35
 1.23600000000006E+0001 50
 1.23999999999942E+0001 78
 1.24400000000023E+0001 121
 1.24799999999959E+0001 166
 1.25200000000041E+0001 183
 1.25599999999977E+0001 154
 1.26000000000058E+0001 104
 1.26399999999994E+0001 59
 1.26799999999930E+0001 35
 1.27200000000012E+0001 24
 1.27599999999948E+0001 19
 1.28000000000029E+0001 17
 1.28399999999965E+0001 17
 1.28800000000047E+0001 16
 1.29199999999983E+0001 17
 1.29600000000064E+0001 16
 1.30000000000000E+0001 17
 1.30399999999936E+0001 17
 1.30800000000017E+0001 20
 1.31199999999953E+0001 25
 1.31600000000035E+0001 37
 1.31999999999971E+0001 58
 1.32400000000052E+0001 106
 1.32799999999988E+0001 181
 1.33200000000070E+0001 247
 1.33600000000006E+0001 232
 1.33999999999942E+0001 147
 1.34400000000023E+0001 66
 1.34799999999959E+0001 29
 1.35200000000041E+0001 17
 1.35599999999977E+0001 15
 1.36000000000058E+0001 18
 1.36399999999994E+0001 21
 1.36799999999930E+0001 24
 1.37200000000012E+0001 29
 1.37599999999948E+0001 39
 1.38000000000029E+0001 54
 1.38399999999965E+0001 75
 1.38800000000047E+0001 102
 1.39199999999983E+0001 128
 1.39600000000064E+0001 136
 1.40000000000000E+0001 123
 1.40399999999936E+0001 95
 1.40800000000017E+0001 68
 1.41199999999953E+0001 47
 1.41600000000035E+0001 37
 1.41999999999971E+0001 30
 1.42400000000052E+0001 28
 1.42799999999988E+0001 27
 1.43200000000070E+0001 30
 1.43600000000006E+0001 33
 1.43999999999942E+0001 45
 1.44400000000023E+0001 58
 1.44799999999959E+0001 81
 1.45200000000041E+0001 107
 1.45599999999977E+0001 130
 1.46000000000058E+0001 136
 1.46399999999994E+0001 120
 1.46799999999930E+0001 91
 1.47200000000012E+0001 64
 1.47599999999948E+0001 43
 1.48000000000029E+0001 33
 1.48399999999965E+0001 25
 1.48800000000047E+0001 22
 1.49199999999983E+0001 20
 1.49600000000064E+0001 23
 1.50000000000000E+0001 24
 1.50399999999936E+0001 27
 1.50800000000017E+0001 35
 1.51199999999953E+0001 48
 1.51600000000035E+0001 70
 1.51999999999971E+0001 101
 1.52400000000052E+0001 134
 1.52799999999988E+0001 152
 1.53200000000070E+0001 140
 1.53600000000006E+0001 107
 1.53999999999942E+0001 70
 1.54400000000023E+0001 46
 1.54799999999959E+0001 29
 1.55200000000041E+0001 24
 1.55599999999977E+0001 20
 1.56000000000058E+0001 19
 1.56399999999994E+0001 19
 1.56799999999930E+0001 19
 1.57200000000012E+0001 21
 1.57599999999948E+0001 26
 1.58000000000029E+0001 32
 1.58399999999965E+0001 45
 1.58800000000047E+0001 70
 1.59199999999983E+0001 108
 1.59600000000064E+0001 155
 1.60000000000000E+0001 181
 1.60400000000081E+0001 163
 1.60799999999872E+0001 114
 1.61199999999953E+0001 68
 1.61600000000035E+0001 38
 1.62000000000116E+0001 24
 1.62399999999907E+0001 19
 1.62799999999988E+0001 17
 1.63200000000070E+0001 16
 1.63599999999860E+0001 15
 1.63999999999942E+0001 14
 1.64400000000023E+0001 15
 1.64800000000105E+0001 15
 1.65199999999895E+0001 17
 1.65599999999977E+0001 18
 1.66000000000058E+0001 23
 1.66400000000140E+0001 30
 1.66799999999930E+0001 49
 1.67200000000012E+0001 88
 1.67600000000093E+0001 158
 1.67999999999884E+0001 234
 1.68399999999965E+0001 246
 1.68800000000047E+0001 174
 1.69200000000128E+0001 86
 1.69599999999919E+0001 36
 1.70000000000000E+0001 19
 1.70400000000081E+0001 16
 1.70799999999872E+0001 16
 1.71199999999953E+0001 19
 1.71600000000035E+0001 22
 1.72000000000116E+0001 27
 1.72399999999907E+0001 36
 1.72799999999988E+0001 49
 1.73200000000070E+0001 68
 1.73599999999860E+0001 94
 1.73999999999942E+0001 121
 1.74400000000023E+0001 137
 1.74800000000105E+0001 130
 1.75199999999895E+0001 104
 1.75599999999977E+0001 75
 1.76000000000058E+0001 54
 1.76400000000140E+0001 39
 1.76799999999930E+0001 31
 1.77200000000012E+0001 28
 1.77600000000093E+0001 28
 1.77999999999884E+0001 29
 1.78399999999965E+0001 33
 1.78800000000047E+0001 40
 1.79200000000128E+0001 55
 1.79599999999919E+0001 73
 1.80000000000000E+0001 99
 1.80400000000081E+0001 123
 1.80799999999872E+0001 137
 1.81199999999953E+0001 127
 1.81600000000035E+0001 100
 1.82000000000116E+0001 71
 1.82399999999907E+0001 49
 1.82799999999988E+0001 34
 1.83200000000070E+0001 27
 1.83599999999860E+0001 24
 1.83999999999942E+0001 22
 1.84400000000023E+0001 21
 1.84800000000105E+0001 22
 1.85199999999895E+0001 27
 1.85599999999977E+0001 32
 1.86000000000058E+0001 43
 1.86400000000140E+0001 62
 1.86799999999930E+0001 90
 1.87200000000012E+0001 125
 1.87600000000093E+0001 150
 1.87999999999884E+0001 147
 1.88399999999965E+0001 118
 1.88800000000047E+0001 81
 1.89200000000128E+0001 53
 1.89599999999919E+0001 36
 1.90000000000000E+0001 25
 1.90400000000081E+0001 20
 1.90799999999872E+0001 19
 1.91199999999953E+0001 18
 1.91600000000035E+0001 18
 1.92000000000116E+0001 20
 1.92399999999907E+0001 23
 1.92799999999988E+0001 28
 1.93200000000070E+0001 40
 1.93599999999860E+0001 60
 1.93999999999942E+0001 95
 1.94400000000023E+0001 140
 1.94800000000105E+0001 176
 1.95199999999895E+0001 175
 1.95599999999977E+0001 133
 1.96000000000058E+0001 82
 1.96400000000140E+0001 47
 1.96799999999930E+0001 28
 1.97200000000012E+0001 20
 1.97600000000093E+0001 17
 1.97999999999884E+0001 16
 1.98399999999965E+0001 15
 1.98800000000047E+0001 16
 1.99200000000128E+0001 15
 1.99599999999919E+0001 17
 2.00000000000000E+0001 17
 2.00400000000081E+0001 20
 2.00799999999872E+0001 22
 2.01199999999953E+0001 28
 2.01600000000035E+0001 43
 2.02000000000116E+0001 74
 2.02399999999907E+0001 134
 2.02799999999988E+0001 215
 2.03200000000070E+0001 253
 2.03599999999860E+0001 202
 2.03999999999942E+0001 109
 2.04400000000023E+0001 47
 2.04800000000105E+0001 23
 2.05199999999895E+0001 16
 2.05599999999977E+0001 16
 2.06000000000058E+0001 18
 2.06400000000140E+0001 21
 2.06799999999930E+0001 27
 2.07200000000012E+0001 33
 2.07600000000093E+0001 46
 2.07999999999884E+0001 62
 2.08399999999965E+0001 85
 2.08800000000047E+0001 114
 2.09200000000128E+0001 134
 2.09599999999919E+0001 134
 2.10000000000000E+0001 112
 2.10400000000081E+0001 84
 2.10799999999872E+0001 58
 2.11199999999953E+0001 41
 2.11600000000035E+0001 33
 2.12000000000116E+0001 29
 2.12399999999907E+0001 28
 2.12799999999988E+0001 29
 2.13200000000070E+0001 32
 2.13599999999860E+0001 38
 2.13999999999942E+0001 48
 2.14400000000023E+0001 65
 2.14800000000105E+0001 90
 2.15199999999895E+0001 118
 2.15599999999977E+0001 135
 2.16000000000058E+0001 132
 2.16400000000140E+0001 109
 2.16799999999930E+0001 79
 2.17200000000012E+0001 54
 2.17600000000093E+0001 37
 2.17999999999884E+0001 28
 2.18399999999965E+0001 25
 2.18800000000047E+0001 21
 2.19200000000128E+0001 21
 2.19599999999919E+0001 23
 2.20000000000000E+0001 25
 2.20400000000081E+0001 30
 2.20799999999872E+0001 40
 2.21199999999953E+0001 57
 2.21600000000035E+0001 82
 2.22000000000116E+0001 116
 2.22399999999907E+0001 146
 2.22799999999988E+0001 151
 2.23200000000070E+0001 128
 2.23599999999860E+0001 92
 2.23999999999942E+0001 60
 2.24400000000023E+0001 38
 2.24800000000105E+0001 28
 2.25199999999895E+0001 23
 2.25599999999977E+0001 20
 2.26000000000058E+0001 19
 2.26400000000140E+0001 19
 2.26799999999930E+0001 20
 2.27200000000012E+0001 21
 2.27600000000093E+0001 27
 2.27999999999884E+0001 36
 2.28399999999965E+0001 54
 2.28800000000047E+0001 83
 2.29200000000128E+0001 128
 2.29599999999919E+0001 171
 2.30000000000000E+0001 179
 2.30400000000081E+0001 146
 2.30799999999872E+0001 94
 2.31199999999953E+0001 55
 2.31600000000035E+0001 32
 2.32000000000116E+0001 22
 2.32399999999907E+0001 17
 2.32799999999988E+0001 17
 2.33200000000070E+0001 16
 2.33599999999860E+0001 16
 2.33999999999942E+0001 16
 2.34400000000023E+0001 17
 2.34800000000105E+0001 16
 2.35199999999895E+0001 19
 2.35599999999977E+0001 21
 2.36000000000058E+0001 26
 2.36400000000140E+0001 37
 2.36799999999930E+0001 63
 2.37200000000012E+0001 114
 2.37600000000093E+0001 191
 2.37999999999884E+0001 249
 2.38399999999965E+0001 225
 2.38800000000047E+0001 135
 2.39200000000128E+0001 60
 2.39599999999919E+0001 27
 2.40000000000000E+0001 17
 2.40400000000081E+0001 16
 2.40799999999872E+0001 18
 2.41199999999953E+0001 21
 2.41600000000035E+0001 26
 2.42000000000116E+0001 31
 2.42399999999907E+0001 40
 2.42799999999988E+0001 57
 2.43200000000070E+0001 79
 2.43599999999860E+0001 107
 2.43999999999942E+0001 131
 2.44400000000023E+0001 137
 2.44800000000105E+0001 121
 2.45199999999895E+0001 92
 2.45599999999977E+0001 65
 2.46000000000058E+0001 47
 2.46400000000140E+0001 36
 2.46799999999930E+0001 30
 2.47200000000012E+0001 27
 2.47600000000093E+0001 27
 2.47999999999884E+0001 31
 2.48399999999965E+0001 36
 2.48800000000047E+0001 46
 2.49200000000128E+0001 60
 2.49599999999919E+0001 82
 2.50000000000000E+0001 111
 2.50400000000081E+0001 132
 2.50799999999872E+0001 136
 2.51199999999953E+0001 117
 2.51600000000035E+0001 89
 2.52000000000116E+0001 61
 2.52399999999907E+0001 42
 2.52799999999988E+0001 31
 2.53200000000070E+0001 25
 2.53599999999860E+0001 23
 2.53999999999942E+0001 21
 2.54400000000023E+0001 22
 2.54800000000105E+0001 23
 2.55199999999895E+0001 27
 2.55599999999977E+0001 37
 2.56000000000058E+0001 50
 2.56400000000140E+0001 72
 2.56799999999930E+0001 105
 2.57200000000012E+0001 137
 2.57600000000093E+0001 153
 2.57999999999884E+0001 139
 2.58399999999965E+0001 103
 2.58800000000047E+0001 68
 2.59200000000128E+0001 43
 2.59599999999919E+0001 31
 2.60000000000000E+0001 22
 2.60400000000081E+0001 21
 2.60799999999872E+0001 20
 2.61199999999953E+0001 20
 2.61600000000035E+0001 21
 2.62000000000116E+0001 22
 2.62399999999907E+0001 26
 2.62799999999988E+0001 34
 2.63200000000070E+0001 46
 2.63599999999860E+0001 73
 2.63999999999942E+0001 114
 2.64400000000023E+0001 159
 2.64800000000105E+0001 182
 2.65199999999895E+0001 163
 2.65599999999977E+0001 112
 2.66000000000058E+0001 63
 2.66400000000140E+0001 38
 2.66799999999930E+0001 23
 2.67200000000012E+0001 19
 2.67600000000093E+0001 16
 2.67999999999884E+0001 16
 2.68399999999965E+0001 15
 2.68800000000047E+0001 15
 2.69200000000128E+0001 16
 2.69599999999919E+0001 17
 2.70000000000000E+0001 16
 2.70400000000081E+0001 19
 2.70799999999872E+0001 24
 2.71199999999953E+0001 32
 2.71600000000035E+0001 52
 2.72000000000116E+0001 95
 2.72399999999907E+0001 167
 2.72799999999988E+0001 239
 2.73200000000070E+0001 242
 2.73599999999860E+0001 162
 2.73999999999942E+0001 77
 2.74400000000023E+0001 33
 2.74800000000105E+0001 17
 2.75199999999895E+0001 14
 2.75599999999977E+0001 16
 2.76000000000058E+0001 19
 2.76400000000140E+0001 22
 2.76799999999930E+0001 27
 2.77200000000012E+0001 36
 2.77600000000093E+0001 49
 2.77999999999884E+0001 70
 2.78399999999965E+0001 96
 2.78800000000047E+0001 123
 2.79200000000128E+0001 134
 2.79599999999919E+0001 126
 2.80000000000000E+0001 99
 2.80400000000081E+0001 71
 2.80799999999872E+0001 50
 2.81199999999953E+0001 37
 2.81600000000035E+0001 30
 2.82000000000116E+0001 27
 2.82399999999907E+0001 27
 2.82799999999988E+0001 30
 2.83200000000070E+0001 33
 2.83599999999860E+0001 42
 2.83999999999942E+0001 55
 2.84400000000023E+0001 75
 2.84800000000105E+0001 101
 2.85199999999895E+0001 128
 2.85599999999977E+0001 138
 2.86000000000058E+0001 125
 2.86400000000140E+0001 97
 2.86799999999930E+0001 67
 2.87200000000012E+0001 45
 2.87600000000093E+0001 32
 2.87999999999884E+0001 26
 2.88399999999965E+0001 23
 2.88800000000047E+0001 21
 2.89200000000128E+0001 23
 2.89599999999919E+0001 23
 2.90000000000000E+0001 26
 2.90400000000081E+0001 33
 2.90799999999872E+0001 45
 2.91199999999953E+0001 65
 2.91600000000035E+0001 95
 2.92000000000116E+0001 129
 2.92399999999907E+0001 151
 2.92799999999988E+0001 145
 2.93200000000070E+0001 113
 2.93599999999860E+0001 76
 2.93999999999942E+0001 48
 2.94400000000023E+0001 33
 2.94800000000105E+0001 24
 2.95199999999895E+0001 20
 2.95599999999977E+0001 18
 2.96000000000058E+0001 18
 2.96400000000140E+0001 18
 2.96799999999930E+0001 20
 2.97200000000012E+0001 23
 2.97600000000093E+0001 29
 2.97999999999884E+0001 42
 2.98399999999965E+0001 63
 2.98800000000047E+0001 101
 2.99200000000128E+0001 147
 2.99599999999919E+0001 179
 3.00000000000000E+0001 170
 3.00400000000081E+0001 125
 3.00799999999872E+0001 76
 3.01199999999953E+0001 42
 3.01600000000035E+0001 27
 3.02000000000116E+0001 19
 3.02399999999907E+0001 17
 3.02799999999988E+0001 14
 3.03200000000070E+0001 14
 3.03599999999860E+0001 16
 3.03999999999942E+0001 15
 3.04400000000023E+0001 16
 3.04800000000105E+0001 16
 3.05199999999895E+0001 19
 3.05599999999977E+0001 22
 3.06000000000058E+0001 30
 3.06400000000140E+0001 46
 3.06799999999930E+0001 80
 3.07200000000012E+0001 144
 3.07600000000093E+0001 222
 3.07999999999884E+0001 250
 3.08399999999965E+0001 190
 3.08800000000047E+0001 99
 3.09200000000128E+0001 42
 3.09599999999919E+0001 20
 3.10000000000000E+0001 15
 3.10400000000081E+0001 15
 3.10799999999872E+0001 19
 3.11199999999953E+0001 21
 3.11600000000035E+0001 26
 3.12000000000116E+0001 34
 3.12399999999907E+0001 47
 3.12799999999988E+0001 63
 3.13200000000070E+0001 89
 3.13599999999860E+0001 115
 3.13999999999942E+0001 135
 3.14400000000023E+0001 131
 3.14800000000105E+0001 108
 3.15199999999895E+0001 79
 3.15599999999977E+0001 56
 3.16000000000058E+0001 41
 3.16400000000140E+0001 33
 3.16799999999930E+0001 29
 3.17200000000012E+0001 26
 3.17600000000093E+0001 28
 3.17999999999884E+0001 32
 3.18399999999965E+0001 39
 3.18800000000047E+0001 51
 3.19200000000128E+0001 68
 3.19599999999919E+0001 94
 3.20000000000000E+0001 121
 3.20399999999790E+0001 137
 3.20800000000163E+0001 130
 3.21199999999953E+0001 105
 3.21599999999744E+0001 76
 3.22000000000116E+0001 51
 3.22399999999907E+0001 38
 3.22800000000279E+0001 28
 3.23200000000070E+0001 24
 3.23599999999860E+0001 21
 3.24000000000233E+0001 22
 3.24400000000023E+0001 21
 3.24799999999814E+0001 25
 3.25200000000186E+0001 31
 3.25599999999977E+0001 41
 3.25999999999767E+0001 57
 3.26400000000140E+0001 85
 3.26799999999930E+0001 119
 3.27199999999721E+0001 147
 3.27600000000093E+0001 151
 3.27999999999884E+0001 125
 3.28400000000256E+0001 88
 3.28800000000047E+0001 57
 3.29199999999837E+0001 37
 3.29600000000210E+0001 28
 3.30000000000000E+0001 21
 3.30399999999790E+0001 20
 3.30800000000163E+0001 18
 3.31199999999953E+0001 18
 3.31599999999744E+0001 20
 3.32000000000116E+0001 22
 3.32399999999907E+0001 27
 3.32800000000279E+0001 38
 3.33200000000070E+0001 56
 3.33599999999860E+0001 87
 3.34000000000233E+0001 132
 3.34400000000023E+0001 173
 3.34799999999814E+0001 178
 3.35200000000186E+0001 142
 3.35599999999977E+0001 90
 3.35999999999767E+0001 50
 3.36400000000140E+0001 31
 3.36799999999930E+0001 20
 3.37199999999721E+0001 18
 3.37600000000093E+0001 17
 3.37999999999884E+0001 15
 3.38400000000256E+0001 16
 3.38800000000047E+0001 16
 3.39199999999837E+0001 16
 3.39600000000210E+0001 17
 3.40000000000000E+0001 18
 3.40399999999790E+0001 20
 3.40800000000163E+0001 26
 3.41199999999953E+0001 39
 3.41599999999744E+0001 66
 3.42000000000116E+0001 122
 3.42399999999907E+0001 201
 3.42800000000279E+0001 252
 3.43200000000070E+0001 214
 3.43599999999860E+0001 124
 3.44000000000233E+0001 53
 3.44400000000023E+0001 24
 3.44799999999814E+0001 15
 3.45200000000186E+0001 15
 3.45599999999977E+0001 17
 3.45999999999767E+0001 19
 3.46400000000140E+0001 24
 3.46799999999930E+0001 31
 3.47199999999721E+0001 42
 3.47600000000093E+0001 57
 3.47999999999884E+0001 81
 3.48400000000256E+0001 109
 3.48800000000047E+0001 131
 3.49199999999837E+0001 135
 3.49600000000210E+0001 116
 3.50000000000000E+0001 87
 3.50399999999790E+0001 62
 3.50800000000163E+0001 45
 3.51199999999953E+0001 34
 3.51599999999744E+0001 30
 3.52000000000116E+0001 26
 3.52399999999907E+0001 28
 3.52800000000279E+0001 31
 3.53200000000070E+0001 36
 3.53599999999860E+0001 46
 3.54000000000233E+0001 62
 3.54400000000023E+0001 86
 3.54799999999814E+0001 113
 3.55200000000186E+0001 134
 3.55599999999977E+0001 135
 3.55999999999767E+0001 115
 3.56400000000140E+0001 84
 3.56799999999930E+0001 59
 3.57199999999721E+0001 40
 3.57600000000093E+0001 31
 3.57999999999884E+0001 24
 3.58400000000256E+0001 23
 3.58800000000047E+0001 22
 3.59199999999837E+0001 21
 3.59600000000210E+0001 25
 3.60000000000000E+0001 30
 3.60399999999790E+0001 37
 3.60800000000163E+0001 52
 3.61199999999953E+0001 77
 3.61599999999744E+0001 109
 3.62000000000116E+0001 141
 3.62399999999907E+0001 152
 3.62800000000279E+0001 134
 3.63200000000070E+0001 98
 3.63599999999860E+0001 64
 3.64000000000233E+0001 41
 3.64400000000023E+0001 28
 3.64799999999814E+0001 22
 3.65200000000186E+0001 18
 3.65599999999977E+0001 18
 3.65999999999767E+0001 19
 3.66400000000140E+0001 20
 3.66799999999930E+0001 22
 3.67199999999721E+0001 26
 3.67600000000093E+0001 34
 3.67999999999884E+0001 48
 3.68400000000256E+0001 77
 3.68800000000047E+0001 119
 3.69199999999837E+0001 164
 3.69600000000210E+0001 182
 3.70000000000000E+0001 155
 3.70399999999790E+0001 103
 3.70800000000163E+0001 60
 3.71199999999953E+0001 35
 3.71599999999744E+0001 24
 3.72000000000116E+0001 18
 3.72399999999907E+0001 16
 3.72800000000279E+0001 16
 3.73200000000070E+0001 16
 3.73599999999860E+0001 15
 3.74000000000233E+0001 16
 3.74400000000023E+0001 17
 3.74799999999814E+0001 18
 3.75200000000186E+0001 19
 3.75599999999977E+0001 24
 3.75999999999767E+0001 34
 3.76400000000140E+0001 56
 3.76799999999930E+0001 102
 3.77199999999721E+0001 178
 3.77600000000093E+0001 244
 3.77999999999884E+0001 235
 3.78400000000256E+0001 151
 3.78800000000047E+0001 70
 3.79199999999837E+0001 30
 3.79600000000210E+0001 17
 3.80000000000000E+0001 13
 3.80399999999790E+0001 16
 3.80800000000163E+0001 20
 3.81199999999953E+0001 24
 3.81599999999744E+0001 29
 3.82000000000116E+0001 37
 3.82399999999907E+0001 53
 3.82800000000279E+0001 74
 3.83200000000070E+0001 101
 3.83599999999860E+0001 126
 3.84000000000233E+0001 135
 3.84400000000023E+0001 124
 3.84799999999814E+0001 96
 3.85200000000186E+0001 69
 3.85599999999977E+0001 48
 3.85999999999767E+0001 37
 3.86400000000140E+0001 30
 3.86799999999930E+0001 27
 3.87199999999721E+0001 27
 3.87600000000093E+0001 29
 3.87999999999884E+0001 33
 3.88400000000256E+0001 42
 3.88800000000047E+0001 57
 3.89199999999837E+0001 78
 3.89600000000210E+0001 104
 3.90000000000000E+0001 128
 3.90399999999790E+0001 136
 3.90800000000163E+0001 121
 3.91199999999953E+0001 92
 3.91599999999744E+0001 65
 3.92000000000116E+0001 43
 3.92399999999907E+0001 31
 3.92800000000279E+0001 25
 3.93200000000070E+0001 23
 3.93599999999860E+0001 21
 3.94000000000233E+0001 23
 3.94400000000023E+0001 23
 3.94799999999814E+0001 28
 3.95200000000186E+0001 35
 3.95599999999977E+0001 47
 3.95999999999767E+0001 69
 3.96400000000140E+0001 99
 3.96799999999930E+0001 133
 3.97199999999721E+0001 153
 3.97600000000093E+0001 143
 3.97999999999884E+0001 110
 3.98400000000256E+0001 74
 3.98800000000047E+0001 47
 3.99199999999837E+0001 31
 3.99600000000210E+0001 25
 4.00000000000000E+0001 20
 4.00399999999790E+0001 18
 4.00800000000163E+0001 19
 4.01199999999953E+0001 18
 4.01599999999744E+0001 22
 4.02000000000116E+0001 24
 4.02399999999907E+0001 31
 4.02800000000279E+0001 44
 4.03200000000070E+0001 67
 4.03599999999860E+0001 104
 4.04000000000233E+0001 151
 4.04400000000023E+0001 181
 4.04799999999814E+0001 167
 4.05200000000186E+0001 120
 4.05599999999977E+0001 71
 4.05999999999767E+0001 41
 4.06400000000140E+0001 25
 4.06799999999930E+0001 19
 4.07199999999721E+0001 16
 4.07600000000093E+0001 16
 4.07999999999884E+0001 15
 4.08400000000256E+0001 15
 4.08800000000047E+0001 16
 4.09199999999837E+0001 17
 4.09600000000210E+0001 17
 4.10000000000000E+0001 19
 4.10399999999790E+0001 23
 4.10800000000163E+0001 30
 4.11199999999953E+0001 48
 4.11599999999744E+0001 87
 4.12000000000116E+0001 152
 4.12399999999907E+0001 230
 4.12800000000279E+0001 248
 4.13200000000070E+0001 179
 4.13599999999860E+0001 90
 4.14000000000233E+0001 38
 4.14400000000023E+0001 20
 4.14799999999814E+0001 16
 4.15200000000186E+0001 17
 4.15599999999977E+0001 18
 4.15999999999767E+0001 22
 4.16400000000140E+0001 27
 4.16799999999930E+0001 35
 4.17199999999721E+0001 48
 4.17600000000093E+0001 68
 4.17999999999884E+0001 93
 4.18400000000256E+0001 119
 4.18800000000047E+0001 135
 4.19199999999837E+0001 130
 4.19600000000210E+0001 105
 4.20000000000000E+0001 76
 4.20399999999790E+0001 53
 4.20800000000163E+0001 40
 4.21199999999953E+0001 30
 4.21599999999744E+0001 29
 4.22000000000116E+0001 27
 4.22399999999907E+0001 29
 4.22800000000279E+0001 32
 4.23200000000070E+0001 39
 4.23599999999860E+0001 53
 4.24000000000233E+0001 71
 4.24400000000023E+0001 96
 4.24799999999814E+0001 123
 4.25200000000186E+0001 136
 4.25599999999977E+0001 129
 4.25999999999767E+0001 101
 4.26400000000140E+0001 72
 4.26799999999930E+0001 49
 4.27199999999721E+0001 34
 4.27600000000093E+0001 27
 4.27999999999884E+0001 23
 4.28400000000256E+0001 22
 4.28800000000047E+0001 22
 4.29199999999837E+0001 22
 4.29600000000210E+0001 26
 4.30000000000000E+0001 32
 4.30399999999790E+0001 42
 4.30800000000163E+0001 61
 4.31199999999953E+0001 88
 4.31599999999744E+0001 123
 4.32000000000116E+0001 149
 4.32399999999907E+0001 148
 4.32800000000279E+0001 120
 4.33200000000070E+0001 83
 4.33599999999860E+0001 52
 4.34000000000233E+0001 34
 4.34400000000023E+0001 25
 4.34799999999814E+0001 21
 4.35200000000186E+0001 18
 4.35599999999977E+0001 18
 4.35999999999767E+0001 18
 4.36400000000140E+0001 20
 4.36799999999930E+0001 23
 4.37199999999721E+0001 28
 4.37600000000093E+0001 39
 4.37999999999884E+0001 59
 4.38400000000256E+0001 94
 4.38800000000047E+0001 139
 4.39199999999837E+0001 176
 4.39600000000210E+0001 175
 4.40000000000000E+0001 136
 4.40399999999790E+0001 83
 4.40800000000163E+0001 47
 4.41199999999953E+0001 28
 4.41599999999744E+0001 21
 4.42000000000116E+0001 18
 4.42399999999907E+0001 16
 4.42800000000279E+0001 15
 4.43200000000070E+0001 16
 4.43599999999860E+0001 15
 4.44000000000233E+0001 17
 4.44400000000023E+0001 17
 4.44799999999814E+0001 17
 4.45200000000186E+0001 22
 4.45599999999977E+0001 27
 4.45999999999767E+0001 41
 4.46400000000140E+0001 71
 4.46799999999930E+0001 129
 4.47199999999721E+0001 209
 4.47600000000093E+0001 252
 4.47999999999884E+0001 205
 4.48400000000256E+0001 115
 4.48800000000047E+0001 49
 4.49199999999837E+0001 23
 4.49600000000210E+0001 15
 4.50000000000000E+0001 16
 4.50399999999790E+0001 17
 4.50800000000163E+0001 21
 4.51199999999953E+0001 25
 4.51599999999744E+0001 32
 4.52000000000116E+0001 45
 4.52399999999907E+0001 61
 4.52800000000279E+0001 85
 4.53200000000070E+0001 113
 4.53599999999860E+0001 134
 4.54000000000233E+0001 135
 4.54400000000023E+0001 115
 4.54799999999814E+0001 85
 4.55200000000186E+0001 61
 4.55599999999977E+0001 43
 4.55999999999767E+0001 35
 4.56400000000140E+0001 31
 4.56799999999930E+0001 29
 4.57199999999721E+0001 28
 4.57600000000093E+0001 31
 4.57999999999884E+0001 37
 4.58400000000256E+0001 49
 4.58800000000047E+0001 66
 4.59199999999837E+0001 89
 4.59600000000210E+0001 116
 4.60000000000000E+0001 136
 4.60399999999790E+0001 134
 4.60800000000163E+0001 112
 4.61199999999953E+0001 83
 4.61599999999744E+0001 55
 4.62000000000116E+0001 39
 4.62399999999907E+0001 30
 4.62800000000279E+0001 25
 4.63200000000070E+0001 23
 4.63599999999860E+0001 23
 4.64000000000233E+0001 23
 4.64400000000023E+0001 25
 4.64799999999814E+0001 30
 4.65200000000186E+0001 41
 4.65599999999977E+0001 55
 4.65999999999767E+0001 80
 4.66400000000140E+0001 113
 4.66799999999930E+0001 145
 4.67199999999721E+0001 153
 4.67600000000093E+0001 132
 4.67999999999884E+0001 94
 4.68400000000256E+0001 61
 4.68800000000047E+0001 39
 4.69199999999837E+0001 28
 4.69600000000210E+0001 22
 4.70000000000000E+0001 19
 4.70399999999790E+0001 18
 4.70800000000163E+0001 19
 4.71199999999953E+0001 20
 4.71599999999744E+0001 21
 4.72000000000116E+0001 26
 4.72399999999907E+0001 35
 4.72800000000279E+0001 52
 4.73200000000070E+0001 80
 4.73599999999860E+0001 124
 4.74000000000233E+0001 168
 4.74400000000023E+0001 182
 4.74799999999814E+0001 151
 4.75200000000186E+0001 99
 4.75599999999977E+0001 57
 4.75999999999767E+0001 34
 4.76400000000140E+0001 22
 4.76799999999930E+0001 18
 4.77199999999721E+0001 16
 4.77600000000093E+0001 17
 4.77999999999884E+0001 16
 4.78400000000256E+0001 16
 4.78800000000047E+0001 16
 4.79199999999837E+0001 17
 4.79600000000210E+0001 18
 4.80000000000000E+0001 20
 4.80399999999790E+0001 25
 4.80800000000163E+0001 37
 4.81199999999953E+0001 60
 4.81599999999744E+0001 110
 4.82000000000116E+0001 187
 4.82399999999907E+0001 249
 4.82800000000279E+0001 229
 4.83200000000070E+0001 141
 4.83599999999860E+0001 65
 4.84000000000233E+0001 29
 4.84400000000023E+0001 17
 4.84799999999814E+0001 15
 4.85200000000186E+0001 18
 4.85599999999977E+0001 21
 4.85999999999767E+0001 24
 4.86400000000140E+0001 30
 4.86799999999930E+0001 41
 4.87199999999721E+0001 56
 4.87600000000093E+0001 77
 4.87999999999884E+0001 104
 4.88400000000256E+0001 128
 4.88800000000047E+0001 136
 4.89199999999837E+0001 121
 4.89600000000210E+0001 92
 4.90000000000000E+0001 66
 4.90399999999790E+0001 47
 4.90800000000163E+0001 37
 4.91199999999953E+0001 31
 4.91599999999744E+0001 28
 4.92000000000116E+0001 27
 4.92399999999907E+0001 30
 4.92800000000279E+0001 34
 4.93200000000070E+0001 45
 4.93599999999860E+0001 60
 4.94000000000233E+0001 81
 4.94400000000023E+0001 108
 4.94799999999814E+0001 131
 4.95200000000186E+0001 136
 4.95599999999977E+0001 120
 4.95999999999767E+0001 90
 4.96400000000140E+0001 63
 4.96799999999930E+0001 43
 4.97199999999721E+0001 31
 4.97600000000093E+0001 26
 4.97999999999884E+0001 23
 4.98400000000256E+0001 22
 4.98800000000047E+0001 22
 4.99199999999837E+0001 25
 4.99600000000210E+0001 28
 5.00000000000000E+0001 35
 5.00399999999790E+0001 49
 5.00800000000163E+0001 72
 5.01199999999953E+0001 104
 5.01599999999744E+0001 136
 5.02000000000116E+0001 153
 5.02399999999907E+0001 140
 5.02800000000279E+0001 107
 5.03200000000070E+0001 70
 5.03599999999860E+0001 45
 5.04000000000233E+0001 31
 5.04400000000023E+0001 22
 5.04799999999814E+0001 20
 5.05200000000186E+0001 19
 5.05599999999977E+0001 18
 5.05999999999767E+0001 19
 5.06400000000140E+0001 22
 5.06799999999930E+0001 25
 5.07199999999721E+0001 30
 5.07600000000093E+0001 44
 5.07999999999884E+0001 72
 5.08400000000256E+0001 110
 5.08800000000047E+0001 157
 5.09199999999837E+0001 183
 5.09600000000210E+0001 164
 5.10000000000000E+0001 113
 5.10399999999790E+0001 65
 5.10800000000163E+0001 39
 5.11199999999953E+0001 23
 5.11599999999744E+0001 18
 5.12000000000116E+0001 16
 5.12399999999907E+0001 15
 5.12800000000279E+0001 16
 5.13200000000070E+0001 15
 5.13599999999860E+0001 16
 5.14000000000233E+0001 18
 5.14400000000023E+0001 18
 5.14799999999814E+0001 18
 5.15200000000186E+0001 23
 5.15599999999977E+0001 32
 5.15999999999767E+0001 51
 5.16400000000140E+0001 93
 5.16799999999930E+0001 163
 5.17199999999721E+0001 236
 5.17600000000093E+0001 243
 5.17999999999884E+0001 167
 5.18400000000256E+0001 81
 5.18800000000047E+0001 35
 5.19199999999837E+0001 18
 5.19600000000210E+0001 16
 5.20000000000000E+0001 17
 5.20399999999790E+0001 18
 5.20800000000163E+0001 23
 5.21199999999953E+0001 29
 5.21599999999744E+0001 37
 5.22000000000116E+0001 50
 5.22399999999907E+0001 71
 5.22800000000279E+0001 95
 5.23200000000070E+0001 122
 5.23599999999860E+0001 136
 5.24000000000233E+0001 128
 5.24400000000023E+0001 102
 5.24799999999814E+0001 73
 5.25200000000186E+0001 51
 5.25599999999977E+0001 38
 5.25999999999767E+0001 31
 5.26400000000140E+0001 28
 5.26799999999930E+0001 26
 5.27199999999721E+0001 29
 5.27600000000093E+0001 34
 5.27999999999884E+0001 40
 5.28400000000256E+0001 54
 5.28800000000047E+0001 73
 5.29199999999837E+0001 100
 5.29600000000210E+0001 125
 5.30000000000000E+0001 136
 5.30399999999790E+0001 127
 5.30800000000163E+0001 99
 5.31199999999953E+0001 70
 5.31599999999744E+0001 48
 5.32000000000116E+0001 34
 5.32399999999907E+0001 26
 5.32800000000279E+0001 22
 5.33200000000070E+0001 21
 5.33599999999860E+0001 22
 5.34000000000233E+0001 24
 5.34400000000023E+0001 27
 5.34799999999814E+0001 32
 5.35200000000186E+0001 44
 5.35599999999977E+0001 64
 5.35999999999767E+0001 92
 5.36400000000140E+0001 127
 5.36799999999930E+0001 151
 5.37199999999721E+0001 146
 5.37600000000093E+0001 117
 5.37999999999884E+0001 78
 5.38400000000256E+0001 50
 5.38800000000047E+0001 33
 5.39199999999837E+0001 25
 5.39600000000210E+0001 20
 5.40000000000000E+0001 18
 5.40399999999790E+0001 18
 5.40800000000163E+0001 20
 5.41199999999953E+0001 20
 5.41599999999744E+0001 23
 5.42000000000116E+0001 29
 5.42399999999907E+0001 40
 5.42800000000279E+0001 62
 5.43200000000070E+0001 97
 5.43599999999860E+0001 143
 5.44000000000233E+0001 178
 5.44400000000023E+0001 174
 5.44799999999814E+0001 130
 5.45200000000186E+0001 78
 5.45599999999977E+0001 45
 5.45999999999767E+0001 27
 5.46400000000140E+0001 19
 5.46799999999930E+0001 17
 5.47199999999721E+0001 15
 5.47600000000093E+0001 14
 5.47999999999884E+0001 15
 5.48400000000256E+0001 15
 5.48800000000047E+0001 16
 5.49199999999837E+0001 17
 5.49600000000210E+0001 19
 5.50000000000000E+0001 21
 5.50399999999790E+0001 27
 5.50800000000163E+0001 45
 5.51199999999953E+0001 77
 5.51599999999744E+0001 139
 5.52000000000116E+0001 218
 5.52399999999907E+0001 252
 5.52800000000279E+0001 195
 5.53200000000070E+0001 104
 5.53599999999860E+0001 45
 5.54000000000233E+0001 22
 5.54400000000023E+0001 16
 5.54799999999814E+0001 16
 5.55200000000186E+0001 18
 5.55599999999977E+0001 21
 5.55999999999767E+0001 26
 5.56400000000140E+0001 34
 5.56799999999930E+0001 46
 5.57199999999721E+0001 63
 5.57600000000093E+0001 88
 5.57999999999884E+0001 116
 5.58400000000256E+0001 135
 5.58800000000047E+0001 133
 5.59199999999837E+0001 110
 5.59600000000210E+0001 82
 5.60000000000000E+0001 57
 5.60399999999790E+0001 42
 5.60800000000163E+0001 34
 5.61199999999953E+0001 29
 5.61599999999744E+0001 28
 5.62000000000116E+0001 29
 5.62399999999907E+0001 32
 5.62800000000279E+0001 38
 5.63200000000070E+0001 49
 5.63599999999860E+0001 66
 5.64000000000233E+0001 92
 5.64400000000023E+0001 118
 5.64799999999814E+0001 135
 5.65200000000186E+0001 132
 5.65599999999977E+0001 107
 5.65999999999767E+0001 76
 5.66400000000140E+0001 53
 5.66799999999930E+0001 37
 5.67199999999721E+0001 28
 5.67600000000093E+0001 24
 5.67999999999884E+0001 21
 5.68400000000256E+0001 22
 5.68800000000047E+0001 23
 5.69199999999837E+0001 25
 5.69600000000210E+0001 30
 5.70000000000000E+0001 40
 5.70399999999790E+0001 57
 5.70800000000163E+0001 83
 5.71199999999953E+0001 117
 5.71599999999744E+0001 146
 5.72000000000116E+0001 151
 5.72399999999907E+0001 127
 5.72800000000279E+0001 90
 5.73200000000070E+0001 58
 5.73599999999860E+0001 37
 5.74000000000233E+0001 27
 5.74400000000023E+0001 22
 5.74799999999814E+0001 20
 5.75200000000186E+0001 18
 5.75599999999977E+0001 19
 5.75999999999767E+0001 20
 5.76400000000140E+0001 22
 5.76799999999930E+0001 26
 5.77199999999721E+0001 36
 5.77600000000093E+0001 53
 5.77999999999884E+0001 83
 5.78400000000256E+0001 129
 5.78800000000047E+0001 172
 5.79199999999837E+0001 179
 5.79600000000210E+0001 144
 5.80000000000000E+0001 92
 5.80399999999790E+0001 53
 5.80800000000163E+0001 31
 5.81199999999953E+0001 21
 5.81599999999744E+0001 17
 5.82000000000116E+0001 16
 5.82399999999907E+0001 16
 5.82800000000279E+0001 16
 5.83200000000070E+0001 14
 5.83599999999860E+0001 17
 5.84000000000233E+0001 16
 5.84400000000023E+0001 18
 5.84799999999814E+0001 20
 5.85200000000186E+0001 26
 5.85599999999977E+0001 39
 5.85999999999767E+0001 64
 5.86400000000140E+0001 118
 5.86799999999930E+0001 196
 5.87199999999721E+0001 251
 5.87600000000093E+0001 220
 5.87999999999884E+0001 129
 5.88400000000256E+0001 56
 5.88800000000047E+0001 25
 5.89199999999837E+0001 15
 5.89600000000210E+0001 15
 5.90000000000000E+0001 17
 5.90399999999790E+0001 21
 5.90800000000163E+0001 24
 5.91199999999953E+0001 30
 5.91599999999744E+0001 41
 5.92000000000116E+0001 57
 5.92399999999907E+0001 80
 5.92800000000279E+0001 108
 5.93200000000070E+0001 130
 5.93599999999860E+0001 135
 5.94000000000233E+0001 118
 5.94400000000023E+0001 91
 5.94799999999814E+0001 63
 5.95200000000186E+0001 45
 5.95599999999977E+0001 34
 5.95999999999767E+0001 30
 5.96400000000140E+0001 29
 5.96799999999930E+0001 28
 5.97199999999721E+0001 30
 5.97600000000093E+0001 35
 5.97999999999884E+0001 46
 5.98400000000256E+0001 63
 5.98800000000047E+0001 85
 5.99199999999837E+0001 111
 5.99600000000210E+0001 133
 6.00000000000000E+0001 135
 6.00399999999790E+0001 114
 6.00800000000163E+0001 86
 6.01199999999953E+0001 59
 6.01599999999744E+0001 40
 6.02000000000116E+0001 30
 6.02399999999907E+0001 24
 6.02800000000279E+0001 23
 6.03200000000070E+0001 21
 6.03599999999860E+0001 21
 6.04000000000233E+0001 25
 6.04400000000023E+0001 28
 6.04799999999814E+0001 36
 6.05200000000186E+0001 50
 6.05599999999977E+0001 75
 6.05999999999767E+0001 107
 6.06400000000140E+0001 139
 6.06799999999930E+0001 154
 6.07199999999721E+0001 136
 6.07600000000093E+0001 100
 6.07999999999884E+0001 66
 6.08400000000256E+0001 41
 6.08800000000047E+0001 29
 6.09199999999837E+0001 23
 6.09600000000210E+0001 19
 6.10000000000000E+0001 18
 6.10399999999790E+0001 18
 6.10800000000163E+0001 19
 6.11199999999953E+0001 21
 6.11599999999744E+0001 25
 6.12000000000116E+0001 33
 6.12399999999907E+0001 48
 6.12800000000279E+0001 74
 6.13200000000070E+0001 116
 6.13599999999860E+0001 161
 6.14000000000233E+0001 182
 6.14400000000023E+0001 158
 6.14799999999814E+0001 108
 6.15200000000186E+0001 63
 6.15599999999977E+0001 35
 6.15999999999767E+0001 23
 6.16400000000140E+0001 18
 6.16799999999930E+0001 16
 6.17199999999721E+0001 16
 6.17600000000093E+0001 16
 6.17999999999884E+0001 14
 6.18400000000256E+0001 16
 6.18800000000047E+0001 17
 6.19199999999837E+0001 19
 6.19600000000210E+0001 20
 6.20000000000000E+0001 25
 6.20399999999790E+0001 33
 6.20800000000163E+0001 55
 6.21199999999953E+0001 99
 6.21599999999744E+0001 173
 6.22000000000116E+0001 242
 6.22399999999907E+0001 237
 6.22800000000279E+0001 156
 6.23200000000070E+0001 74
 6.23599999999860E+0001 31
 6.24000000000233E+0001 18
 6.24400000000023E+0001 15
 6.24799999999814E+0001 17
 6.25200000000186E+0001 18
 6.25599999999977E+0001 23
 6.25999999999767E+0001 28
 6.26400000000140E+0001 37
 6.26799999999930E+0001 51
 6.27199999999721E+0001 73
 6.27600000000093E+0001 99
 6.27999999999884E+0001 124
 6.28400000000256E+0001 136
 6.28800000000047E+0001 125
 6.29199999999837E+0001 98
 6.29600000000210E+0001 70
 6.30000000000000E+0001 49
 6.30399999999790E+0001 37
 6.30800000000163E+0001 30
 6.31199999999953E+0001 26
 6.31599999999744E+0001 27
 6.32000000000116E+0001 29
 6.32399999999907E+0001 34
 6.32800000000279E+0001 42
 6.33200000000070E+0001 55
 6.33599999999860E+0001 77
 6.34000000000233E+0001 104
 6.34400000000023E+0001 128
 6.34799999999814E+0001 137
 6.35200000000186E+0001 124
 6.35599999999977E+0001 96
 6.35999999999767E+0001 66
 6.36400000000140E+0001 46
 6.36799999999930E+0001 33
 6.37199999999721E+0001 25
 6.37600000000093E+0001 23
 6.37999999999884E+0001 22
 6.38400000000256E+0001 22
 6.38800000000047E+0001 24
 6.39199999999837E+0001 27
 6.39600000000210E+0001 34
 6.40000000000000E+0001 46
 6.40400000000373E+0001 66
 6.40799999999581E+0001 97
 6.41199999999953E+0001 130
 6.41600000000326E+0001 152
 6.41999999999534E+0001 144
 6.42399999999907E+0001 112
 6.42800000000279E+0001 75
 6.43199999999488E+0001 48
 6.43599999999860E+0001 32
 6.44000000000233E+0001 25
 6.44399999999441E+0001 21
 6.44799999999814E+0001 19
 6.45200000000186E+0001 19
 6.45600000000559E+0001 20
 6.45999999999767E+0001 21
 6.46400000000140E+0001 25
 6.46800000000512E+0001 30
 6.47199999999721E+0001 43
 6.47600000000093E+0001 65
 6.48000000000466E+0001 102
 6.48399999999674E+0001 148
 6.48800000000047E+0001 180
 6.49200000000419E+0001 170
 6.49599999999627E+0001 124
 6.50000000000000E+0001 74
 6.50400000000373E+0001 42
 6.50799999999581E+0001 27
 6.51199999999953E+0001 20
 6.51600000000326E+0001 17
 6.51999999999534E+0001 16
 6.52399999999907E+0001 15
 6.52800000000279E+0001 16
 6.53199999999488E+0001 16
 6.53599999999860E+0001 18
 6.54000000000233E+0001 18
 6.54399999999441E+0001 20
 6.54799999999814E+0001 22
 6.55200000000186E+0001 30
 6.55600000000559E+0001 48
 6.55999999999767E+0001 84
 6.56400000000140E+0001 149
 6.56800000000512E+0001 227
 6.57199999999721E+0001 249
 6.57600000000093E+0001 184
 6.58000000000466E+0001 94
 6.58399999999674E+0001 39
 6.58800000000047E+0001 21
 6.59200000000419E+0001 16
 6.59599999999627E+0001 16
 6.60000000000000E+0001 19
 6.60400000000373E+0001 21
 6.60799999999581E+0001 27
 6.61199999999953E+0001 33
 6.61600000000326E+0001 47
 6.61999999999534E+0001 66
 6.62399999999907E+0001 92
 6.62800000000279E+0001 118
 6.63199999999488E+0001 134
 6.63599999999860E+0001 130
 6.64000000000233E+0001 107
 6.64399999999441E+0001 79
 6.64799999999814E+0001 55
 6.65200000000186E+0001 41
 6.65600000000559E+0001 33
 6.65999999999767E+0001 29
 6.66400000000140E+0001 27
 6.66800000000512E+0001 29
 6.67199999999721E+0001 32
 6.67600000000093E+0001 40
 6.68000000000466E+0001 51
 6.68399999999674E+0001 69
 6.68800000000047E+0001 95
 6.69200000000419E+0001 123
 6.69599999999627E+0001 139
 6.70000000000000E+0001 130
 6.70400000000373E+0001 105
 6.70799999999581E+0001 75
 6.71199999999953E+0001 50
 6.71600000000326E+0001 37
 6.71999999999534E+0001 28
 6.72399999999907E+0001 24
 6.72800000000279E+0001 22
 6.73199999999488E+0001 22
 6.73599999999860E+0001 24
 6.74000000000233E+0001 26
 6.74399999999441E+0001 32
 6.74799999999814E+0001 43
 6.75200000000186E+0001 60
 6.75600000000559E+0001 88
 6.75999999999767E+0001 121
 6.76400000000140E+0001 148
 6.76800000000512E+0001 149
 6.77199999999721E+0001 122
 6.77600000000093E+0001 86
 6.78000000000466E+0001 55
 6.78399999999674E+0001 36
 6.78800000000047E+0001 25
 6.79200000000419E+0001 20
 6.79599999999627E+0001 19
 6.80000000000000E+0001 19
 6.80400000000373E+0001 18
 6.80799999999581E+0001 20
 6.81199999999953E+0001 23
 6.81600000000326E+0001 28
 6.81999999999534E+0001 38
 6.82399999999907E+0001 58
 6.82800000000279E+0001 89
 6.83199999999488E+0001 135
 6.83599999999860E+0001 176
 6.84000000000233E+0001 179
 6.84399999999441E+0001 139
 6.84799999999814E+0001 87
 6.85200000000186E+0001 50
 6.85600000000559E+0001 31
 6.85999999999767E+0001 21
 6.86400000000140E+0001 17
 6.86800000000512E+0001 17
 6.87199999999721E+0001 16
 6.87600000000093E+0001 16
 6.88000000000466E+0001 16
 6.88399999999674E+0001 17
 6.88800000000047E+0001 17
 6.89200000000419E+0001 18
 6.89599999999627E+0001 22
 6.90000000000000E+0001 27
 6.90400000000373E+0001 40
 6.90799999999581E+0001 71
 6.91199999999953E+0001 127
 6.91600000000326E+0001 206
 6.91999999999534E+0001 252
 6.92399999999907E+0001 209
 6.92800000000279E+0001 117
 6.93199999999488E+0001 52
 6.93599999999860E+0001 23
 6.94000000000233E+0001 16
 6.94399999999441E+0001 15
 6.94799999999814E+0001 17
 6.95200000000186E+0001 21
 6.95600000000559E+0001 26
 6.95999999999767E+0001 32
 6.96400000000140E+0001 44
 6.96800000000512E+0001 57
 6.97199999999721E+0001 82
 6.97600000000093E+0001 111
 6.98000000000466E+0001 131
 6.98399999999674E+0001 135
 6.98800000000047E+0001 116
 6.99200000000419E+0001 86
 6.99599999999627E+0001 61
 7.00000000000000E+0001 44
 7.00400000000373E+0001 34
 7.00799999999581E+0001 29
 7.01199999999953E+0001 27
 7.01600000000326E+0001 28
 7.01999999999534E+0001 31
 7.02399999999907E+0001 37
 7.02800000000279E+0001 48
 7.03199999999488E+0001 64
 7.03599999999860E+0001 88
 7.04000000000233E+0001 114
 7.04399999999441E+0001 134
 7.04799999999814E+0001 135
 7.05200000000186E+0001 114
 7.05600000000559E+0001 83
 7.05999999999767E+0001 56
 7.06400000000140E+0001 39
 7.06800000000512E+0001 29
 7.07199999999721E+0001 24
 7.07600000000093E+0001 22
 7.08000000000466E+0001 22
 7.08399999999674E+0001 22
 7.08800000000047E+0001 25
 7.09200000000419E+0001 28
 7.09599999999627E+0001 38
 7.10000000000000E+0001 54
 7.10400000000373E+0001 77
 7.10799999999581E+0001 111
 7.11199999999953E+0001 142
 7.11600000000326E+0001 153
 7.11999999999534E+0001 133
 7.12399999999907E+0001 96
 7.12800000000279E+0001 63
 7.13199999999488E+0001 41
 7.13599999999860E+0001 28
 7.14000000000233E+0001 22
 7.14399999999441E+0001 20
 7.14799999999814E+0001 18
 7.15200000000186E+0001 19
 7.15600000000559E+0001 19
 7.15999999999767E+0001 21
 7.16400000000140E+0001 26
 7.16800000000512E+0001 35
 7.17199999999721E+0001 50
 7.17600000000093E+0001 79
 7.18000000000466E+0001 120
 7.18399999999674E+0001 165
 7.18800000000047E+0001 182
 7.19200000000419E+0001 154
 7.19599999999627E+0001 102
 7.20000000000000E+0001 58
 7.20400000000373E+0001 33
 7.20799999999581E+0001 23
 7.21199999999953E+0001 17
 7.21600000000326E+0001 16
 7.21999999999534E+0001 16
 7.22399999999907E+0001 15
 7.22800000000279E+0001 16
 7.23199999999488E+0001 17
 7.23599999999860E+0001 17
 7.24000000000233E+0001 17
 7.24399999999441E+0001 20
 7.24799999999814E+0001 24
 7.25200000000186E+0001 36
 7.25600000000559E+0001 59
 7.25999999999767E+0001 106
 7.26400000000140E+0001 182
 7.26800000000512E+0001 246
 7.27199999999721E+0001 230
 7.27600000000093E+0001 145
 7.28000000000466E+0001 67
 7.28399999999674E+0001 29
 7.28800000000047E+0001 17
 7.29200000000419E+0001 15
 7.29599999999627E+0001 17
 7.30000000000000E+0001 20
 7.30400000000373E+0001 23
 7.30799999999581E+0001 30
 7.31199999999953E+0001 38
 7.31600000000326E+0001 54
 7.31999999999534E+0001 76
 7.32399999999907E+0001 103
 7.32800000000279E+0001 128
 7.33199999999488E+0001 136
 7.33599999999860E+0001 123
 7.34000000000233E+0001 94
 7.34399999999441E+0001 68
 7.34799999999814E+0001 48
 7.35200000000186E+0001 37
 7.35600000000559E+0001 30
 7.35999999999767E+0001 27
 7.36400000000140E+0001 27
 7.36800000000512E+0001 30
 7.37199999999721E+0001 34
 7.37600000000093E+0001 43
 7.38000000000466E+0001 58
 7.38399999999674E+0001 81
 7.38800000000047E+0001 107
 7.39200000000419E+0001 130
 7.39599999999627E+0001 137
 7.40000000000000E+0001 121
 7.40400000000373E+0001 91
 7.40799999999581E+0001 65
 7.41199999999953E+0001 44
 7.41600000000326E+0001 32
 7.41999999999534E+0001 25
 7.42399999999907E+0001 23
 7.42800000000279E+0001 22
 7.43199999999488E+0001 23
 7.43599999999860E+0001 24
 7.44000000000233E+0001 28
 7.44399999999441E+0001 35
 7.44799999999814E+0001 48
 7.45200000000186E+0001 69
 7.45600000000559E+0001 101
 7.45999999999767E+0001 134
 7.46400000000140E+0001 152
 7.46800000000512E+0001 141
 7.47199999999721E+0001 109
 7.47600000000093E+0001 71
 7.48000000000466E+0001 45
 7.48399999999674E+0001 32
 7.48800000000047E+0001 24
 7.49200000000419E+0001 19
 7.49599999999627E+0001 18
 7.50000000000000E+0001 19
 7.50400000000373E+0001 20
 7.50799999999581E+0001 23
 7.51199999999953E+0001 24
 7.51600000000326E+0001 30
 7.51999999999534E+0001 44
 7.52399999999907E+0001 68
 7.52800000000279E+0001 107
 7.53199999999488E+0001 154
 7.53599999999860E+0001 182
 7.54000000000233E+0001 165
 7.54399999999441E+0001 118
 7.54799999999814E+0001 70
 7.55200000000186E+0001 39
 7.55600000000559E+0001 25
 7.55999999999767E+0001 18
 7.56400000000140E+0001 18
 7.56800000000512E+0001 15
 7.57199999999721E+0001 15
 7.57600000000093E+0001 16
 7.58000000000466E+0001 17
 7.58399999999674E+0001 17
 7.58800000000047E+0001 17
 7.59200000000419E+0001 18
 7.59599999999627E+0001 23
 7.60000000000000E+0001 31
 7.60400000000373E+0001 50
 7.60799999999581E+0001 89
 7.61199999999953E+0001 158
 7.61600000000326E+0001 235
 7.61999999999534E+0001 245
 7.62399999999907E+0001 173
 7.62800000000279E+0001 85
 7.63199999999488E+0001 37
 7.63599999999860E+0001 19
 7.64000000000233E+0001 16
 7.64399999999441E+0001 16
 7.64799999999814E+0001 18
 7.65200000000186E+0001 23
 7.65600000000559E+0001 28
 7.65999999999767E+0001 35
 7.66400000000140E+0001 49
 7.66800000000512E+0001 69
 7.67199999999721E+0001 94
 7.67600000000093E+0001 121
 7.68000000000466E+0001 138
 7.68399999999674E+0001 129
 7.68800000000047E+0001 104
 7.69200000000419E+0001 75
 7.69599999999627E+0001 54
 7.70000000000000E+0001 39
 7.70400000000373E+0001 33
 7.70799999999581E+0001 29
 7.71199999999953E+0001 28
 7.71600000000326E+0001 30
 7.71999999999534E+0001 34
 7.72399999999907E+0001 42
 7.72800000000279E+0001 55
 7.73199999999488E+0001 73
 7.73599999999860E+0001 98
 7.74000000000233E+0001 126
 7.74399999999441E+0001 139
 7.74799999999814E+0001 128
 7.75200000000186E+0001 101
 7.75600000000559E+0001 72
 7.75999999999767E+0001 48
 7.76400000000140E+0001 36
 7.76800000000512E+0001 29
 7.77199999999721E+0001 25
 7.77600000000093E+0001 22
 7.78000000000466E+0001 22
 7.78399999999674E+0001 24
 7.78800000000047E+0001 26
 7.79200000000419E+0001 32
 7.79599999999627E+0001 44
 7.80000000000000E+0001 63
 7.80400000000373E+0001 90
 7.80799999999581E+0001 125
 7.81199999999953E+0001 150
 7.81600000000326E+0001 148
 7.81999999999534E+0001 118
 7.82399999999907E+0001 80
 7.82800000000279E+0001 53
 7.83199999999488E+0001 35
 7.83599999999860E+0001 25
 7.84000000000233E+0001 20
 7.84399999999441E+0001 19
 7.84799999999814E+0001 19
 7.85200000000186E+0001 19
 7.85600000000559E+0001 21
 7.85999999999767E+0001 24
 7.86400000000140E+0001 28
 7.86800000000512E+0001 40
 7.87199999999721E+0001 61
 7.87600000000093E+0001 94
 7.88000000000466E+0001 142
 7.88399999999674E+0001 178
 7.88800000000047E+0001 176
 7.89200000000419E+0001 134
 7.89599999999627E+0001 83
 7.90000000000000E+0001 47
 7.90400000000373E+0001 30
 7.90799999999581E+0001 21
 7.91199999999953E+0001 18
 7.91600000000326E+0001 16
 7.91999999999534E+0001 16
 7.92399999999907E+0001 16
 7.92800000000279E+0001 16
 7.93199999999488E+0001 16
 7.93599999999860E+0001 17
 7.94000000000233E+0001 19
 7.94399999999441E+0001 21
 7.94799999999814E+0001 27
 7.95200000000186E+0001 42
 7.95600000000559E+0001 74
 7.95999999999767E+0001 134
 7.96400000000140E+0001 213
 7.96800000000512E+0001 252
 7.97199999999721E+0001 200
 7.97600000000093E+0001 108
 7.98000000000466E+0001 45
 7.98399999999674E+0001 22
 7.98800000000047E+0001 17
 7.99200000000419E+0001 15
 7.99599999999627E+0001 17
 8.00000000000000E+0001 21
 8.00400000000373E+0001 26
 8.00799999999581E+0001 34
 8.01199999999953E+0001 45
 8.01600000000326E+0001 62
 8.01999999999534E+0001 85
 8.02399999999907E+0001 113
 8.02800000000279E+0001 134
 8.03199999999488E+0001 134
 8.03599999999860E+0001 113
 8.04000000000233E+0001 83
 8.04399999999441E+0001 58
 8.04799999999814E+0001 43
 8.05200000000186E+0001 34
 8.05600000000559E+0001 30
 8.05999999999767E+0001 27
 8.06400000000140E+0001 28
 8.06800000000512E+0001 32
 8.07199999999721E+0001 38
 8.07600000000093E+0001 49
 8.08000000000466E+0001 65
 8.08399999999674E+0001 90
 8.08800000000047E+0001 118
 8.09200000000419E+0001 135
 8.09599999999627E+0001 133
 8.10000000000000E+0001 110
 8.10400000000373E+0001 78
 8.10799999999581E+0001 55
 8.11199999999953E+0001 38
 8.11600000000326E+0001 28
 8.11999999999534E+0001 23
 8.12399999999907E+0001 22
 8.12800000000279E+0001 22
 8.13199999999488E+0001 22
 8.13599999999860E+0001 25
 8.14000000000233E+0001 30
 8.14399999999441E+0001 40
 8.14799999999814E+0001 56
 8.15200000000186E+0001 82
 8.15600000000559E+0001 115
 8.15999999999767E+0001 145
 8.16400000000140E+0001 152
 8.16800000000512E+0001 131
 8.17199999999721E+0001 93
 8.17600000000093E+0001 60
 8.18000000000466E+0001 39
 8.18399999999674E+0001 28
 8.18800000000047E+0001 22
 8.19200000000419E+0001 19
 8.19599999999627E+0001 18
 8.20000000000000E+0001 18
 8.20400000000373E+0001 20
 8.20799999999581E+0001 22
 8.21199999999953E+0001 27
 8.21600000000326E+0001 35
 8.21999999999534E+0001 51
 8.22399999999907E+0001 83
 8.22800000000279E+0001 125
 8.23199999999488E+0001 169
 8.23599999999860E+0001 180
 8.24000000000233E+0001 149
 8.24399999999441E+0001 96
 8.24799999999814E+0001 55
 8.25200000000186E+0001 32
 8.25600000000559E+0001 21
 8.25999999999767E+0001 17
 8.26400000000140E+0001 15
 8.26800000000512E+0001 14
 8.27199999999721E+0001 16
 8.27600000000093E+0001 15
 8.28000000000466E+0001 16
 8.28399999999674E+0001 18
 8.28800000000047E+0001 18
 8.29200000000419E+0001 19
 8.29599999999627E+0001 25
 8.30000000000000E+0001 38
 8.30400000000373E+0001 62
 8.30799999999581E+0001 114
 8.31199999999953E+0001 192
 8.31600000000326E+0001 250
 8.31999999999534E+0001 223
 8.32399999999907E+0001 134
 8.32800000000279E+0001 60
 8.33199999999488E+0001 28
 8.33599999999860E+0001 17
 8.34000000000233E+0001 16
 8.34399999999441E+0001 17
 8.34799999999814E+0001 20
 8.35200000000186E+0001 24
 8.35600000000559E+0001 30
 8.35999999999767E+0001 40
 8.36400000000140E+0001 56
 8.36800000000512E+0001 78
 8.37199999999721E+0001 106
 8.37600000000093E+0001 129
 8.38000000000466E+0001 136
 8.38399999999674E+0001 119
 8.38800000000047E+0001 92
 8.39200000000419E+0001 65
 8.39599999999627E+0001 47
 8.40000000000000E+0001 34
 8.40400000000373E+0001 29
 8.40799999999581E+0001 27
 8.41199999999953E+0001 28
 8.41600000000326E+0001 30
 8.41999999999534E+0001 35
 8.42399999999907E+0001 44
 8.42800000000279E+0001 60
 8.43199999999488E+0001 82
 8.43599999999860E+0001 110
 8.44000000000233E+0001 133
 8.44399999999441E+0001 136
 8.44799999999814E+0001 117
 8.45200000000186E+0001 88
 8.45600000000559E+0001 61
 8.45999999999767E+0001 42
 8.46400000000140E+0001 31
 8.46800000000512E+0001 26
 8.47199999999721E+0001 23
 8.47600000000093E+0001 21
 8.48000000000466E+0001 22
 8.48399999999674E+0001 23
 8.48800000000047E+0001 28
 8.49200000000419E+0001 36
 8.49599999999627E+0001 49
 8.50000000000000E+0001 74
 8.50400000000373E+0001 104
 8.50799999999581E+0001 137
 8.51199999999953E+0001 153
 8.51600000000326E+0001 139
 8.51999999999534E+0001 104
 8.52399999999907E+0001 68
 8.52800000000279E+0001 44
 8.53199999999488E+0001 30
 8.53599999999860E+0001 24
 8.54000000000233E+0001 20
 8.54399999999441E+0001 19
 8.54799999999814E+0001 17
 8.55200000000186E+0001 19
 8.55600000000559E+0001 21
 8.55999999999767E+0001 25
 8.56400000000140E+0001 32
 8.56800000000512E+0001 47
 8.57199999999721E+0001 72
 8.57600000000093E+0001 112
 8.58000000000466E+0001 158
 8.58399999999674E+0001 182
 8.58800000000047E+0001 162
 8.59200000000419E+0001 110
 8.59599999999627E+0001 65
 8.60000000000000E+0001 37
 8.60400000000373E+0001 24
 8.60799999999581E+0001 18
 8.61199999999953E+0001 17
 8.61600000000326E+0001 15
 8.61999999999534E+0001 15
 8.62399999999907E+0001 15
 8.62800000000279E+0001 17
 8.63199999999488E+0001 15
 8.63599999999860E+0001 17
 8.64000000000233E+0001 20
 8.64399999999441E+0001 23
 8.64799999999814E+0001 31
 8.65200000000186E+0001 52
 8.65600000000559E+0001 96
 8.65999999999767E+0001 167
 8.66400000000140E+0001 238
 8.66800000000512E+0001 240
 8.67199999999721E+0001 161
 8.67600000000093E+0001 77
 8.68000000000466E+0001 32
 8.68399999999674E+0001 17
 8.68800000000047E+0001 14
 8.69200000000419E+0001 15
 8.69599999999627E+0001 17
 8.70000000000000E+0001 22
 8.70400000000373E+0001 28
 8.70799999999581E+0001 37
 8.71199999999953E+0001 51
 8.71600000000326E+0001 71
 8.71999999999534E+0001 96
 8.72399999999907E+0001 123
 8.72800000000279E+0001 136
 8.73199999999488E+0001 126
 8.73599999999860E+0001 100
 8.74000000000233E+0001 73
 8.74399999999441E+0001 50
 8.74799999999814E+0001 37
 8.75200000000186E+0001 31
 8.75600000000559E+0001 28
 8.75999999999767E+0001 27
 8.76400000000140E+0001 29
 8.76800000000512E+0001 32
 8.77199999999721E+0001 42
 8.77600000000093E+0001 54
 8.78000000000466E+0001 74
 8.78399999999674E+0001 101
 8.78800000000047E+0001 127
 8.79200000000419E+0001 137
 8.79599999999627E+0001 125
 8.80000000000000E+0001 96
 8.80400000000373E+0001 67
 8.80799999999581E+0001 45
 8.81199999999953E+0001 32
 8.81600000000326E+0001 26
 8.81999999999534E+0001 22
 8.82399999999907E+0001 21
 8.82800000000279E+0001 20
 8.83199999999488E+0001 22
 8.83599999999860E+0001 26
 8.84000000000233E+0001 33
 8.84399999999441E+0001 44
 8.84799999999814E+0001 64
 8.85200000000186E+0001 94
 8.85600000000559E+0001 128
 8.85999999999767E+0001 151
 8.86400000000140E+0001 146
 8.86800000000512E+0001 114
 8.87199999999721E+0001 78
 8.87600000000093E+0001 49
 8.88000000000466E+0001 33
 8.88399999999674E+0001 24
 8.88800000000047E+0001 20
 8.89200000000419E+0001 18
 8.89599999999627E+0001 18
 8.90000000000000E+0001 19
 8.90400000000373E+0001 20
 8.90799999999581E+0001 23
 8.91199999999953E+0001 29
 8.91600000000326E+0001 41
 8.91999999999534E+0001 62
 8.92399999999907E+0001 98
 8.92800000000279E+0001 146
 8.93199999999488E+0001 180
 8.93599999999860E+0001 173
 8.94000000000233E+0001 127
 8.94399999999441E+0001 77
 8.94799999999814E+0001 44
 8.95200000000186E+0001 28
 8.95600000000559E+0001 19
 8.95999999999767E+0001 15
 8.96400000000140E+0001 15
 8.96800000000512E+0001 16
 8.97199999999721E+0001 15
 8.97600000000093E+0001 16
 8.98000000000466E+0001 16
 8.98399999999674E+0001 16
 8.98800000000047E+0001 19
 8.99200000000419E+0001 21
 8.99599999999627E+0001 30
 9.00000000000000E+0001 45
 9.00400000000373E+0001 80
 9.00799999999581E+0001 144
 9.01199999999953E+0001 222
 9.01600000000326E+0001 250
 9.01999999999534E+0001 189
 9.02399999999907E+0001 98
 9.02800000000279E+0001 42
 9.03199999999488E+0001 20
 9.03599999999860E+0001 16
 9.04000000000233E+0001 16
 9.04399999999441E+0001 17
 9.04799999999814E+0001 21
 9.05200000000186E+0001 26
 9.05600000000559E+0001 34
 9.05999999999767E+0001 46
 9.06400000000140E+0001 63
 9.06800000000512E+0001 90
 9.07199999999721E+0001 116
 9.07600000000093E+0001 134
 9.08000000000466E+0001 131
 9.08399999999674E+0001 108
 9.08800000000047E+0001 80
 9.09200000000419E+0001 55
 9.09599999999627E+0001 41
 9.10000000000000E+0001 32
 9.10400000000373E+0001 29
 9.10799999999581E+0001 26
 9.11199999999953E+0001 28
 9.11600000000326E+0001 33
 9.11999999999534E+0001 38
 9.12399999999907E+0001 50
 9.12800000000279E+0001 69
 9.13199999999488E+0001 94
 9.13599999999860E+0001 121
 9.14000000000233E+0001 137
 9.14399999999441E+0001 132
 9.14799999999814E+0001 106
 9.15200000000186E+0001 75
 9.15600000000559E+0001 51
 9.15999999999767E+0001 37
 9.16400000000140E+0001 29
 9.16800000000512E+0001 24
 9.17199999999721E+0001 21
 9.17600000000093E+0001 22
 9.18000000000466E+0001 21
 9.18399999999674E+0001 26
 9.18800000000047E+0001 30
 9.19200000000419E+0001 40
 9.19599999999627E+0001 57
 9.20000000000000E+0001 83
 9.20400000000373E+0001 118
 9.20799999999581E+0001 146
 9.21199999999953E+0001 150
 9.21600000000326E+0001 126
 9.21999999999534E+0001 88
 9.22399999999907E+0001 56
 9.22800000000279E+0001 36
 9.23199999999488E+0001 27
 9.23599999999860E+0001 22
 9.24000000000233E+0001 19
 9.24399999999441E+0001 19
 9.24799999999814E+0001 18
 9.25200000000186E+0001 21
 9.25600000000559E+0001 23
 9.25999999999767E+0001 27
 9.26400000000140E+0001 37
 9.26800000000512E+0001 55
 9.27199999999721E+0001 87
 9.27600000000093E+0001 132
 9.28000000000466E+0001 174
 9.28399999999674E+0001 179
 9.28800000000047E+0001 143
 9.29200000000419E+0001 90
 9.29599999999627E+0001 51
 9.30000000000000E+0001 30
 9.30400000000373E+0001 21
 9.30799999999581E+0001 17
 9.31199999999953E+0001 16
 9.31600000000326E+0001 15
 9.31999999999534E+0001 15
 9.32399999999907E+0001 15
 9.32800000000279E+0001 16
 9.33199999999488E+0001 16
 9.33599999999860E+0001 17
 9.34000000000233E+0001 20
 9.34399999999441E+0001 25
 9.34799999999814E+0001 38
 9.35200000000186E+0001 67
 9.35600000000559E+0001 120
 9.35999999999767E+0001 201
 9.36400000000140E+0001 251
 9.36800000000512E+0001 215
 9.37199999999721E+0001 125
 9.37600000000093E+0001 55
 9.38000000000466E+0001 24
 9.38399999999674E+0001 16
 9.38800000000047E+0001 15
 9.39200000000419E+0001 18
 9.39599999999627E+0001 20
 9.40000000000000E+0001 24
 9.40400000000373E+0001 30
 9.40799999999581E+0001 41
 9.41199999999953E+0001 58
 9.41600000000326E+0001 81
 9.41999999999534E+0001 107
 9.42399999999907E+0001 132
 9.42800000000279E+0001 135
 9.43199999999488E+0001 116
 9.43599999999860E+0001 88
 9.44000000000233E+0001 63
 9.44399999999441E+0001 45
 9.44799999999814E+0001 33
 9.45200000000186E+0001 29
 9.45600000000559E+0001 28
 9.45999999999767E+0001 28
 9.46400000000140E+0001 30
 9.46800000000512E+0001 35
 9.47199999999721E+0001 47
 9.47600000000093E+0001 61
 9.48000000000466E+0001 85
 9.48399999999674E+0001 112
 9.48800000000047E+0001 133
 9.49200000000419E+0001 133
 9.49599999999627E+0001 115
 9.50000000000000E+0001 85
 9.50400000000373E+0001 58
 9.50799999999581E+0001 40
 9.51199999999953E+0001 30
 9.51600000000326E+0001 25
 9.51999999999534E+0001 22
 9.52399999999907E+0001 21
 9.52800000000279E+0001 22
 9.53199999999488E+0001 25
 9.53599999999860E+0001 28
 9.54000000000233E+0001 37
 9.54399999999441E+0001 52
 9.54799999999814E+0001 75
 9.55200000000186E+0001 108
 9.55600000000559E+0001 141
 9.55999999999767E+0001 153
 9.56400000000140E+0001 136
 9.56800000000512E+0001 99
 9.57199999999721E+0001 65
 9.57600000000093E+0001 41
 9.58000000000466E+0001 28
 9.58399999999674E+0001 22
 9.58800000000047E+0001 20
 9.59200000000419E+0001 19
 9.59599999999627E+0001 18
 9.60000000000000E+0001 20
 9.60400000000373E+0001 23
 9.60799999999581E+0001 26
 9.61199999999953E+0001 33
 9.61600000000326E+0001 49
 9.61999999999534E+0001 74
 9.62399999999907E+0001 117
 9.62800000000279E+0001 163
 9.63199999999488E+0001 183
 9.63599999999860E+0001 157
 9.64000000000233E+0001 107
 9.64399999999441E+0001 62
 9.64799999999814E+0001 35
 9.65200000000186E+0001 24
 9.65600000000559E+0001 17
 9.65999999999767E+0001 17
 9.66400000000140E+0001 16
 9.66800000000512E+0001 14
 9.67199999999721E+0001 16
 9.67600000000093E+0001 15
 9.68000000000466E+0001 16
 9.68399999999674E+0001 17
 9.68800000000047E+0001 20
 9.69200000000419E+0001 24
 9.69599999999627E+0001 35
 9.70000000000000E+0001 55
 9.70400000000373E+0001 102
 9.70799999999581E+0001 176
 9.71199999999953E+0001 243
 9.71600000000326E+0001 235
 9.71999999999534E+0001 152
 9.72399999999907E+0001 72
 9.72800000000279E+0001 31
 9.73199999999488E+0001 17
 9.73599999999860E+0001 17
 9.74000000000233E+0001 17
 9.74399999999441E+0001 20
 9.74799999999814E+0001 24
 9.75200000000186E+0001 29
 9.75600000000559E+0001 39
 9.75999999999767E+0001 53
 9.76400000000140E+0001 74
 9.76800000000512E+0001 101
 9.77199999999721E+0001 127
 9.77600000000093E+0001 137
 9.78000000000466E+0001 125
 9.78399999999674E+0001 98
 9.78800000000047E+0001 68
 9.79200000000419E+0001 49
 9.79599999999627E+0001 37
 9.80000000000000E+0001 30
 9.80400000000373E+0001 29
 9.80799999999581E+0001 28
 9.81199999999953E+0001 30
 9.81600000000326E+0001 34
 9.81999999999534E+0001 42
 9.82399999999907E+0001 56
 9.82800000000279E+0001 80
 9.83199999999488E+0001 105
 9.83599999999860E+0001 129
 9.84000000000233E+0001 137
 9.84399999999441E+0001 123
 9.84799999999814E+0001 95
 9.85200000000186E+0001 66
 9.85600000000559E+0001 45
 9.85999999999767E+0001 32
 9.86400000000140E+0001 25
 9.86800000000512E+0001 23
 9.87199999999721E+0001 22
 9.87600000000093E+0001 23
 9.88000000000466E+0001 25
 9.88399999999674E+0001 28
 9.88800000000047E+0001 35
 9.89200000000419E+0001 47
 9.89599999999627E+0001 67
 9.90000000000000E+0001 99
 9.90400000000373E+0001 133
 9.90799999999581E+0001 154
 9.91199999999953E+0001 145
 9.91600000000326E+0001 112
 9.91999999999534E+0001 75
 9.92399999999907E+0001 47
 9.92800000000279E+0001 32
 9.93199999999488E+0001 25
 9.93599999999860E+0001 20
 9.94000000000233E+0001 20
 9.94399999999441E+0001 20
 9.94799999999814E+0001 20
 9.95200000000186E+0001 21
 9.95600000000559E+0001 24
 9.95999999999767E+0001 31
 9.96400000000140E+0001 42
 9.96800000000512E+0001 67
 9.97199999999721E+0001 104
 9.97600000000093E+0001 150
 9.98000000000466E+0001 182
 9.98399999999674E+0001 170
 9.98800000000047E+0001 124
 9.99200000000419E+0001 72
 9.99599999999627E+0001 42
 1.00000000000000E+0002 26
 1.00040000000037E+0002 19
 1.00079999999958E+0002 17
 1.00119999999995E+0002 16
 1.00160000000033E+0002 16
 1.00199999999953E+0002 15
 1.00239999999991E+0002 16
 1.00280000000028E+0002 16
 1.00319999999949E+0002 17
 1.00359999999986E+0002 19
 1.00400000000023E+0002 22
 1.00439999999944E+0002 30
 1.00479999999981E+0002 48
 1.00520000000019E+0002 85
 1.00560000000056E+0002 152
 1.00599999999977E+0002 228
 1.00640000000014E+0002 248
 1.00680000000051E+0002 179
 1.00719999999972E+0002 91
 1.00760000000009E+0002 38
 1.00800000000047E+0002 19
 1.00839999999967E+0002 14
 1.00880000000005E+0002 16
 1.00920000000042E+0002 18
 1.00959999999963E+0002 21
 1.01000000000000E+0002 27
 1.01040000000037E+0002 35
 1.01079999999958E+0002 47
 1.01119999999995E+0002 66
 1.01160000000033E+0002 92
 1.01199999999953E+0002 119
 1.01239999999991E+0002 135
 1.01280000000028E+0002 129
 1.01319999999949E+0002 106
 1.01359999999986E+0002 77
 1.01400000000023E+0002 54
 1.01439999999944E+0002 40
 1.01479999999981E+0002 32
 1.01520000000019E+0002 29
 1.01560000000056E+0002 28
 1.01599999999977E+0002 30
 1.01640000000014E+0002 33
 1.01680000000051E+0002 39
 1.01719999999972E+0002 52
 1.01760000000009E+0002 71
 1.01800000000047E+0002 96
 1.01839999999967E+0002 123
 1.01880000000005E+0002 138
 1.01920000000042E+0002 129
 1.01959999999963E+0002 103
 1.02000000000000E+0002 73
 1.02040000000037E+0002 49
 1.02079999999958E+0002 35
 1.02119999999995E+0002 26
 1.02160000000033E+0002 23
 1.02199999999953E+0002 21
 1.02239999999991E+0002 22
 1.02280000000028E+0002 22
 1.02319999999949E+0002 26
 1.02359999999986E+0002 32
 1.02400000000023E+0002 41
 1.02439999999944E+0002 61
 1.02479999999981E+0002 87
 1.02520000000019E+0002 122
 1.02560000000056E+0002 148
 1.02599999999977E+0002 149
 1.02640000000014E+0002 122
 1.02680000000051E+0002 84
 1.02719999999972E+0002 54
 1.02760000000009E+0002 34
 1.02800000000047E+0002 26
 1.02839999999967E+0002 21
 1.02880000000005E+0002 20
 1.02920000000042E+0002 18
 1.02959999999963E+0002 19
 1.03000000000000E+0002 19
 1.03040000000037E+0002 22
 1.03079999999958E+0002 28
 1.03119999999995E+0002 39
 1.03160000000033E+0002 57
 1.03199999999953E+0002 90
 1.03239999999991E+0002 136
 1.03280000000028E+0002 175
 1.03319999999949E+0002 178
 1.03359999999986E+0002 137
 1.03400000000023E+0002 87
 1.03439999999944E+0002 49
 1.03479999999981E+0002 29
 1.03520000000019E+0002 20
 1.03560000000056E+0002 17
 1.03599999999977E+0002 16
 1.03640000000014E+0002 14
 1.03680000000051E+0002 16
 1.03719999999972E+0002 16
 1.03760000000009E+0002 16
 1.03800000000047E+0002 16
 1.03839999999967E+0002 17
 1.03880000000005E+0002 21
 1.03920000000042E+0002 26
 1.03959999999963E+0002 42
 1.04000000000000E+0002 71
 1.04040000000037E+0002 130
 1.04079999999958E+0002 209
 1.04119999999995E+0002 253
 1.04160000000033E+0002 207
 1.04199999999953E+0002 114
 1.04239999999991E+0002 50
 1.04280000000028E+0002 25
 1.04319999999949E+0002 18
 1.04359999999986E+0002 16
 1.04400000000023E+0002 18
 1.04439999999944E+0002 21
 1.04479999999981E+0002 26
 1.04520000000019E+0002 32
 1.04560000000056E+0002 44
 1.04599999999977E+0002 60
 1.04640000000014E+0002 83
 1.04680000000051E+0002 112
 1.04719999999972E+0002 133
 1.04760000000009E+0002 134
 1.04800000000047E+0002 113
 1.04839999999967E+0002 86
 1.04880000000005E+0002 60
 1.04920000000042E+0002 42
 1.04959999999963E+0002 33
 1.05000000000000E+0002 30
 1.05040000000037E+0002 28
 1.05079999999958E+0002 28
 1.05119999999995E+0002 30
 1.05160000000033E+0002 37
 1.05199999999953E+0002 47
 1.05239999999991E+0002 64
 1.05280000000028E+0002 89
 1.05319999999949E+0002 114
 1.05359999999986E+0002 135
 1.05400000000023E+0002 135
 1.05439999999944E+0002 112
 1.05479999999981E+0002 82
 1.05520000000019E+0002 56
 1.05560000000056E+0002 38
 1.05599999999977E+0002 29
 1.05640000000014E+0002 25
 1.05680000000051E+0002 23
 1.05719999999972E+0002 22
 1.05760000000009E+0002 23
 1.05800000000047E+0002 24
 1.05839999999967E+0002 30
 1.05880000000005E+0002 39
 1.05920000000042E+0002 54
 1.05959999999963E+0002 79
 1.06000000000000E+0002 112
 1.06040000000037E+0002 144
 1.06079999999958E+0002 153
 1.06119999999995E+0002 133
 1.06160000000033E+0002 96
 1.06199999999953E+0002 62
 1.06239999999991E+0002 40
 1.06280000000028E+0002 28
 1.06319999999949E+0002 21
 1.06359999999986E+0002 20
 1.06400000000023E+0002 18
 1.06439999999944E+0002 19
 1.06479999999981E+0002 20
 1.06520000000019E+0002 21
 1.06560000000056E+0002 25
 1.06599999999977E+0002 34
 1.06640000000014E+0002 50
 1.06680000000051E+0002 79
 1.06719999999972E+0002 122
 1.06760000000009E+0002 166
 1.06800000000047E+0002 182
 1.06839999999967E+0002 153
 1.06880000000005E+0002 100
 1.06920000000042E+0002 58
 1.06959999999963E+0002 33
 1.07000000000000E+0002 23
 1.07040000000037E+0002 17
 1.07079999999958E+0002 17
 1.07119999999995E+0002 16
 1.07160000000033E+0002 15
 1.07199999999953E+0002 15
 1.07239999999991E+0002 16
 1.07280000000028E+0002 16
 1.07319999999949E+0002 18
 1.07359999999986E+0002 21
 1.07400000000023E+0002 25
 1.07439999999944E+0002 36
 1.07479999999981E+0002 60
 1.07520000000019E+0002 108
 1.07560000000056E+0002 185
 1.07599999999977E+0002 246
 1.07640000000014E+0002 229
 1.07680000000051E+0002 142
 1.07719999999972E+0002 65
 1.07760000000009E+0002 27
 1.07800000000047E+0002 17
 1.07839999999967E+0002 15
 1.07880000000005E+0002 16
 1.07920000000042E+0002 20
 1.07959999999963E+0002 24
 1.08000000000000E+0002 31
 1.08040000000037E+0002 40
 1.08079999999958E+0002 55
 1.08119999999995E+0002 76
 1.08160000000033E+0002 103
 1.08199999999953E+0002 127
 1.08239999999991E+0002 136
 1.08280000000028E+0002 121
 1.08319999999949E+0002 94
 1.08359999999986E+0002 66
 1.08400000000023E+0002 48
 1.08439999999944E+0002 36
 1.08479999999981E+0002 30
 1.08520000000019E+0002 28
 1.08560000000056E+0002 28
 1.08599999999977E+0002 28
 1.08640000000014E+0002 34
 1.08680000000051E+0002 43
 1.08719999999972E+0002 59
 1.08760000000009E+0002 80
 1.08800000000047E+0002 105
 1.08839999999967E+0002 130
 1.08880000000005E+0002 137
 1.08920000000042E+0002 119
 1.08959999999963E+0002 90
 1.09000000000000E+0002 63
 1.09040000000037E+0002 42
 1.09079999999958E+0002 31
 1.09119999999995E+0002 26
 1.09160000000033E+0002 23
 1.09199999999953E+0002 22
 1.09239999999991E+0002 23
 1.09280000000028E+0002 24
 1.09319999999949E+0002 28
 1.09359999999986E+0002 35
 1.09400000000023E+0002 48
 1.09439999999944E+0002 69
 1.09479999999981E+0002 101
 1.09520000000019E+0002 134
 1.09560000000056E+0002 153
 1.09599999999977E+0002 143
 1.09640000000014E+0002 108
 1.09680000000051E+0002 72
 1.09719999999972E+0002 46
 1.09760000000009E+0002 31
 1.09800000000047E+0002 23
 1.09839999999967E+0002 19
 1.09880000000005E+0002 20
 1.09920000000042E+0002 18
 1.09959999999963E+0002 19
 1.10000000000000E+0002 21
 1.10040000000037E+0002 24
 1.10079999999958E+0002 31
 1.10119999999995E+0002 45
 1.10160000000033E+0002 69
 1.10199999999953E+0002 108
 1.10239999999991E+0002 154
 1.10280000000028E+0002 182
 1.10319999999949E+0002 165
 1.10359999999986E+0002 117
 1.10400000000023E+0002 68
 1.10439999999944E+0002 40
 1.10479999999981E+0002 25
 1.10520000000019E+0002 20
 1.10560000000056E+0002 16
 1.10599999999977E+0002 16
 1.10640000000014E+0002 16
 1.10680000000051E+0002 15
 1.10719999999972E+0002 16
 1.10760000000009E+0002 16
 1.10800000000047E+0002 17
 1.10839999999967E+0002 18
 1.10880000000005E+0002 23
 1.10920000000042E+0002 31
 1.10959999999963E+0002 50
 1.11000000000000E+0002 91
 1.11040000000037E+0002 160
 1.11079999999958E+0002 234
 1.11119999999995E+0002 245
 1.11160000000033E+0002 171
 1.11199999999953E+0002 83
 1.11239999999991E+0002 35
 1.11280000000028E+0002 19
 1.11319999999949E+0002 14
 1.11359999999986E+0002 16
 1.11400000000023E+0002 19
 1.11439999999944E+0002 24
 1.11479999999981E+0002 27
 1.11520000000019E+0002 36
 1.11560000000056E+0002 49
 1.11599999999977E+0002 68
 1.11640000000014E+0002 94
 1.11680000000051E+0002 121
 1.11719999999972E+0002 137
 1.11760000000009E+0002 129
 1.11800000000047E+0002 103
 1.11839999999967E+0002 75
 1.11880000000005E+0002 52
 1.11920000000042E+0002 38
 1.11959999999963E+0002 31
 1.12000000000000E+0002 29
 1.12040000000037E+0002 26
 1.12079999999958E+0002 29
 1.12119999999995E+0002 33
 1.12160000000033E+0002 40
 1.12199999999953E+0002 52
 1.12239999999991E+0002 73
 1.12280000000028E+0002 98
 1.12319999999949E+0002 124
 1.12359999999986E+0002 137
 1.12400000000023E+0002 127
 1.12439999999944E+0002 101
 1.12479999999981E+0002 70
 1.12520000000019E+0002 47
 1.12560000000056E+0002 34
 1.12599999999977E+0002 27
 1.12640000000014E+0002 21
 1.12680000000051E+0002 22
 1.12719999999972E+0002 21
 1.12760000000009E+0002 22
 1.12800000000047E+0002 26
 1.12839999999967E+0002 33
 1.12880000000005E+0002 43
 1.12920000000042E+0002 62
 1.12959999999963E+0002 90
 1.13000000000000E+0002 126
 1.13040000000037E+0002 151
 1.13079999999958E+0002 148
 1.13119999999995E+0002 120
 1.13160000000033E+0002 81
 1.13199999999953E+0002 52
 1.13239999999991E+0002 34
 1.13280000000028E+0002 25
 1.13319999999949E+0002 20
 1.13359999999986E+0002 18
 1.13400000000023E+0002 19
 1.13439999999944E+0002 18
 1.13479999999981E+0002 20
 1.13520000000019E+0002 22
 1.13560000000056E+0002 28
 1.13599999999977E+0002 40
 1.13640000000014E+0002 59
 1.13680000000051E+0002 94
 1.13719999999972E+0002 140
 1.13760000000009E+0002 177
 1.13800000000047E+0002 176
 1.13839999999967E+0002 132
 1.13880000000005E+0002 82
 1.13920000000042E+0002 47
 1.13959999999963E+0002 28
 1.14000000000000E+0002 19
 1.14040000000037E+0002 17
 1.14079999999958E+0002 15
 1.14119999999995E+0002 15
 1.14160000000033E+0002 15
 1.14199999999953E+0002 14
 1.14239999999991E+0002 16
 1.14280000000028E+0002 17
 1.14319999999949E+0002 18
 1.14359999999986E+0002 22
 1.14400000000023E+0002 28
 1.14439999999944E+0002 43
 1.14479999999981E+0002 76
 1.14520000000019E+0002 135
 1.14560000000056E+0002 216
 1.14599999999977E+0002 251
 1.14640000000014E+0002 199
 1.14680000000051E+0002 107
 1.14719999999972E+0002 46
 1.14760000000009E+0002 20
 1.14800000000047E+0002 16
 1.14839999999967E+0002 15
 1.14880000000005E+0002 18
 1.14920000000042E+0002 22
 1.14959999999963E+0002 26
 1.15000000000000E+0002 33
END
