   3.09106    1.203538    5.294598  
  6.852276    2.112504     9.96478  
  1.277815   -1.099221    1.178594  
  5.617244    -.541315    6.075929  
  3.134516     .919154    5.053669  
  5.047374   -1.348368    4.699006  
  7.232868   -1.719382    6.513486  
  4.176817    -.178237     4.99858  
  6.768828    -.073051    7.695777  
  3.657581     .901301    5.558881  
  7.118605     .501604    8.620209  
  7.993745     .312717    9.306461  
   .855515     .707417    2.562933  
  1.551557     -.05457    2.496988  
  8.304815    -.000791    9.304025  
  8.966257   -1.409558    8.556699  
  7.997151   -1.174935    7.822216  
  9.102488     .589852    10.69234  
  4.425479    -.892263    4.533216  
  7.566503    -.033325    8.533178  
  7.605407     .608956    9.214363  
  3.876796   -1.399887    3.476909  
  1.131001    -.736157    1.394844  
  9.318844   -1.102572    9.216273  
   .216141     .653744    1.869885  
   .656928    1.915588    3.572516  
  8.116267    1.297819   10.414086  
  4.077343     .578986    5.656328  
    .88815     .684572    2.572721  
  7.470882     .843988     9.31487  
   1.69859   -1.181583    1.517006  
    7.2746       .5679      8.8425  
  8.669025    -.468987    9.200038  
  8.880917   -2.949586    6.931331  
  9.334303    1.739505   12.073808  
  2.259979     .612541     3.87252  
  7.467274     .502318    8.969592  
  1.252054     .602171    2.854225  
  8.255619     .509385    9.765004  
   .259936    -.954383     .305553  
  1.316824    -.228678    2.088146  
  1.735233     .630247     3.36548  
  5.680912   -1.991083    4.689828  
  1.630278     .356741    2.987019  
  8.693158   -1.759365    7.933793  
  5.960404   -1.884363    5.076041  
  7.689003    -2.08321    6.605793  
  1.238691    -.126976    2.111715  
  5.386481     .128226    6.514706  
  3.005971         .88    4.885971  
  9.470871     .247843   10.718714  
  1.297375     .666444    2.963819  
  9.417052    -.659081    9.757972  
  1.176712     .528673    2.705385  
   .313256   -1.482293    -.169037  
  8.010465     .856996    9.867461  
  3.279832    1.522868      5.8027  
  8.149899   -1.457052    7.692847  
  1.147376    -.691279    1.456097  
   .523387    1.195034    2.718421  
  5.836122     -.27007    6.566052  
  2.992038   -1.129679    2.862359  
  7.299575     .058084    8.357659  
   .144203   -1.025603       .1186  
  8.750111   -1.443599    8.306512  
  3.208711    1.113573    5.322283  
  6.425301    -.246658    7.178642  
   .518723     .500931    2.019654  
  2.009811    -.738144    2.271667  
  2.905153    -.140135    3.765018  
  8.507442     .531382   10.038825  
   .848121     .280091    2.128212  
  4.950676    -.729114    5.221562  
  5.646085    -.358932    6.287153  
  8.520914    -.041384     9.47953  
    .33571   -1.033305     .302405  
  5.710669     .093314    6.803983  
   3.42502    1.173988    5.599008  
  2.622649    -.022379    3.600271  
   1.97654    1.212315    4.188856  
  7.076908   -1.574602    6.502307  
  3.643211     1.53691    6.180121  
  3.402497    -.062108    4.340389  
  6.208578     .770782     7.97936  
  5.759256   -1.528347    5.230908  
  4.572392    -.181896    5.390495  
  1.798266      .05047    2.848735  
  6.353096    -.401601    6.951495  
  1.904757    -.044609    2.860148  
  6.184253    -.514523     6.66973  
  1.806994    -.569789    2.237205  
   6.48121    -.597754    6.883455  
  4.021613     .488362    5.509975  
  6.506628     .300938    7.807566  
  9.868593    -1.03533    9.833263  
  6.213379     -.82538    6.387999  
   .684031     .675891    2.359923  
  9.841828    -.732036   10.109791  
  1.533225    -.631182    1.902043  
  8.209414    -.754667    8.454747  
  1.962375    1.325396    4.287771  
  9.724331    -.642358   10.081973  
  6.501835    -.302019    7.199816  
  7.529425    2.699367   11.228792  
  2.995545    1.410703    5.406248  
  9.816733      1.1386   11.955333  
  9.844152      .49483   11.338982  
  9.618855     .942262   11.561117  
  4.225756    1.347165    6.572922  
   .736648     .425013    2.161662  
  8.070455   -2.090236     6.98022  
  2.987184    -1.32451    2.662674  
  1.534478     .957636    3.492114  
  4.324254    -.225746    5.098508  
   2.18307    -.461212    2.721858  
  3.344371   -2.065804    2.278567  
  7.979831    -.615777    8.364054  
   3.59885    -.619259    3.979591  
  9.770343     .387214   11.157557  
  8.928266    1.588023   11.516289  
  6.951888     .060948    8.012836  
  6.345654    1.515639    8.861293  
  4.063971     .719044    5.783016  
  3.260702     .316323    4.577025  
   3.13695     .225744    4.362694  
  7.625878    -.420058     8.20582  
  2.608305      .94725    4.555555  
  1.742596     .372936    3.115532  
   5.04663     .043335    6.089965  
  6.283829     .970525    8.254354  
  4.736848    -.332468     5.40438  
  1.373029      -.3551    2.017929  
  5.893078    -.768099     6.12498  
  1.705311     .064378    2.769689  
  6.834083    1.339252    9.173335  
  6.593938   -1.441993    6.151944  
   9.66542    1.071586   11.737007  
   2.35949   -1.313043    2.046447  
  9.342312   -1.080108    9.262204  
   5.72867     1.11959    7.848259  
  9.430113     .760948   11.191061  
  7.723322     .141918     8.86524  
  9.785272    -.398325   10.386947  
  8.874386    1.358243   11.232629  
   2.72189    -.090008    3.631882  
  8.613813    -.919304    8.694509  
  4.521734     1.06758    6.589315  
  7.279819     .214842    8.494661  
  7.900184     .446082    9.346266  
  3.693571   -1.844444    2.849128  
  6.578716    -.566338    7.012378  
  7.518081   -2.164516    6.353565  
  2.622895    -.966681    2.656214  
  1.831107     .139374    2.970481  
  6.958346   -1.311674    6.646672  
  9.610047    -.123742   10.486305  
  2.329688    -.657006    2.672682  
   8.67139    1.776593   11.447983  
  5.516319    -.353793    6.162525  
  2.867519     .889877    4.757396  
  7.499568   -1.461819     7.03775  
  5.129549    -.485354    5.644195  
  8.237392     .569844    9.807235  
  6.085654      .98514    8.070794  
   .053738    -.613102     .440636  
  6.999667    -.041599    7.958068  
   .544677     -.94327     .601407  
  5.406629     .381887    6.788516  
   7.81262     .597865    9.410484  
  6.811718   -1.155601    6.656116  
  6.445517     .400044    7.845561  
  8.381867    1.358432     10.7403  
   6.68927     .481974    8.171244  
  9.684284   -1.681963    9.002321  
  1.137652   -1.273005     .864647  
   .091867     1.40176    2.493627  
   8.73028    1.621529   11.351809  
   .286682    -.740918     .545764  
   .883128     .467077    2.350206  
  1.734198   -1.460748    1.273449  
  6.908147     .868346    8.776493  
   .887609    -.734814    1.152796  
   5.11767    -.208136    5.909534  
  1.888391    -.667129    2.221262  
  4.828975    -.827096    5.001879  
  2.709662    -.291517    3.418145  
  3.342934    -.600317    3.742617  
  2.977525    1.762776    5.740301  
  3.208103    1.236625    5.444728  
  4.809845    1.250217    7.060062  
  7.985589    -.821527    8.164061  
  3.383077     .859616    5.242693  
  6.641842     .296736    7.938578  
   .173714    -.335335     .838379  
  1.908535    1.409071    4.317606  
  8.189906    1.249255   10.439161  
  2.636821    -.554332    3.082489  
  2.247182     .465516    3.712698  
  8.931055     .499657   10.430711  
  2.085172    1.528281    4.613453  
  6.910018     .902211    8.812228  
  1.693273    -.152535    2.540738  
  7.424997    -.179939    8.245058  
  3.444164     .162872    4.607036  
  6.114026   -1.365918    5.748109  
  4.050022   -1.236958    3.813064  
  3.664357    -.337806    4.326551  
   .167142   -1.220843    -.053701  
  2.106441     .891994    3.998435  
   .262201     .168298    1.430498  
  2.228299      .14158    3.369879  
  1.061503    -.178042    1.883461  
  6.203818     .123997    7.327815  
  2.476585    -.125385      3.3512  
  1.046372    -.523579    1.522793  
  4.588382    1.052098     6.64048  
  2.695408   -1.080576    2.614832  
  8.899666   -2.552619    7.347047  
   4.50729    -.988032    4.519258  
   .205185    -.338866     .866319  
   5.05365    -.222138    5.831512  
  3.803675     .015517    4.819192  
  7.313892    1.723721   10.037613  
   .732558     .577309    2.309867  
  1.255992    -.709247    1.546745  
  6.905892   -1.479329    6.426564  
  7.654697      .51371    9.168407  
  3.483637    1.674366    6.158003  
  3.417762    -.510979    3.906783  
  9.526566   -1.073998    9.452568  
  6.683245    -.632276    7.050969  
  8.156659      .31864    9.475299  
  6.438329     -.74061    6.697719  
  3.432329     .536482    4.968811  
  5.566597    -.522499    6.044098  
  2.833308   -1.040896    2.792412  
  5.290492    -.010613    6.279879  
   .092408     -.13538     .957028  
   8.28549    -.013059    9.272431  
   .689123    -.616215    1.072908  
  4.262928   -1.230696    4.032232  
  8.504157     .957884   10.462041  
  8.890671    -.613969    9.276703  
  4.697259   -1.189109     4.50815  
  4.579243    -.087258    5.491985  
  5.664243    1.423968    8.088211  
   4.32417    -.594364    4.729806  
  5.084942      .28681    6.371752  
  1.817834    1.022391    3.840225  
  1.952216     .134004     3.08622  
  2.967694     .442384    4.410078  
  2.816716     .930877    4.747593  
  4.712088    -.602785    5.109303  
   .183318    -.190018       .9933  
  5.353883     .514249    6.868132  
  9.584837    1.033227   11.618065  
   .393422    1.510429    2.903852  
  3.605914     .699478    5.305393  
  1.375979    -.324035    2.051944  
  1.732027    -.718744    2.013283  
  6.137463     .768094    7.905558  
  8.070974     .756765    9.827739  
   .272707    -.892683     .380024  
  6.096567      .51082    7.607387  
  6.065207     .343898    7.409105  
  7.619519    -.534637    8.084882  
  7.907689    -.339654    8.568035  
  9.605174     .120354   10.725528  
  7.780114   -1.304102    7.476012  
  8.655295   -2.328501    7.326794  
  1.344486   -1.360411     .984075  
   .624379     .237142    1.861521  
  8.051605      -.3342    8.717405  
  5.117154    1.070736     7.18789  
  9.804113     .536998   11.341111  
  8.949511   -1.098378    8.851132  
   .741102    -.150544    1.590558  
  9.464112    -.466338    9.997774  
   4.00745     .599553    5.607003  
  2.079883     -.20709    2.872793  
  2.545395    -.047693    3.497702  
   .520329     .681516    2.201844  
  5.609264    -.424811    6.184453  
   9.96648     .596434   11.562915  
  1.893832   -1.152542    1.741289  
  3.146423   -1.178341    2.968083  
  6.236404   -1.709657    5.526748  
  1.061455     .201074    2.262529  
  2.011405   -1.318201    1.693205  
  5.465185   -1.143719    5.321466  
   5.57427   -1.834927    4.739343  
  4.744727    -1.18439    4.560337  
  2.662571   -1.011847    2.650724  
  9.287995     .050051   10.338046  
  2.337381    -.292978    3.044403  
  4.925921     .623643    6.549564  
  4.565812   -1.075475    4.490338  
  6.360963     .241019    7.601982  
   1.78339     .334687    3.118077  
  6.129762    -.185014    6.944748  
