   911202  -.4307829   8058.003   8.994421          1          0          0          0          1          0          1          0       7232  -826.0029          1  
   911203          0   2224.001   7.707063          0          1          0          0          1          0          0          0       2110  -114.0012          0  
   911204   .0723207   4231.001   8.350194          0          0          1          0          0          1          1          1       5247   1015.999          1  
   911205    .247139   5749.998   8.656955          0          0          0          1          1          0          0          1       1290  -4459.998          1  
   911206   .6643268   2551.001   7.844241          0          0          0          0          1          0          0          1       1717   -834.001          1  
   911209  -.2065143      10952   9.301277          1          0          0          0          0          0          0          0      11643    691.002          1  
   911210  -.1158318       7485   8.920656          0          1          0          0          0          1          0          0       9640       2155          1  
   911211  -.2598674   9008.996   9.105979          0          0          1          0          0          0          1          0       9347   338.0039          0  
   911212  -.1171254       4055   8.307706          0          0          0          1          0          1          0          0       3890  -164.9998          0  
   911213  -.3420761   9992.003    9.20954          0          0          0          0          0          0          0          0      16318   6325.997          1  
   911216  -.1255632   5180.002   8.552561          1          0          0          0          1          0          0          1       8725   3544.998          1  
   911217    .027399       5030   8.523175          0          1          0          0          1          0          0          1       2780      -2250          1  
   911218  -.0712275       7083   8.865453          0          0          1          0          1          0          0          1       9078       1995          1  
   911219   .1230601   9762.996   9.186355          0          0          0          1          1          0          0          1       5066  -4696.996          1  
   911220   .2130932   5999.002   8.699348          0          0          0          0          1          0          0          1       4796  -1203.002          1  
   911223  -.3172045      12196   9.408863          1          0          0          0          0          1          0          1      13647   1451.003          1  
   911224  -.1088388   3463.999   8.150179          0          1          0          0          0          1          0          1       1255  -2208.999          1  
   911226   .2231435   814.9999   6.703188          0          0          0          1          0          1          0          1       1115   300.0001          0  
   911227   .2464593   6626.999   8.798907          0          0          0          0          0          0          0          1       6887   260.0015          0  
   911230   -.075431   14260.01   9.565214          1          0          0          0          0          0          1          1      15894   1633.993          1  
   911231   .2055992   4014.999   8.297792          0          1          0          0          0          0          1          1       5850   1835.001          1  
   920102   .2188098   4109.001   8.320935          0          0          0          1          0          0          0          0        409  -3700.001          1  
   920103    .307025   7221.997   8.884887          0          0          0          0          0          0          0          0       7222    .003418          0  
   920106    .399592      11344   9.336444          1          0          0          0          1          0          0          0      13036   1692.004          1  
   920107   .4969802   3370.001   8.122668          0          1          0          0          1          0          0          1       1760  -1610.001          1  
   920108   .3968258       3470    8.15191          0          0          1          0          1          0          0          1       4824       1354          1  
   920109   .2830518   13607.01    9.51834          0          0          0          1          0          1          0          1      16489   2881.994          1  
   920110   .2263384       5260   8.567886          0          0          0          0          0          1          1          0       4842  -418.0005          0  
   920113  -.0723207      11930   9.386811          1          0          0          0          0          1          0          0      12732   802.0029          1  
   920114  -.1545295       5590   8.628735          0          1          0          0          0          1          0          0       7070       1480          1  
   920115   .2363888   2269.999   7.727535          0          0          1          0          1          0          1          1       2873   603.0007          0  
   920116   .1718503       4690   8.453188          0          0          0          1          1          0          0          1       1915      -2775          1  
   920117   .1541506       1283   7.156956          0          0          0          0          1          0          1          1        240      -1043          1  
   920120   .0350913   579.9999   6.363028          1          0          0          0          1          0          0          1        300  -279.9999          0  
   920121    .218131   1500.001   7.313221          0          1          0          0          0          1          1          1       1960   459.9991          0  
   920122  -.0624355   4410.001    8.39163          0          0          1          0          0          0          0          1       5408    997.999          1  
   920123  -.4418328   9783.996   9.188503          0          0          0          1          0          0          0          0      10130   346.0039          0  
   920124  -.7699343      11140   9.318297          0          0          0          0          0          0          1          0      12943   1803.001          1  
   920127  -.7391911   4288.999   8.363809          1          0          0          0          1          0          1          1       2766  -1522.999          1  
   920128  -.7230001   5548.001   8.621193          0          1          0          0          0          1          0          1       4050  -1498.001          1  
   920129  -.5184302       3445   8.144679          0          0          1          0          0          0          0          1       6208       2763          1  
   920130  -.5533853   6067.998   8.710784          0          0          0          1          0          0          0          1       7539   1471.002          1  
   920131  -.5590724       4525   8.417373          0          0          0          0          0          0          0          0       6250       1725          1  
   920203  -.4238143   8249.997   9.017968          1          0          0          0          1          0          0          1       8620   370.0029          0  
   920204  -.7731899   1860.001   7.528332          0          1          0          0          1          0          0          1        300  -1560.001          1  
   920205  -.2040953   1279.999   7.154615          0          0          1          0          1          0          0          1        360  -919.9994          1  
   920206   .3841877       4855   8.487764          0          0          0          1          1          0          0          1       5680        825          1  
   920207   .3479887   7939.001   8.979543          0          0          0          0          0          1          0          1       7484   -455.001          0  
   920210   .3229889   6274.992   8.744328          1          0          0          0          1          0          0          1       6960   685.0078          1  
   920211   .4345259       2680   7.893572          0          1          0          0          1          0          0          1       2460  -219.9995          0  
   920212   .2000211   5389.999     8.5923          0          0          1          0          1          0          0          1       8396   3006.001          1  
   920213  -.0071685   8399.999   9.035987          0          0          0          1          0          1          0          1      14440   6040.001          1  
   920214  -.4744579      13708   9.525735          0          0          0          0          0          1          0          1       7095      -6613          1  
   920218  -.7711087      17555   9.773094          0          1          0          0          0          0          0          1      19698   2142.998          1  
   920219  -1.094774   3493.998   8.158802          0          0          1          0          0          1          0          0         10  -3483.998          1  
   920220  -.8602012   5869.997   8.677609          0          0          0          1          0          0          0          0       6470   600.0029          0  
   920221   -.597837       8390   9.034796          0          0          0          0          0          1          0          0       6695      -1695          1  
   920224   -.567984   4339.999   8.375629          1          0          0          0          0          0          0          1       5222    882.001          1  
   920225  -.7711087   2100.001   7.649693          0          1          0          0          0          0          0          1       2885   784.9993          1  
   920226  -.2724146       2575   7.853605          0          0          1          0          0          1          0          1       2025       -550          1  
   920227   .1849223   2849.999   7.955074          0          0          0          1          1          0          1          1       1179  -1670.999          1  
   920228     .20676   6189.998    8.73069          0          0          0          0          1          0          0          0       7420   1230.002          1  
   920302    .074108       5615   8.633197          1          0          0          0          0          1          0          0       5855        240          0  
   920303  -.0071685       6610   8.796339          0          1          0          0          1          0          0          1       7327   716.9995          1  
   920304  -.2548923   8054.999   8.994048          0          0          1          0          0          1          0          0       7850  -204.9985          0  
   920305  -.2364898      10135    9.22375          0          0          0          1          0          1          0          0       8610  -1525.001          1  
   920306  -.4848501   5263.001   8.568457          0          0          0          0          0          0          0          0       5213  -50.00098          0  
   920309  -.8119307   21619.99   9.981374          1          0          0          0          0          1          0          0      26530   4910.006          1  
   920310  -.4780358       9625   9.172119          0          1          0          0          0          1          0          0       4520      -5105          1  
   920311  -.2301122   3349.999   8.116715          0          0          1          0          0          1          0          1       3375   25.00073          0  
   920312  -.2887938      10315   9.241354          0          0          0          1          1          0          1          1      10600   285.0049          0  
   920313  -.3409266   3030.001   8.016318          0          0          0          0          1          0          0          1      21070      18040          1  
   920316  -.4812668      15460   9.646011          1          0          0          0          0          0          0          1        250     -15210          1  
   920317  -.5817336   9589.999   9.168476          0          1          0          0          0          0          0          1       7610  -1979.999          1  
   920318  -.0370413   1704.999    7.44132          0          0          1          0          0          1          0          1       3065   1360.001          1  
   920319   .0746435       5510    8.61432          0          0          0          1          0          0          0          1       3830      -1680          1  
   920320  -.5268259   7346.999   8.902047          0          0          0          0          1          0          1          1       8342   995.0015          1  
   920323  -.1123292       2585   7.857481          1          0          0          0          0          0          0          1       2305  -280.0005          0  
   920324  -.2376716   3745.001   8.228177          0          1          0          0          0          1          0          1       4410   664.9993          0  
   920325  -.4243931       2940   7.986165          0          0          1          0          0          1          0          1       3000   59.99951          0  
   920326  -.4828126      12040   9.395989          0          0          0          1          0          1          0          0      11783  -256.9961          0  
   920327  -.1923718   2235.001   7.711997          0          0          0          0          0          1          0          0       2535   299.9988          0  
   920330   .1823216   2220.001   7.705263          1          0          0          0          1          0          0          0       5130   2909.999          1  
   920331   .2876821   1112.001   7.013916          0          1          0          0          1          0          0          0        514  -598.0006          1  
   920401  -.1873341   4880.001   8.492901          0          0          1          0          0          1          1          0       3920  -960.0015          1  
   920402  -.4404448      11310   9.333443          0          0          0          1          0          0          0          0      10240  -1070.001          1  
   920403   -.567984      14455   9.578795          0          0          0          0          0          0          1          1      15042   587.0029          0  
   920406  -.3873608   7907.001   8.975504          1          0          0          0          0          0          0          0       6852  -1055.001          1  
   920407  -.5108256   1464.999    7.28961          0          1          0          0          0          0          0          0        305  -1159.999          1  
   920408  -.6149098      12280   9.415728          0          0          1          0          0          0          0          0      14148   1867.995          1  
   920409  -.3876929   6249.998   8.740336          0          0          0          1          0          0          0          0       5160  -1089.998          1  
   920410  -.3716677   5350.002   8.584852          0          0          0          0          0          0          0          0       4340  -1010.002          1  
   920413  -.3101549   5755.007   8.657825          1          0          0          0          0          0          0          1       7049   1293.993          1  
   920414  -.3502024   1609.999   7.383989          0          1          0          0          0          0          0          0        200  -1409.999          1  
   920415  -.2231435   490.0003   6.194406          0          0          1          0          0          0          0          0        360  -130.0003          0  
   920416  -.3119048   9774.996   9.187583          0          0          0          1          0          0          0          0      11875   2100.004          1  
   920417  -.2258646   6499.999   8.779557          0          0          0          0          0          0          1          0       3900  -2599.999          1  
   920421  -.2842691      10520   9.261033          0          1          0          0          0          0          0          0      10700   180.0049          0  
   920422  -.0971638   3999.999   8.294049          0          0          1          0          0          0          0          0       3940  -59.99854          0  
   920423  -.1419181   6230.003   8.737132          0          0          0          1          0          0          1          0       6570   339.9971          0  
   920424  -.5364382   15550.01   9.651816          0          0          0          0          0          0          0          0      15940   389.9932          0  
   920427  -.4596867   5180.002   8.552561          1          0          0          0          0          0          0          0       8170   2989.998          1  
   920428  -.4866114   3509.999   8.163371          0          1          0          0          0          0          0          0       1676  -1833.999          1  
   920429  -.7603559   5785.002   8.663024          0          0          1          0          0          0          0          0       6963   1177.998          1  
   920430  -.8931236   8950.003   9.099409          0          0          0          1          0          0          0          0       7694  -1256.003          1  
   920501  -1.107745   8219.997   9.014325          0          0          0          0          0          0          0          0      11370   3150.003          1  
   920504  -.7985078       5490   8.610683          1          0          0          0          0          0          0          0       1610      -3880          1  
   920505  -.0870114   1289.999   7.162397          0          1          0          0          0          1          0          0       1320   30.00073          0  
   920506   .1849223   1574.999    7.36201          0          0          1          0          0          1          0          0       2305   730.0009          1  
   920507   .2231435       6400   8.764053          0          0          0          1          0          1          0          0       6080  -320.0005          0  
   920508   .5611184       4140   8.328451          0          0          0          0          0          1          0          0       4020  -120.0005          0  
