1.3
1.7
4
2.4
2.7
2.4
0.5
-1.9
-1.4
0.5
-0.9
3.8
3.4
6.1
3.8
5
2.3
2
1.3
0.9
0.3
1.8
3.6
1.9
1
-0.2
-1.4
-0.2
0.2
1.3
2.3
3.4
2.1
2.1
1.6
0.5
1.4
1.2
2
2
0.4
1.6
-1.1
-1.6
0.9
3
2.8
2.2
2.6
0.2
0.8
2.7
-0.2
0.5
-1
0.8
2.1
1.9
2.4
2.4
1.2
1.2
0.6
1.6
1.4
2.1
1.5
2.5
1.4
1.8
0.8
3
1.8
2.4
3.1
3.1
1.2
1.7
1.7
1.4
0.6
1.8
1.9
3.2
2.8
1.7
1.8
2.6
1.6
2.1
0.8
1.3
1.6
1.7
0.2
4.3
1.9
1.8
1.1
3.4
3
1.9
3
3.8
2.7
1.4
3
1
2.6
1.9
2.6
1.1
2.3
3.6
3.1
3.4
1.8
1.9
2.5
2.9
3.4
3
2.2
1.8
5.8
2.7
3.5
2
2.6
2.9
2.3
2.4
0.1
2.1
4.7
4.7
1.1
3
0.6
-0.3
1.8
1
1.2
2.1
3
3
2.8
3.2
2.6
1.8
1.5
2.1
1.4
2
1.4
1.5
0.9
1.5
1.2
1.5
1.6
1.7
2.5
1.3
2.2
1.7
2.1
2.1
1.7
1.5
0.9
2.3
1.6
0.9
-0.1
0.6
1.4
1.2
1
1.6
1.7
1.5
1.6
0.8
1.2
1
1.9
1.5
1.9
1.2
1.6
0.8
0.7
1.3
1.2
1.3
2.1
1.2
1.7
1.4
1.7
1.6
1.1
1.1
1.1
1.7
2
1.3
1.1
1.6
2.2
1.1
2.5
0.7
1.1
0.3
1.3
0
0.7
1.2
1
0.9
0.6
1.1
1.1
2.2
1.4
1.6
1.6
1.5
1.6
1.9
1.1
1.8
1.4
2.1
1.2
0.8
1.2
1.4
1.5
1.3
1.1
0.3
0.9
0.3
-1.4
-1.2
-0.2
0.8
