Monthly Precipitation (hundredths of inches), Corvallis, Oregon
year	Jan	Feb	Mar	Apr	May	Jun	Jul	Aug	Sep	Oct	Nov	Dec
1890	1062	888	567	182	29	123	50	14	0	165	22	380
1891	375	782	248	240	170	211	0	55	80	410	735	1183
1892	455	177	320	465	45	61	45	0	168	205	527	620
1893	235	540	455	518	366	60	0	9	324	567	828	402
1894	1238	529	812	281	190	294	10	5	120	445	210	535
1895	1165	155	445	306	436	28	39	0	215	0	464	1121
1896	835	324	313	698	571	98	0	116	41	330	1669	781
1897	284	698	571	173	109	209	9	38	157	238	1166	709
1898	382	548	234	244	226	133	23	12	315	159	863	362
1899	626	561	516	364	226	42	7	276	104	397	1093	757
1900	474	401	466	172	316	203	13	20	251	588	346	599
1901	847	628	415	309	186	109	0	18	272	223	621	508
1902	425	1029	696	393	286	27	144	0	116	171	1123	992
1903	724	164	268	267	103	109	34	44	37	173	1182	308
1904	556	1523	1170	182	76	32	85	11	59	274	748	905
1905	497	295	705	67	212	142	0	0	125	475	305	616
1906	722	676	242	238	307	282	0	0	224	270	935	675
1907	897	538	539	298	127	111	24	115	117	132	792	1333
1908	424	410	433	199	289	138	0	100	23	434	401	478
1909	1361	945	193	26	139	30	110	11	116	451	1153	496
1910	654	754	121	247	83	173	0	1	85	256	1045	433
1911	1134	261	75	300	421	105	3	2	427	133	458	527
1912	871	523	366	200	214	148	17	218	194	302	890	652
1913	636	122	433	276	189	288	93	37	233	357	601	311
1914	1147	442	312	437	159	215	0	0	384	497	456	364
1915	619	360	183	140	239	54	109	0	39	129	980	830
1916	628	702	1081	191	277	145	234	3	60	111	662	571
1917	314	384	485	423	150	86	0	1	219	0	485	1366
1918	726	769	320	126	121	0	45	43	56	260	469	427
1919	997	1065	598	347	132	22	10	14	308	204	649	711
1920	199	12	521	281	51	185	41	79	540	469	536	798
1921	715	538	423	199	147	94	0	8	199	363	1071	348
1922	380	485	581	177	76	2	0	87	151	488	307	1111
1923	1088	216	257	271	99	109	108	19	71	239	398	832
1924	395	375	292	72	47	66	0	108	222	760	890	560
1925	729	776	144	312	204	116	6	87	105	5	511	412
1926	348	1030	43	80	181	9	0	166	81	427	986	653
1927	1169	901	295	156	183	245	2	21	253	296	804	462
1928	506	164	795	397	48	40	3	0	169	160	943	702
1929	360	36	249	363	40	128	0	3	26	66	30	1144
1930	299	507	147	297	114	94	0	0	201	143	333	233
1931	472	283	572	128	19	335	0	0	152	382	658	912
1932	655	208	506	236	224	24	61	83	0	399	489	809
1933	793	514	403	76	370	84	0	69	168	267	100	1415
1934	555	98	212	194	128	24	26	10	57	457	971	810
1935	421	337	452	200	52	21	51	10	128	261	226	476
1936	1082	535	197	143	341	170	32	0	89	16	24	582
1937	761	755	395	799	232	358	8	45	106	259	971	1117
1938	403	633	742	151	64	8	17	0	135	292	410	349
1939	392	360	244	22	171	70	43	114	43	290	31	853
1940	441	980	493	226	262	12	16	0	275	414	446	471
1941	438	165	122	201	242	103	0	109	396	164	556	799
1942	495	336	104	162	256	111	28	0	0	122	1269	1037
1943	509	378	560	201	116	132	22	162	2	554	251	266
1944	306	225	223	293	85	62	14	0	218	136	463	274
1945	434	504	560	233	310	22	14	8	94	89	1008	503
1946	479	428	459	68	59	98	57	1	217	422	678	376
1947	226	297	486	167	16	255	272	46	66	905	310	345
1948	708	510	386	264	267	39	70	6	187	234	597	746
1949	174	1058	219	55	206	68	3	27	156	172	489	419
1950	1217	523	416	99	65	88	21	76	97	970	773	513
1951	736	462	416	65	132	2	11	8	123	678	584	613
1952	508	554	175	92	35	384	0	16	40	102	149	713
1953	1223	543	450	197	331	183	0	174	49	393	696	782
1954	1186	525	291	271	78	311	53	64	160	356	586	692
1955	309	229	612	491	101	85	62	0	197	659	732	1264
1956	1189	548	589	93	198	114	2	34	112	586	138	456
1957	278	489	701	211	321	107	17	22	150	314	281	1038
1958	815	781	255	366	112	291	2	2	130	254	849	415
1959	1052	456	399	84	220	131	32	0	160	157	258	335
1960	438	649	718	329	392	22	0	64	52	252	1050	332
1961	480	991	746	223	205	41	59	33	118	384	579	558
1962	121	382	637	290	231	39	0	57	160	462	789	290
1963	164	523	630	464	394	96	52	65	94	277	704	391
1964	1168	79	433	161	55	88	57	23	31	125	923	1327
1965	1145	156	59	200	108	52	39	98	4	212	870	769
1966	1021	178	721	95	49	76	49	27	171	318	527	767
1967	950	178	423	160	85	77	0	0	84	619	346	632
1968	714	711	391	151	345	79	34	524	199	632	652	1442
1969	935	427	181	194	164	246	5	0	362	391	286	1159
1970	1551	597	229	266	112	53	12	0	107	404	730	1247
1971	1071	535	616	438	233	248	2	48	310	280	921	1013
1972	1010	513	646	427	236	101	8	24	228	88	492	933
1973	556	165	363	175	85	138	2	70	252	270	1828	1240
1974	1159	752	887	239	146	61	181	0	7	141	688	815
1975	466	548	464	240	207	114	62	168	0	430	551	647
1976	659	671	445	198	114	47	90	208	127	125	142	147
1977	96	297	509	102	343	113	12	189	358	258	811	1103
1978	734	428	215	494	361	94	29	234	340	98	314	423
1979	257	835	289	293	211	38	43	267	215	721	411	626
1980	669	388	402	363	146	175	24	1	96	187	629	1133
1981	227	444	300	237	299	258	10	1	309	552	673	1398
1982	721	712	354	457	49	151	43	28	189	364	551	1056
1983	691	1031	878	301	151	139	255	221	53	105	993	735
1984	326	692	382	341	367	434	20	0	74	465	1355	401
1985	25	365	494	105	94	222	54	48	78	389	469	372
1986	653	990	304	184	250	31	115	0	356	280	862	350
1987	822	450	370	156	140	29	223	17	5	27	390	1142
1988	712	170	390	333	384	183	9	0	73	14	1087	397
1989	418	321	680	142	146	114	33	87	60	266	390	307
1990	950	579	221	238	143	153	45	172	83	456	487	354
1991	268	322	585	347	391	152	38	72	19	255	513	438
1992	452	454	104	408	0	118	118	44	55	352	499	738
1993	415	220	486	682	451	211	79	31	7	107	103	798
1994	389	559	346	194	113	189	1	0	89	384	903	626
