   0.1386
   0.2432
   0.6439
   1.0212
   1.1218
   1.7518
   3.7849
   4.0650
   4.6478
   4.9601
   5.0585
   5.0625
   5.1526
   5.1864
   5.2681
   5.6826
   5.7101
   5.7387
   5.7607
   5.8039
   5.9211
   5.9945
   6.0436
   6.0784
   6.0891
   6.0976
   6.1347
   6.1364
   6.1594
   6.1651
   6.1854
   6.1920
   6.1947
   6.1986
   6.2486
   6.2531
   6.2659
   6.2664
   6.2882
   6.2977
   6.3025
   6.3040
   6.3059
   6.3264
   6.3401
   6.3420
   6.3756
   6.4091
   6.4379
   6.4397
   6.4418
   6.4462
   6.4603
   6.4816
   6.4874
   6.5030
   6.5075
   6.5130
   6.5232
   6.5267
   6.5318
   6.5401
   6.5662
   6.5666
   6.5695
   6.5727
   6.5790
   6.5870
   6.5886
   6.5915
   6.5940
   6.5945
   6.5983
   6.6068
   6.6071
   6.6234
   6.6347
   6.6402
   6.6494
   6.6574
   6.6630
   6.6641
   6.6688
   6.6719
   6.7085
   6.7109
   6.7232
   6.7296
   6.7382
   6.7384
   6.7429
   6.7442
   6.7510
   6.7597
   6.7600
   6.7698
   6.7709
   6.7716
   6.7730
   6.7814
   6.7924
   6.8042
   6.8069
   6.8128
   6.8152
   6.8200
   6.8293
   6.8326
   6.8352
   6.8407
   6.8516
   6.8628
   6.8631
   6.8667
   6.8783
   6.8795
   6.8798
   6.8807
   6.8866
   6.8905
   6.9026
   6.9037
   6.9048
   6.9056
   6.9106
   6.9199
   6.9257
   6.9279
   6.9310
   6.9360
   6.9414
   6.9420
   6.9511
   6.9529
   6.9569
   6.9574
   6.9584
   6.9598
   6.9688
   6.9721
   6.9829
   6.9865
   6.9872
   6.9916
   6.9974
   7.0011
   7.0139
   7.0203
   7.0207
   7.0217
   7.0227
   7.0342
   7.0380
   7.0428
   7.0455
   7.0480
   7.0518
   7.0579
   7.0602
   7.0619
   7.0707
   7.0727
   7.0884
   7.0933
   7.1031
   7.1068
   7.1173
   7.1214
   7.1241
   7.1243
   7.1301
   7.1349
   7.1406
   7.1468
   7.1472
   7.1522
   7.1532
   7.1558
   7.1586
   7.1603
   7.1607
   7.1649
   7.1680
   7.1735
   7.1753
   7.1772
   7.1803
   7.1809
   7.1811
   7.1929
   7.1946
   7.1983
   7.1999
   7.2071
   7.2089
   7.2097
   7.2122
   7.2139
   7.2200
   7.2203
   7.2219
   7.2239
   7.2250
   7.2259
   7.2295
   7.2327
   7.2382
   7.2395
   7.2398
   7.2434
   7.2437
   7.2439
   7.2444
   7.2494
   7.2517
   7.2563
   7.2639
   7.2650
   7.2662
   7.2699
   7.2750
   7.2786
   7.2836
   7.2853
   7.2904
   7.2921
   7.2949
   7.2974
   7.2996
   7.3049
   7.3059
   7.3065
   7.3112
   7.3132
   7.3138
   7.3152
   7.3155
   7.3175
   7.3177
   7.3188
   7.3192
   7.3267
   7.3284
   7.3372
   7.3383
   7.3385
   7.3388
   7.3399
   7.3418
   7.3447
   7.3450
   7.3471
   7.3631
   7.3651
   7.3653
   7.3682
   7.3727
   7.3735
   7.3745
   7.3783
   7.3806
   7.3816
   7.3914
   7.3932
   7.3942
   7.3947
   7.3998
   7.4000
   7.4003
   7.4005
   7.4012
   7.4041
   7.4085
   7.4087
   7.4089
   7.4100
   7.4119
   7.4128
   7.4140
   7.4143
   7.4151
   7.4167
   7.4188
   7.4195
   7.4213
   7.4261
   7.4269
   7.4362
   7.4364
   7.4367
   7.4385
   7.4399
   7.4441
   7.4464
   7.4509
   7.4610
   7.4650
   7.4663
   7.4676
   7.4681
   7.4690
   7.4702
   7.4711
   7.4744
   7.4772
   7.4779
   7.4805
   7.4842
   7.4861
   7.4884
   7.4891
   7.4903
   7.4905
   7.4935
   7.4938
   7.4969
   7.5029
   7.5040
   7.5059
   7.5102
   7.5109
   7.5131
   7.5154
   7.5163
   7.5177
   7.5187
   7.5209
   7.5255
   7.5266
   7.5268
   7.5270
   7.5309
   7.5407
   7.5467
   7.5491
   7.5495
   7.5559
   7.5566
   7.5569
   7.5599
   7.5602
   7.5617
   7.5670
   7.5707
   7.5792
   7.5825
   7.5837
   7.5842
   7.5844
   7.5855
   7.5932
   7.5934
   7.5936
   7.5996
   7.6022
   7.6075
   7.6081
   7.6084
   7.6090
   7.6106
   7.6122
   7.6174
   7.6190
   7.6211
   7.6232
   7.6246
   7.6256
   7.6297
   7.6396
   7.6402
   7.6425
   7.6492
   7.6499
   7.6553
   7.6584
   7.6690
   7.6722
   7.6738
   7.6814
   7.6819
   7.6848
   7.6872
   7.6898
   7.6935
   7.6938
   7.7052
   7.7056
   7.7076
   7.7100
   7.7155
   7.7199
   7.7220
   7.7257
   7.7273
   7.7279
   7.7287
   7.7293
   7.7297
   7.7315
   7.7341
   7.7406
   7.7446
   7.7461
   7.7530
   7.7610
   7.7643
   7.7668
   7.7670
   7.7672
   7.7675
   7.7708
   7.7739
   7.7788
   7.7848
   7.7905
   7.7937
   7.7944
   7.7977
   7.8014
   7.8034
   7.8036
   7.8047
   7.8051
   7.8077
   7.8180
   7.8220
   7.8244
   7.8246
   7.8296
   7.8308
   7.8375
   7.8437
   7.8493
   7.8503
   7.8505
   7.8527
   7.8529
   7.8532
   7.8547
   7.8614
   7.8646
   7.8651
   7.8677
   7.8699
   7.8707
   7.8710
   7.8720
   7.8722
   7.8748
   7.8759
   7.8831
   7.8836
   7.8864
   7.8903
   7.8906
   7.8937
   7.8945
   7.9063
   7.9069
   7.9089
   7.9096
   7.9116
   7.9122
   7.9141
   7.9170
   7.9191
   7.9193
   7.9196
   7.9208
   7.9259
   7.9329
   7.9385
   7.9407
   7.9468
   7.9471
   7.9476
   7.9501
   7.9519
   7.9540
   7.9565
   7.9612
   7.9690
   7.9692
   7.9732
   7.9743
   7.9770
   7.9774
   7.9785
   7.9788
   7.9801
   7.9908
   7.9962
   7.9997
   8.0000
   8.0020
   8.0058
   8.0078
   8.0092
   8.0102
   8.0121
   8.0123
   8.0148
   8.0215
   8.0231
   8.0233
   8.0238
   8.0267
   8.0334
   8.0363
   8.0473
   8.0549
   8.0583
   8.0614
   8.0616
   8.0643
   8.0649
   8.0671
   8.0677
   8.0781
   8.0796
   8.0848
   8.0850
   8.0923
   8.0931
   8.0939
   8.0943
   8.0945
   8.0952
   8.0962
   8.0965
   8.0985
   8.0995
   8.1067
   8.1171
   8.1194
   8.1274
   8.1298
   8.1366
   8.1369
   8.1399
   8.1415
   8.1434
   8.1460
   8.1477
   8.1479
   8.1496
   8.1506
   8.1576
   8.1640
   8.1673
   8.1688
   8.1703
   8.1705
   8.1708
   8.1752
   8.1763
   8.1768
   8.1788
   8.1832
   8.1855
   8.1869
   8.1871
   8.1920
   8.1952
   8.1982
   8.1984
   8.1989
   8.1993
   8.2001
   8.2004
   8.2024
   8.2026
   8.2065
   8.2111
   8.2136
   8.2181
   8.2211
   8.2270
   8.2350
   8.2355
   8.2377
   8.2427
   8.2433
   8.2436
   8.2439
   8.2445
   8.2472
   8.2492
   8.2544
   8.2556
   8.2591
   8.2611
   8.2681
   8.2693
   8.2782
   8.2807
   8.2810
   8.2819
   8.2838
   8.2842
   8.2894
   8.2940
   8.2942
   8.2950
   8.2978
   8.2999
   8.3027
   8.3033
   8.3081
   8.3137
   8.3156
   8.3198
   8.3326
   8.3406
   8.3421
   8.3427
   8.3432
   8.3449
   8.3488
   8.3505
   8.3519
   8.3563
   8.3594
   8.3618
   8.3625
   8.3685
   8.3733
   8.3764
   8.3812
   8.3815
   8.3830
   8.3865
   8.3898
   8.3955
   8.3972
   8.4012
   8.4015
   8.4017
   8.4022
   8.4055
   8.4069
   8.4072
   8.4089
   8.4116
   8.4118
   8.4121
   8.4157
   8.4164
   8.4184
   8.4195
   8.4198
   8.4234
   8.4245
   8.4314
   8.4334
   8.4349
   8.4369
   8.4400
   8.4449
   8.4472
   8.4501
   8.4515
   8.4543
   8.4545
   8.4559
   8.4617
   8.4648
   8.4667
   8.4674
   8.4696
   8.4743
   8.4755
   8.4773
   8.4798
   8.4821
   8.4836
   8.4850
   8.4879
   8.4888
   8.4900
   8.4914
   8.4963
   8.5125
   8.5139
   8.5188
   8.5190
   8.5200
   8.5233
   8.5247
   8.5278
   8.5299
   8.5302
   8.5307
   8.5362
   8.5383
   8.5403
   8.5466
   8.5473
   8.5505
   8.5545
   8.5601
   8.5670
   8.5704
   8.5724
   8.5727
   8.5741
   8.5754
   8.5787
   8.5833
   8.5847
   8.5860
   8.5869
   8.5886
   8.5890
   8.5924
   8.6109
   8.6111
   8.6113
   8.6133
   8.6143
   8.6170
   8.6206
   8.6209
   8.6254
   8.6259
   8.6271
   8.6310
   8.6317
   8.6380
   8.6524
   8.6528
   8.6530
   8.6532
   8.6567
   8.6570
   8.6579
   8.6584
   8.6592
   8.6710
   8.6742
   8.6761
   8.6775
   8.6777
   8.6821
   8.6828
   8.6834
   8.6836
   8.6839
   8.6896
   8.6945
   8.6962
   8.7088
   8.7146
   8.7165
   8.7365
   8.7391
   8.7397
   8.7437
   8.7448
   8.7542
   8.7556
   8.7563
   8.7611
   8.7656
   8.7677
   8.7693
   8.7770
   8.7782
   8.7789
   8.7868
   8.7892
   8.7910
   8.7917
   8.7941
   8.8062
   8.8088
   8.8145
   8.8148
   8.8171
   8.8211
   8.8422
   8.8486
   8.8542
   8.8549
   8.8556
   8.8608
   8.8612
   8.8654
   8.8776
   8.8832
   8.8845
   8.8901
   8.9004
   8.9032
   8.9041
   8.9049
   8.9059
   8.9064
   8.9079
   8.9145
   8.9165
   8.9220
   8.9236
   8.9317
   8.9327
   8.9329
   8.9465
   8.9490
   8.9513
   8.9532
   8.9539
   8.9574
   8.9608
   8.9659
   8.9696
   8.9719
   8.9730
   8.9752
   8.9870
   8.9892
   8.9896
   9.0056
   9.0253
   9.0261
   9.0286
   9.0297
   9.0302
   9.0324
   9.0390
   9.0401
   9.0488
   9.0532
   9.0594
   9.0626
   9.0633
   9.0778
   9.0791
   9.0926
   9.0949
   9.1009
   9.1013
   9.1054
   9.1095
   9.1122
   9.1156
   9.1268
   9.1334
   9.1369
   9.1417
   9.1525
   9.1556
   9.1635
   9.1678
   9.1709
   9.1719
   9.1856
   9.1858
   9.1911
   9.1999
   9.2101
   9.2149
   9.2295
   9.2297
   9.2379
   9.2381
   9.2384
   9.2393
   9.2474
   9.2600
   9.2689
   9.2734
   9.2830
   9.3022
   9.3109
   9.3118
   9.3120
   9.3138
   9.3357
   9.3552
   9.3598
   9.3660
   9.3820
   9.3824
   9.3935
   9.3951
   9.3954
   9.4068
   9.4094
   9.4110
   9.4170
   9.4233
   9.4305
   9.4341
   9.4395
   9.4491
   9.4556
   9.4727
   9.4789
   9.4793
   9.4827
   9.4833
   9.4921
   9.4991
   9.5138
   9.5264
   9.5299
   9.5313
   9.5404
   9.5488
   9.5611
   9.5689
   9.5713
   9.5716
   9.6053
   9.6067
   9.6345
   9.6525
   9.6581
   9.6649
   9.6702
   9.6723
   9.6771
   9.6816
   9.6949
   9.7007
   9.7085
   9.7599
   9.7635
   9.7761
   9.7799
   9.8109
   9.8137
   9.8149
   9.8258
   9.8283
   9.8312
   9.8485
   9.8590
   9.8706
   9.8940
   9.9204
   9.9227
   9.9322
   9.9385
   9.9413
   9.9566
   9.9842
   9.9851
  10.0158
  10.0201
  10.0418
  10.0646
  10.1179
  10.1337
  10.1428
  10.1599
  10.1631
  10.1879
  10.2063
  10.2143
  10.2308
  10.2387
  10.2613
  10.2640
  10.2678
  10.2858
  10.2912
  10.2923
  10.3018
  10.3190
  10.3257
  10.3305
  10.3371
  10.3445
  10.3489
  10.3501
  10.3552
  10.3619
  10.3813
  10.3871
  10.3921
  10.4183
  10.4289
  10.4661
  10.4797
  10.4805
  10.4819
  10.4854
  10.4909
  10.4929
  10.5224
  10.5385
  10.5500
  10.5506
  10.5565
  10.5648
  10.5668
  10.5756
  10.6030
  10.6167
  10.6170
  10.6233
  10.6299
  10.6303
  10.6349
  10.6405
  10.6750
  10.7012
  10.7056
  10.7086
  10.7339
  10.7375
  10.7530
  10.7596
  10.7659
  10.7975
  10.8038
  10.8048
  10.8153
  10.8178
  10.8344
  10.8397
  10.8418
  10.8444
  10.8601
  10.8642
  10.8698
  10.8802
  10.8827
  10.8976
  10.9014
  10.9048
  10.9111
  10.9123
  10.9156
  10.9268
  10.9287
  10.9325
  10.9327
  10.9342
  10.9858
  10.9879
  11.0011
  11.0061
  11.0099
  11.0103
  11.0145
  11.0148
  11.0172
  11.0286
  11.0387
  11.0397
  11.0544
  11.0575
  11.0589
  11.0656
  11.0732
  11.0776
  11.0786
  11.0794
  11.0859
  11.1080
  11.1091
  11.1107
  11.1294
  11.1299
  11.1333
  11.1336
  11.1454
  11.1605
  11.1622
  11.1747
  11.1806
  11.1824
  11.1881
  11.1915
  11.1948
  11.1967
  11.1975
  11.2068
  11.2073
  11.2296
  11.2386
  11.2409
  11.2451
  11.2524
  11.2583
  11.2738
  11.2745
  11.2881
  11.2967
  11.3064
  11.3117
  11.3128
  11.3169
  11.3171
  11.3196
  11.3239
  11.3333
  11.3374
  11.3414
  11.3462
  11.3501
  11.3503
  11.3627
  11.3648
  11.3650
  11.3664
  11.3699
  11.3752
  11.4031
  11.4064
  11.4183
  11.4186
  11.4254
  11.4319
  11.4332
  11.4422
  11.4446
  11.4450
  11.4466
  11.4494
  11.4520
  11.4675
  11.4723
  11.4727
  11.4801
  11.4832
  11.4848
  11.5011
  11.5017
  11.5026
  11.5060
  11.5118
  11.5165
  11.5321
  11.5449
  11.5532
  11.5706
  11.5810
  11.5815
  11.5861
  11.6034
  11.6037
  11.6051
  11.6059
  11.6067
  11.6206
  11.6309
  11.6479
  11.6482
  11.6534
  11.6564
  11.6570
  11.6595
  11.6727
  11.6926
  11.7081
  11.7112
  11.7127
  11.7172
  11.7203
  11.7230
  11.7279
  11.7284
  11.7291
  11.7297
  11.7300
  11.7378
  11.7388
  11.7500
  11.7553
  11.7578
  11.7633
  11.7647
  11.7649
  11.7861
  11.7952
  11.8035
  11.8091
  11.8233
  11.8270
  11.8350
  11.8365
  11.8502
  11.8608
  11.8634
  11.8764
  11.8847
  11.8979
  11.9067
  11.9090
  11.9093
  11.9186
  11.9190
  11.9194
  11.9316
  11.9355
  11.9387
  11.9463
  11.9478
  11.9522
  11.9545
  11.9572
  11.9604
  11.9762
  11.9768
  11.9862
  11.9923
  11.9941
  11.9970
  12.0159
  12.0185
  12.0248
  12.0333
  12.0343
  12.0523
  12.0548
  12.0666
  12.0716
  12.0757
  12.0761
  12.0790
  12.0954
  12.1007
  12.1025
  12.1047
  12.1100
  12.1152
  12.1241
  12.1283
  12.1380
  12.1382
  12.1414
  12.1445
  12.1453
  12.1577
  12.1607
  12.1667
  12.1854
  12.1864
  12.1909
  12.1928
  12.1947
  12.1959
  12.2232
  12.2327
  12.2336
  12.2350
  12.2355
  12.2400
  12.2454
  12.2467
  12.2604
  12.2608
  12.2625
  12.2629
  12.2654
  12.2688
  12.2755
  12.2791
  12.2878
  12.2881
  12.2885
  12.2995
  12.3021
  12.3043
  12.3048
  12.3208
  12.3263
  12.3335
  12.3619
  12.3670
  12.3706
  12.3727
  12.3765
  12.3806
  12.3961
  12.3966
  12.4065
  12.4071
  12.4199
  12.4211
  12.4262
  12.4583
  12.4604
  12.4655
  12.4697
  12.4710
  12.4758
  12.4768
  12.4852
  12.4896
  12.4920
  12.4925
  12.4994
  12.5024
  12.5080
  12.5132
  12.5178
  12.5192
  12.5240
  12.5242
  12.5250
  12.5292
  12.5338
  12.5352
  12.5545
  12.5602
  12.5622
  12.5654
  12.5662
  12.5754
  12.5835
  12.6073
  12.6080
  12.6158
  12.6185
  12.6405
  12.6464
  12.6586
  12.6669
  12.6687
  12.6810
  12.6881
  12.7122
  12.7139
  12.7169
  12.7183
  12.7195
  12.7282
  12.7412
  12.7429
  12.7467
  12.7487
  12.7640
  12.7703
  12.7706
  12.7730
  12.7773
  12.7941
  12.7945
  12.7948
  12.7950
  12.8022
  12.8033
  12.8091
  12.8094
  12.8133
  12.8157
  12.8208
  12.8281
  12.8310
  12.8360
  12.8375
  12.8448
  12.8468
  12.8546
  12.8609
  12.8620
  12.8642
  12.8698
  12.8797
  12.8806
  12.8865
  12.8993
  12.9149
  12.9154
  12.9173
  12.9179
  12.9216
  12.9244
  12.9322
  12.9358
  12.9596
  12.9609
  12.9630
  12.9633
  12.9697
  12.9825
  12.9843
  12.9865
  12.9949
  13.0218
  13.0243
  13.0306
  13.0317
  13.0321
  13.0439
  13.0480
  13.0647
  13.0657
  13.0746
  13.0841
  13.1010
  13.1017
  13.1052
  13.1131
  13.1155
  13.1166
  13.1345
  13.1423
  13.1426
  13.1428
  13.1455
  13.1460
  13.1472
  13.1542
  13.1591
  13.1667
  13.1711
  13.1713
  13.1748
  13.1775
  13.1800
  13.1898
  13.1953
  13.2017
  13.2034
  13.2057
  13.2071
  13.2260
  13.2317
  13.2403
  13.2491
  13.2590
  13.2626
  13.2886
  13.2892
  13.3149
  13.3321
  13.3659
  13.3707
  13.3878
  13.3974
  13.4016
  13.4049
  13.4226
  13.4423
  13.4744
  13.4760
  13.4847
  13.5386
  13.5413
  13.5442
  13.5623
  13.5816
  13.5827
  13.5863
  13.5939
  13.6124
  13.6245
  13.6319
  13.6389
  13.6480
  13.6514
  13.6647
  13.6826
  13.6988
  13.6990
  13.7072
  13.7235
  13.7350
  13.7535
  13.7600
  13.7602
  13.7798
  13.8057
  13.8081
  13.8252
  13.8270
  13.8452
  13.8729
  13.8921
  13.8924
  13.8988
  13.9338
  13.9368
  13.9377
  13.9392
  13.9462
  13.9718
  13.9827
  14.0109
  14.0145
  14.0171
  14.0204
  14.0348
  14.0733
  14.0859
  14.0948
  14.1130
  14.1393
  14.1496
  14.1566
  14.1639
  14.1646
  14.1656
  14.1658
  14.1678
  14.1709
  14.1739
  14.1798
  14.1895
  14.1946
  14.2083
  14.2179
  14.2181
  14.2274
  14.2284
  14.2309
  14.2422
  14.2457
  14.2673
  14.2706
  14.2716
  14.2729
  14.2825
  14.2923
  14.3019
  14.3064
  14.3181
  14.3400
  14.3515
  14.3527
  14.3531
  14.3582
  14.3666
  14.3820
  14.3919
  14.4008
  14.4222
  14.4224
  14.4302
  14.4314
  14.4402
  14.4599
  14.4731
  14.4795
  14.5013
  14.5035
  14.5052
  14.5250
  14.5291
  14.5294
  14.5446
  14.5527
  14.5642
  14.5793
  14.5845
  14.5867
  14.5953
  14.6134
  14.6311
  14.6313
  14.6322
  14.6472
  14.6601
  14.6712
  14.6849
  14.6997
  14.7030
  14.7055
  14.7089
  14.7092
  14.7458
  14.7491
  14.7620
  14.7670
  14.7889
  14.7905
  14.7907
  14.7922
  14.8015
  14.8109
  14.8243
  14.8245
  14.8277
  14.8318
  14.8321
  14.8348
  14.8410
  14.8443
  14.8457
  14.8490
  14.8502
  14.8786
  14.8826
  14.8872
  14.8885
  14.8915
  14.8959
  14.8964
  14.9109
  14.9166
  14.9175
  14.9201
  14.9224
  14.9226
  14.9237
  14.9337
  14.9360
  14.9392
  14.9437
  14.9440
  14.9669
  14.9899
  14.9922
  14.9977
  14.9980
  15.0013
  15.0034
  15.0065
  15.0068
  15.0103
  15.0144
  15.0189
  15.0289
  15.0333
  15.0379
  15.0400
  15.0420
  15.0536
  15.0604
  15.0728
  15.0745
  15.0872
  15.0898
  15.0968
  15.0971
  15.0983
  15.1099
  15.1286
  15.1336
  15.1338
  15.1391
  15.1464
  15.1518
  15.1527
  15.1529
  15.1583
  15.1606
  15.1889
  15.1909
  15.1967
  15.1996
  15.2090
  15.2105
  15.2121
  15.2183
  15.2224
  15.2274
  15.2285
  15.2327
  15.2357
  15.2491
  15.2618
  15.2635
  15.2669
  15.2764
  15.2804
  15.2863
  15.2894
  15.2900
  15.2911
  15.2992
  15.3059
  15.3103
  15.3189
  15.3283
  15.3345
  15.3380
  15.3480
  15.3512
  15.3529
  15.3562
  15.3631
  15.3731
  15.3788
  15.3834
  15.3851
  15.3922
  15.3943
  15.3981
  15.3987
  15.3992
  15.4016
  15.4060
  15.4177
  15.4274
  15.4331
  15.4347
  15.4416
  15.4418
  15.4424
  15.4431
  15.4441
  15.4553
  15.4683
  15.4825
  15.4841
  15.4875
  15.4916
  15.4950
  15.4961
  15.5096
  15.5128
  15.5142
  15.5207
  15.5210
  15.5212
  15.5214
  15.5309
  15.5407
  15.5436
  15.5438
  15.5443
  15.5458
  15.5504
  15.5613
  15.5640
  15.5709
  15.5747
  15.5768
  15.5794
  15.5899
  15.5903
  15.5976
  15.5989
  15.6004
  15.6016
  15.6021
  15.6107
  15.6169
  15.6172
  15.6202
  15.6261
  15.6270
  15.6309
  15.6370
  15.6478
  15.6495
  15.6501
  15.6536
  15.6586
  15.6625
  15.6627
  15.6648
  15.6665
  15.6715
  15.6773
  15.6802
  15.6895
  15.6945
  15.6947
  15.6961
  15.6987
  15.6995
  15.7086
  15.7110
  15.7112
  15.7119
  15.7226
  15.7241
  15.7268
  15.7369
  15.7428
  15.7552
  15.7559
  15.7621
  15.7688
  15.7842
  15.7848
  15.7901
  15.7949
  15.8000
  15.8038
  15.8046
  15.8054
  15.8074
  15.8146
  15.8193
  15.8201
  15.8242
  15.8301
  15.8337
  15.8475
  15.8491
  15.8506
  15.8517
  15.8523
  15.8563
  15.8566
  15.8568
  15.8573
  15.8576
  15.8687
  15.8690
  15.8708
  15.8711
  15.8720
  15.8728
  15.8731
  15.8811
  15.8837
  15.8855
  15.8973
  15.8983
  15.8990
  15.9098
  15.9111
  15.9128
  15.9142
  15.9178
  15.9181
  15.9209
  15.9218
  15.9267
  15.9269
  15.9325
  15.9333
  15.9339
  15.9346
  15.9431
  15.9447
  15.9449
  15.9462
  15.9496
  15.9499
  15.9501
  15.9505
  15.9637
  15.9700
  15.9744
  15.9832
  15.9868
  15.9924
  15.9952
  15.9960
  15.9995
  16.0016
  16.0042
  16.0117
  16.0137
  16.0249
  16.0269
  16.0288
  16.0309
  16.0325
  16.0330
  16.0342
  16.0365
  16.0369
  16.0384
  16.0408
  16.0449
  16.0560
  16.0646
  16.0664
  16.0684
  16.0710
  16.0727
  16.0733
  16.0783
  16.0828
  16.0832
  16.0837
  16.0845
  16.0860
  16.0887
  16.0907
  16.0909
  16.0912
  16.0938
  16.0951
  16.0984
  16.1050
  16.1058
  16.1104
  16.1162
  16.1211
  16.1213
  16.1216
  16.1231
  16.1275
  16.1433
  16.1443
  16.1473
  16.1487
  16.1537
  16.1664
  16.1754
  16.1759
  16.1770
  16.1778
  16.1908
  16.1964
  16.1972
  16.1979
  16.1993
  16.2067
  16.2081
  16.2123
  16.2137
  16.2166
  16.2172
  16.2185
  16.2221
  16.2276
  16.2291
  16.2294
  16.2338
  16.2389
  16.2440
  16.2444
  16.2446
  16.2493
  16.2528
  16.2554
  16.2587
  16.2590
  16.2644
  16.2659
  16.2672
  16.2690
  16.2707
  16.2722
  16.2748
  16.2750
  16.2770
  16.2877
  16.2891
  16.3011
  16.3025
  16.3028
  16.3056
  16.3075
  16.3135
  16.3186
  16.3191
  16.3206
  16.3215
  16.3233
  16.3287
  16.3306
  16.3382
  16.3385
  16.3410
  16.3467
  16.3481
  16.3502
  16.3542
  16.3545
  16.3547
  16.3590
  16.3600
  16.3626
  16.3630
  16.3650
  16.3671
  16.3678
  16.3689
  16.3696
  16.3753
  16.3772
  16.3822
  16.3830
  16.3832
  16.3840
  16.3851
  16.3874
  16.3877
  16.3913
  16.3920
  16.4030
  16.4034
  16.4090
  16.4093
  16.4109
  16.4111
  16.4137
  16.4152
  16.4171
  16.4211
  16.4230
  16.4245
  16.4276
  16.4297
  16.4315
  16.4365
  16.4441
  16.4474
  16.4510
  16.4513
  16.4587
  16.4616
  16.4651
  16.4805
  16.4815
  16.4824
  16.4829
  16.4845
  16.4853
  16.4855
  16.4921
  16.4939
  16.4953
  16.4981
  16.4988
  16.5008
  16.5062
  16.5123
  16.5143
  16.5168
  16.5206
  16.5251
  16.5283
  16.5374
  16.5393
  16.5423
  16.5441
  16.5444
  16.5446
  16.5448
  16.5500
  16.5505
  16.5508
  16.5529
  16.5560
  16.5565
  16.5579
  16.5600
  16.5610
  16.5623
  16.5640
  16.5671
  16.5675
  16.5723
  16.5748
  16.5769
  16.5795
  16.5829
  16.5888
  16.5900
  16.5907
  16.5912
  16.5915
  16.5984
  16.5993
  16.5999
  16.6002
  16.6024
  16.6038
  16.6091
  16.6110
  16.6160
  16.6194
  16.6200
  16.6248
  16.6304
  16.6324
  16.6330
  16.6348
  16.6370
  16.6420
  16.6475
  16.6503
  16.6540
  16.6566
  16.6580
  16.6607
  16.6655
  16.6746
  16.6769
  16.6771
  16.6801
  16.6828
  16.6838
  16.6872
  16.6931
  16.6958
  16.6973
  16.6989
  16.6998
  16.7052
  16.7116
  16.7123
  16.7141
  16.7146
  16.7150
  16.7173
  16.7185
  16.7203
  16.7213
  16.7228
  16.7252
  16.7274
  16.7310
  16.7330
  16.7338
  16.7371
  16.7373
  16.7382
  16.7414
  16.7416
  16.7419
  16.7506
  16.7533
  16.7569
  16.7584
  16.7586
  16.7625
  16.7634
  16.7655
  16.7726
  16.7728
  16.7813
  16.7845
  16.7893
  16.7931
  16.7952
  16.7954
  16.7966
  16.7979
  16.7981
  16.8040
  16.8143
  16.8170
  16.8177
  16.8251
  16.8280
  16.8296
  16.8324
  16.8343
  16.8383
  16.8396
  16.8423
  16.8425
  16.8446
  16.8463
  16.8471
  16.8474
  16.8520
  16.8523
  16.8541
  16.8563
  16.8566
  16.8603
  16.8671
  16.8690
  16.8708
  16.8729
  16.8761
  16.8771
  16.8809
  16.8818
  16.8824
  16.8838
  16.8847
  16.8864
  16.8891
  16.8909
  16.8995
  16.8998
  16.9030
  16.9156
  16.9186
  16.9206
  16.9252
  16.9294
  16.9298
  16.9301
  16.9326
  16.9339
  16.9351
  16.9388
  16.9432
  16.9438
  16.9458
  16.9492
  16.9494
  16.9544
  16.9554
  16.9574
  16.9618
  16.9625
  16.9648
  16.9673
  16.9733
  16.9777
  16.9819
  16.9837
  16.9845
  16.9984
  16.9993
  17.0007
  17.0030
  17.0045
  17.0104
  17.0114
  17.0189
  17.0214
  17.0240
  17.0267
  17.0277
  17.0309
  17.0316
  17.0352
  17.0355
  17.0412
  17.0439
  17.0485
  17.0520
  17.0524
  17.0531
  17.0569
  17.0604
  17.0610
  17.0626
  17.0635
  17.0684
  17.0690
  17.0700
  17.0734
  17.0737
  17.0768
  17.0787
  17.0814
  17.0825
  17.0851
  17.0911
  17.0928
  17.0933
  17.0954
  17.0974
  17.0979
  17.0987
  17.1051
  17.1058
  17.1086
  17.1089
  17.1111
  17.1134
  17.1160
  17.1197
  17.1201
  17.1217
  17.1232
  17.1269
  17.1271
  17.1310
  17.1357
  17.1365
  17.1459
  17.1507
  17.1539
  17.1543
  17.1560
  17.1591
  17.1604
  17.1614
  17.1633
  17.1651
  17.1696
  17.1789
  17.1825
  17.1827
  17.1842
  17.1863
  17.1901
  17.1912
  17.2062
  17.2075
  17.2110
  17.2112
  17.2127
  17.2152
  17.2189
  17.2193
  17.2204
  17.2236
  17.2258
  17.2335
  17.2384
  17.2388
  17.2400
  17.2408
  17.2480
  17.2483
  17.2486
  17.2490
  17.2618
  17.2632
  17.2635
  17.2639
  17.2647
  17.2674
  17.2806
  17.2821
  17.2831
  17.2843
  17.2871
  17.2965
  17.2983
  17.2988
  17.3006
  17.3031
  17.3036
  17.3042
  17.3057
  17.3089
  17.3102
  17.3137
  17.3154
  17.3167
  17.3170
  17.3190
  17.3227
  17.3274
  17.3312
  17.3326
  17.3353
  17.3360
  17.3392
  17.3395
  17.3424
  17.3464
  17.3481
  17.3500
  17.3582
  17.3585
  17.3605
  17.3608
  17.3613
  17.3620
  17.3636
  17.3670
  17.3725
  17.3743
  17.3749
  17.3787
  17.3808
  17.3838
  17.3862
  17.3886
  17.3923
  17.3932
  17.3957
  17.3969
  17.4083
  17.4093
  17.4182
  17.4209
  17.4229
  17.4235
  17.4240
  17.4271
  17.4289
  17.4306
  17.4337
  17.4373
  17.4395
  17.4439
  17.4448
  17.4495
  17.4497
  17.4550
  17.4552
  17.4610
  17.4629
  17.4661
  17.4667
  17.4669
  17.4680
  17.4693
  17.4716
  17.4743
  17.4793
  17.4811
  17.4837
  17.4857
  17.4860
  17.4877
  17.4903
  17.4965
  17.4978
  17.5036
  17.5071
  17.5090
  17.5093
  17.5101
  17.5107
  17.5112
  17.5118
  17.5205
  17.5214
  17.5241
  17.5318
  17.5337
  17.5341
  17.5347
  17.5369
  17.5384
  17.5426
  17.5477
  17.5512
  17.5514
  17.5523
  17.5545
  17.5552
  17.5576
  17.5580
  17.5708
  17.5789
  17.6016
  17.6038
  17.6106
  17.6165
  17.6203
  17.6211
  17.6245
  17.6251
  17.6270
  17.6279
  17.6351
  17.6355
  17.6359
  17.6379
  17.6389
  17.6514
  17.6519
  17.6521
  17.6528
  17.6578
  17.6581
  17.6583
  17.6589
  17.6599
  17.6632
  17.6681
  17.6719
  17.6724
  17.6736
  17.6750
  17.6792
  17.6810
  17.6852
  17.6890
  17.6894
  17.6925
  17.6928
  17.6938
  17.6963
  17.6996
  17.7069
  17.7100
  17.7102
  17.7157
  17.7210
  17.7288
  17.7315
  17.7335
  17.7337
  17.7389
  17.7394
  17.7396
  17.7468
  17.7522
  17.7581
  17.7590
  17.7598
  17.7618
  17.7645
  17.7654
  17.7674
  17.7692
  17.7735
  17.7743
  17.7756
  17.7789
  17.7813
  17.7837
  17.7889
  17.7892
  17.7905
  17.7916
  17.7923
  17.7926
  17.7929
  17.8023
  17.8044
  17.8068
  17.8082
  17.8124
  17.8160
  17.8198
  17.8224
  17.8250
  17.8269
  17.8304
  17.8311
  17.8325
  17.8328
  17.8330
  17.8365
  17.8373
  17.8412
  17.8429
  17.8506
  17.8512
  17.8565
  17.8568
  17.8596
  17.8638
  17.8640
  17.8664
  17.8707
  17.8710
  17.8741
  17.8765
  17.8775
  17.8788
  17.8839
  17.8859
  17.8876
  17.8898
  17.8906
  17.8917
  17.8922
  17.8940
  17.8974
  17.9008
  17.9010
  17.9013
  17.9027
  17.9071
  17.9106
  17.9128
  17.9133
  17.9142
  17.9150
  17.9177
  17.9214
  17.9228
  17.9286
  17.9298
  17.9302
  17.9364
  17.9376
  17.9379
  17.9385
  17.9388
  17.9419
  17.9421
  17.9448
  17.9459
  17.9470
  17.9507
  17.9515
  17.9583
  17.9593
  17.9595
  17.9598
  17.9601
  17.9684
  17.9699
  17.9732
  17.9734
  17.9736
  17.9759
  17.9771
  17.9803
  17.9806
  17.9834
  17.9861
  17.9926
  17.9951
  17.9983
  17.9999
  18.0003
  18.0103
  18.0133
  18.0202
  18.0216
  18.0238
  18.0241
  18.0249
  18.0268
  18.0301
  18.0331
  18.0340
  18.0351
  18.0361
  18.0363
  18.0420
  18.0422
  18.0455
  18.0531
  18.0589
  18.0601
  18.0619
  18.0632
  18.0635
  18.0641
  18.0667
  18.0695
  18.0698
  18.0720
  18.0735
  18.0758
  18.0760
  18.0783
  18.0820
  18.0859
  18.0867
  18.0922
  18.0963
  18.0983
  18.0998
  18.1017
  18.1023
  18.1041
  18.1148
  18.1162
  18.1164
  18.1168
  18.1170
  18.1200
  18.1215
  18.1237
  18.1275
  18.1289
  18.1325
  18.1422
  18.1524
  18.1551
  18.1575
  18.1683
  18.1685
  18.1719
  18.1912
  18.1921
  18.1951
  18.1953
  18.1961
  18.1969
  18.1974
  18.2023
  18.2067
  18.2076
  18.2079
  18.2102
  18.2131
  18.2150
  18.2245
  18.2315
  18.2345
  18.2424
  18.2457
  18.2467
  18.2536
  18.2571
  18.2573
  18.2576
  18.2610
  18.2613
  18.2636
  18.2639
  18.2677
  18.2762
  18.2776
  18.2815
  18.2833
  18.2883
  18.2912
  18.2953
  18.2959
  18.2989
  18.3006
  18.3010
  18.3041
  18.3066
  18.3103
  18.3105
  18.3110
  18.3121
  18.3185
  18.3219
  18.3261
  18.3267
  18.3269
  18.3311
  18.3332
  18.3335
  18.3337
  18.3387
  18.3398
  18.3437
  18.3480
  18.3482
  18.3502
  18.3544
  18.3663
  18.3668
  18.3739
  18.3749
  18.3829
  18.3832
  18.3951
  18.3957
  18.4014
  18.4043
  18.4048
  18.4081
  18.4172
  18.4259
  18.4272
  18.4402
  18.4438
  18.4440
  18.4496
  18.4503
  18.4520
  18.4558
  18.4626
  18.4641
  18.4659
  18.4729
  18.4742
  18.4744
  18.4802
  18.4864
  18.4894
  18.4899
  18.4938
  18.4941
  18.4949
  18.4992
  18.5018
  18.5035
  18.5084
  18.5095
  18.5111
  18.5157
  18.5183
  18.5228
  18.5238
  18.5242
  18.5244
  18.5311
  18.5329
  18.5335
  18.5384
  18.5408
  18.5422
  18.5424
  18.5464
  18.5481
  18.5484
  18.5509
  18.5542
  18.5548
  18.5625
  18.5636
  18.5768
  18.5811
  18.5864
  18.5968
  18.6005
  18.6044
  18.6132
  18.6148
  18.6161
  18.6170
  18.6197
  18.6237
  18.6301
  18.6334
  18.6374
  18.6389
  18.6442
  18.6511
  18.6535
  18.6595
  18.6685
  18.6728
  18.6756
  18.6816
  18.6883
  18.6936
  18.6950
  18.7045
  18.7072
  18.7094
  18.7171
  18.7179
  18.7182
  18.7222
  18.7234
  18.7257
  18.7356
  18.7430
  18.7488
  18.7561
  18.7566
  18.7725
  18.7756
  18.7800
  18.7864
  18.7896
  18.7923
  18.7937
  18.7957
  18.7966
  18.8023
  18.8149
  18.8177
  18.8212
  18.8216
  18.8226
  18.8231
  18.8281
  18.8284
  18.8312
  18.8328
  18.8347
  18.8369
  18.8377
  18.8449
  18.8482
  18.8485
  18.8551
  18.8571
  18.8580
  18.8654
  18.8661
  18.8696
  18.8757
  18.8930
  18.8949
  18.8970
  18.8972
  18.9006
  18.9042
  18.9074
  18.9167
  18.9219
  18.9226
  18.9289
  18.9393
  18.9434
  18.9446
  18.9510
  18.9650
  18.9698
  18.9744
  18.9749
  18.9753
  18.9947
  19.0191
  19.0280
  19.0311
  19.0361
  19.0394
  19.0504
  19.0565
  19.0670
  19.0688
  19.0694
  19.0735
  19.0781
  19.0840
  19.1115
  19.1159
  19.1250
  19.1303
  19.1309
  19.1334
  19.1337
  19.1377
  19.1385
  19.1414
  19.1466
  19.1473
  19.1478
  19.1620
  19.1869
  19.2016
  19.2132
  19.2169
  19.2180
  19.2216
  19.2343
  19.2418
  19.2652
  19.2672
  19.2677
  19.2799
  19.2820
  19.2881
  19.2945
  19.3280
  19.3297
  19.3397
  19.3418
  19.3511
  19.3614
  19.3689
  19.3752
  19.3778
  19.3823
  19.3867
  19.3934
  19.4034
  19.4055
  19.4067
  19.4131
  19.4144
  19.4209
  19.4251
  19.4290
  19.4295
  19.4310
  19.4410
  19.4441
  19.4493
  19.4572
  19.4617
  19.4659
  19.4661
  19.4700
  19.4861
  19.4874
  19.4954
  19.5017
  19.5035
  19.5055
  19.5099
  19.5192
  19.5281
  19.5323
  19.5481
  19.5493
  19.5572
  19.5622
  19.5710
  19.5712
  19.6084
  19.6119
  19.6169
  19.6375
  19.6506
  19.6560
  19.6586
  19.6642
  19.6645
  19.6917
  19.7105
  19.7128
  19.7156
  19.7251
  19.7403
  19.7472
  19.7528
  19.7794
  19.7966
  19.7969
  19.7995
  19.8089
  19.8158
  19.8175
  19.8220
  19.8279
  19.8289
  19.8342
  19.8622
  19.8769
  19.8892
  19.9017
  19.9030
  19.9191
  19.9200
  19.9320
  19.9340
  19.9425
  19.9437
  19.9494
  19.9973
  20.0012
  20.0086
  20.0343
  20.0387
  20.0397
  20.0413
  20.0463
  20.0480
  20.0721
  20.0726
  20.0736
  20.0804
  20.1076
  20.1094
  20.1188
  20.1240
  20.1268
  20.1290
  20.1339
  20.1523
  20.1530
  20.1539
  20.1739
  20.1774
  20.2146
  20.2168
  20.2179
  20.2209
  20.2244
  20.2272
  20.2325
  20.2405
  20.2787
  20.2801
  20.2900
  20.2988
  20.3413
  20.3417
  20.3728
  20.4146
  20.4297
  20.4317
  20.4351
  20.4605
  20.4819
  20.4875
  20.5058
  20.5133
  20.5718
  20.5813
  20.6000
  20.6250
  20.6474
  20.6763
  20.7033
  20.7218
  20.7388
  20.7455
  20.7634
  20.7724
  20.7968
  20.8200
  20.8856
  20.8930
  20.9096
  20.9784
  20.9901
  21.0020
  21.0106
  21.0171
  21.0241
  21.0343
  21.0466
  21.0550
  21.0975
  21.1595
  21.1679
  21.1741
  21.1947
  21.2251
  21.2376
  21.2408
  21.2428
  21.2561
  21.2637
  21.3186
  21.3254
  21.3334
  21.3513
  21.3899
  21.3978
  21.4844
  21.5021
  21.5125
  21.5150
  21.5532
  21.5558
  21.5601
  21.5819
  21.5958
  21.6080
  21.6499
  21.6703
  21.6822
  21.6848
  21.6852
  21.6955
  21.6975
  21.7168
  21.7668
  21.7902
  21.7908
  21.8606
  21.8652
  21.8937
  21.9454
  21.9614
  21.9662
  21.9714
  21.9836
  21.9925
  22.0042
  22.0124
  22.0332
  22.1228
  22.1281
  22.1830
  22.1918
  22.2059
  22.2431
  22.2819
  22.3203
  22.3212
  22.3309
  22.3804
  22.3997
  22.4156
  22.4445
  22.4760
  22.4943
  22.5121
  22.5691
  22.6147
  22.6203
  22.6440
  22.7038
  22.7470
  22.8396
  22.8432
  22.8971
  22.9420
  22.9698
  22.9718
  22.9775
  23.0206
  23.1056
  23.2095
  23.2680
  23.2922
  23.3578
  23.3862
  23.4704
  23.4744
  23.4882
  23.6237
  23.7518
  23.9289
