360  5
0
  0.0  0.0  0.0  0.0  0.0
    0.0   0.363
    1.0   1.329
    2.0   2.591
    3.0   3.870
    4.0   4.935
    5.0   5.358
    6.0   5.014
    7.0   4.232
    8.0   3.165
    9.0   2.091
   10.0   1.084
   11.0   0.522
   12.0   0.736
   13.0   1.627
   14.0   2.843
   15.0   4.060
   16.0   5.119
   17.0   5.677
   18.0   5.454
   19.0   4.656
   20.0   3.504
   21.0   2.280
   22.0   1.120
   23.0   0.277
   24.0   0.138
   25.0   0.840
   26.0   1.906
   27.0   3.182
   28.0   4.403
   29.0   5.236
   30.0   5.362
   31.0   4.797
   32.0   3.903
   33.0   2.822
   34.0   1.764
   35.0   0.922
   36.0   0.630
   37.0   1.132
   38.0   2.108
   39.0   3.363
   40.0   4.576
   41.0   5.496
   42.0   5.762
   43.0   5.287
   44.0   4.374
   45.0   3.189
   46.0   2.08
   47.0   0.936
   48.0   0.335
   49.0   0.591
   50.0   1.450
   51.0   2.587
   52.0   3.829
   53.0   4.905
   54.0   5.484
   55.0   5.322
   56.0   4.606
   57.0   3.571
   58.0   2.469
   59.0   1.434
   60.0   0.727
   61.0   0.673
   62.0   1.354
   63.0   2.422
   64.0   3.617
   65.0   4.758
   66.0   5.506
   67.0   5.519
   68.0   4.874
   69.0   3.863
   70.0   2.713
   71.0   1.545
   72.0   0.615
   73.0   0.252
   74.0   0.708
   75.0   1.650
   76.0   2.834
   77.0   4.025
   78.0   4.982
   79.0   5.354
   80.0   5.09
   81.0   4.243
   82.0   3.227
   83.0   2.213
   84.0   1.261
   85.0   0.768
   86.0   0.980
   87.0   1.746
   88.0   2.817
   89.0   3.962
   90.0   5.08
   91.0   5.544
   92.0   5.362
   93.0   4.662
   94.0   3.618
   95.0   2.512
   96.0   1.417
   97.0   0.636
   98.0   0.496
   99.0   1.106
  100.0   2.089
  101.0   3.276
  102.0   4.422
  103.0   5.223
  104.0   5.375
  105.0   4.924
  106.0   4.102
  107.0   3.071
  108.0   2.063
  109.0   1.214
  110.0   0.866
  111.0   1.243
  112.0   2.016
  113.0   3.073
  114.0   4.198
  115.0   5.086
  116.0   5.426
  117.0   5.063
  118.0   4.276
  119.0   3.242
  120.0   2.140
  121.0   1.136
  122.0   0.477
  123.0   0.523
  124.0   1.236
  125.0   2.272
  126.0   3.395
  127.0   4.465
  128.0   5.170
  129.0   5.192
  130.0   4.652
  131.0   3.771
  132.0   2.734
  133.0   1.723
  134.0   0.956
  135.0   0.699
  136.0   1.147
  137.0   1.987
  138.0   3.090
  139.0   4.157
  140.0   4.981
  141.0   5.257
  142.0   4.904
  143.0   4.172
  144.0   3.172
  145.0   2.106
  146.0   1.135
  147.0   0.574
  148.0   0.714
  149.0   1.447
  150.0   2.490
  151.0   3.648
  152.0   4.689
  153.0   5.325
  154.0   5.283
  155.0   4.693
  156.0   3.776
  157.0   2.717
  158.0   1.675
  159.0   0.903
  160.0   0.669
  161.0   1.188
  162.0   2.069
  163.0   3.187
  164.0   4.296
  165.0   5.143
  166.0   5.387
  167.0   4.985
  168.0   4.179
  169.0   3.133
  170.0   2.022
  171.0   1.052
  172.0   0.528
  173.0   0.735
  174.0   1.510
  175.0   2.639
  176.0   3.856
  177.0   4.937
  178.0   5.561
  179.0   5.448
  180.0   4.802
  181.0   3.811
  182.0   2.677
  183.0   1.568
  184.0   0.724
  185.0   0.500
  186.0   1.036
  187.0   2.012
  188.0   3.218
  189.0   4.385
  190.0   5.321
  191.0   5.616
  192.0   5.158
  193.0   4.319
  194.0   3.203
  195.0   2.062
  196.0   1.063
  197.0   0.487
  198.0   0.720
  199.0   1.592
  200.0   2.785
  201.0   4.064
  202.0   5.214
  203.0   5.867
  204.0   5.727
  205.0   4.985
  206.0   3.866
  207.0   2.643
  208.0   1.394
  209.0   0.428
  210.0   0.161
  211.0   0.702
  212.0   1.709
  213.0   2.979
  214.0   4.244
  215.0   5.246
  216.0   5.582
  217.0   5.122
  218.0   4.221
  219.0   3.047
  220.0   1.843
  221.0   0.729
  222.0   0.104
  223.0   0.415
  224.0   1.417
  225.0   2.773
  226.0   4.190
  227.0   5.478
  228.0   6.235
  229.0   6.057
  230.0   5.216
  231.0   4.039
  232.0   2.718
  233.0   1.365
  234.0   0.311
  235.0   0.028
  236.0   0.580
  237.0   1.689
  238.0   3.071
  239.0   4.484
  240.0   5.594
  241.0   5.951
  242.0   5.462
  243.0   4.517
  244.0   3.325
  245.0   2.088
  246.0   0.906
  247.0   0.260
  248.0   0.456
  249.0   1.427
  250.0   2.885
  251.0   4.375
  252.0   5.724
  253.0   6.462
  254.0   6.287
  255.0   5.408
  256.0   4.089
  257.0   2.638
  258.0   1.132
  259.0  -0.061
  260.0  -0.338
  261.0   0.329
  262.0   1.564
  263.0   3.073
  264.0   4.554
  265.0   5.703
  266.0   6.046
  267.0   5.480
  268.0   4.400
  269.0   3.048
  270.0   1.646
  271.0   0.417
  272.0  -0.222
  273.0   0.123
  274.0   1.281
  275.0   2.833
  276.0   4.453
  277.0   5.867
  278.0   6.580
  279.0   6.262
  280.0   5.212
  281.0   3.767
  282.0   2.203
  283.0   0.650
  284.0  -0.495
  285.0  -0.762
  286.0   0.030
  287.0   1.422
  288.0   3.044
  289.0   4.656
  290.0   5.841
  291.0   6.127
  292.0   5.450
  293.0   4.280
  294.0   2.881
  295.0   1.384
  296.0   0.107
  297.0  -0.441
  298.0   0.088
  299.0   1.340
  300.0   2.969
  301.0   4.682
  302.0   6.150
  303.0   6.779
  304.0   6.330
  305.0   5.212
  306.0   3.661
  307.0   2.062
  308.0   0.457
  309.0  -0.685
  310.0  -0.839
  311.0   0.098
  312.0   1.608
  313.0   3.296
  314.0   4.936
  315.0   6.112
  316.0   6.288
  317.0   5.528
  318.0   4.267
  319.0   2.805
  320.0   1.333
  321.0   0.024
  322.0  -0.470
  323.0   0.157
  324.0   1.496
  325.0   3.190
  326.0   4.940
  327.0   6.374
  328.0   6.926
  329.0   6.398
  330.0   5.203
  331.0   3.640
  332.0   1.972
  333.0   0.318
  334.0  -0.741
  335.0  -0.753
  336.0   0.319
  337.0   1.793
  338.0   3.463
  339.0   5.082
  340.0   6.167
  341.0   6.224
  342.0   5.370
  343.0   4.057
  344.0   2.628
  345.0   1.144
  346.0  -0.065
  347.0  -0.493
  348.0   0.192
  349.0   1.582
  350.0   3.251
  351.0   4.930
  352.0   6.277
  353.0   6.746
  354.0   6.156
  355.0   4.941
  356.0   3.448
  357.0   1.745
  358.0   0.183
  359.0  -0.722
