   3.4420000e+02
   3.4483000e+02
   3.4520000e+02
   3.4537000e+02
   3.4541000e+02
   3.4542000e+02
   3.4552000e+02
   3.4579000e+02
   3.4621000e+02
   3.4656000e+02
   3.4647000e+02
   3.4551000e+02
   3.4342000e+02
   3.4024000e+02
   3.3650000e+02
   3.3306000e+02
   3.3085000e+02
   3.3045000e+02
   3.3184000e+02
   3.3440000e+02
   3.3720000e+02
   3.3952000e+02
   3.4117000e+02
   3.4239000e+02
   3.4349000e+02
   3.4452000e+02
   3.4539000e+02
   3.4595000e+02
   3.4644000e+02
   3.4701000e+02
   3.4757000e+02
   3.4788000e+02
   3.4782000e+02
   3.4762000e+02
   3.4756000e+02
   3.4767000e+02
   3.4760000e+02
   3.4687000e+02
   3.4518000e+02
   3.4259000e+02
   3.3941000e+02
   3.3615000e+02
   3.3346000e+02
   3.3202000e+02
   3.3224000e+02
   3.3401000e+02
   3.3666000e+02
   3.3931000e+02
   3.4139000e+02
   3.4283000e+02
   3.4391000e+02
   3.4491000e+02
   3.4589000e+02
   3.4655000e+02
   3.4689000e+02
   3.4708000e+02
   3.4729000e+02
   3.4755000e+02
   3.4776000e+02
   3.4786000e+02
   3.4793000e+02
   3.4812000e+02
   3.4830000e+02
   3.4798000e+02
   3.4660000e+02
   3.4392000e+02
   3.4029000e+02
   3.3655000e+02
   3.3367000e+02
   3.3237000e+02
   3.3293000e+02
   3.3517000e+02
   3.3843000e+02
   3.4178000e+02
   3.4435000e+02
   3.4582000e+02
   3.4648000e+02
   3.4699000e+02
   3.4787000e+02
   3.4896000e+02
   3.4992000e+02
   3.5041000e+02
   3.5038000e+02
   3.5005000e+02
   3.4969000e+02
   3.4957000e+02
   3.4977000e+02
   3.5019000e+02
   3.5045000e+02
   3.4998000e+02
   3.4829000e+02
   3.4533000e+02
   3.4166000e+02
   3.3824000e+02
   3.3601000e+02
   3.3545000e+02
   3.3640000e+02
   3.3828000e+02
   3.4036000e+02
   3.4216000e+02
   3.4362000e+02
   3.4501000e+02
   3.4653000e+02
   3.4804000e+02
   3.4923000e+02
   3.4953000e+02
   3.4938000e+02
   3.4929000e+02
   3.4957000e+02
   3.5019000e+02
   3.5092000e+02
   3.5157000e+02
   3.5205000e+02
   3.5230000e+02
   3.5215000e+02
   3.5136000e+02
   3.4966000e+02
   3.4692000e+02
   3.4338000e+02
   3.3978000e+02
   3.3713000e+02
   3.3624000e+02
   3.3724000e+02
   3.3958000e+02
   3.4234000e+02
   3.4478000e+02
   3.4652000e+02
   3.4760000e+02
   3.4828000e+02
   3.4885000e+02
   3.4959000e+02
   3.5048000e+02
   3.5154000e+02
   3.5256000e+02
   3.5329000e+02
   3.5357000e+02
   3.5347000e+02
   3.5326000e+02
   3.5319000e+02
   3.5323000e+02
   3.5307000e+02
   3.5224000e+02
   3.5037000e+02
   3.4740000e+02
   3.4372000e+02
   3.4030000e+02
   3.3830000e+02
   3.3847000e+02
   3.4061000e+02
   3.4370000e+02
   3.4652000e+02
   3.4844000e+02
   3.4953000e+02
   3.5029000e+02
   3.5111000e+02
   3.5202000e+02
   3.5282000e+02
   3.5325000e+02
   3.5344000e+02
   3.5361000e+02
   3.5387000e+02
   3.5412000e+02
   3.5427000e+02
   3.5436000e+02
   3.5457000e+02
   3.5489000e+02
   3.5503000e+02
   3.5446000e+02
   3.5276000e+02
   3.4983000e+02
   3.4614000e+02
   3.4257000e+02
   3.4010000e+02
   3.3933000e+02
   3.4020000e+02
   3.4216000e+02
   3.4450000e+02
   3.4669000e+02
   3.4852000e+02
   3.5002000e+02
   3.5140000e+02
   3.5283000e+02
   3.5441000e+02
   3.5573000e+02
   3.5660000e+02
   3.5695000e+02
   3.5701000e+02
   3.5710000e+02
   3.5736000e+02
   3.5765000e+02
   3.5777000e+02
   3.5765000e+02
   3.5727000e+02
   3.5638000e+02
   3.5458000e+02
   3.5172000e+02
   3.4820000e+02
   3.4498000e+02
   3.4304000e+02
   3.4284000e+02
   3.4422000e+02
   3.4656000e+02
   3.4918000e+02
   3.5157000e+02
   3.5358000e+02
   3.5532000e+02
   3.5692000e+02
   3.5835000e+02
   3.5940000e+02
   3.5955000e+02
   3.5918000e+02
   3.5886000e+02
   3.5907000e+02
   3.5975000e+02
   3.6034000e+02
   3.6037000e+02
   3.5990000e+02
   3.5943000e+02
   3.5933000e+02
   3.5926000e+02
   3.5823000e+02
   3.5534000e+02
   3.5071000e+02
   3.4574000e+02
   3.4240000e+02
   3.4201000e+02
   3.4435000e+02
   3.4796000e+02
   3.5122000e+02
   3.5333000e+02
