% wing no: 1 
11.000000 
0.070986 0.000000 0.000000 
0.070986 0.119665 0.000000 
0.079556 0.152132 0.000000 
0.111923 0.152132 0.000000 
0.121046 0.119665 0.000000 
0.121046 0.000000 0.000000 
0.121046 -0.119665 0.000000 
0.111923 -0.152132 0.000000 
0.079556 -0.152132 0.000000 
0.070986 -0.119665 0.000000 
0.070986 0.000000 0.000000 
% wing no: 2 
11.000000 
0.179182 0.000000 0.004502 
0.179182 0.010402 0.004502 
0.200179 0.059922 0.005813 
0.212077 0.059669 0.006556 
0.212077 0.010359 0.006556 
0.212077 0.000000 0.006556 
0.212077 -0.010359 0.006556 
0.212077 -0.059669 0.006556 
0.200179 -0.059922 0.005813 
0.179182 -0.010402 0.004502 
0.179182 0.000000 0.004502 
% wing no: 3 
5.000000 
0.176909 0.000000 0.012706 
0.203350 0.000000 0.057942 
0.216186 0.000000 0.057942 
0.211673 0.000000 0.012706 
0.176909 0.000000 0.012706 
% fuse no: 1 
15.000000 
0.000000 0.000000 0.000000 
0.000128 0.000000 0.010418 
0.012966 0.000000 0.012706 
0.054632 0.000000 0.012961 
0.059192 0.000000 0.011218 
0.086583 0.000000 0.010558 
0.093924 0.000000 0.012701 
0.211673 0.000000 0.012706 
0.212000 0.000000 -0.000457 
0.177957 0.000000 -0.005614 
0.099469 0.000000 -0.012493 
0.010635 0.000000 -0.012382 
0.000259 0.000000 -0.009588 
0.000000 0.000000 0.000000 
0.000000 0.000000 0.000000 
