wage	educ	exper	race	smsa	ne	mw	so	we	pt
6085	771.6	18	18	0	1	1	0	0	0	0
23701	617.28	15	20	0	1	0	0	0	1	0
16208	957.83	16	9	0	1	0	0	1	0	0
2720	617.28	12	24	0	1	1	0	0	0	0
9723	902.18	14	12	0	1	0	1	0	0	0
22239	299.15	12	33	0	1	0	0	0	1	0
14379	541.31	16	42	0	1	0	0	1	0	1
12878	148.39	16	0	0	1	0	1	0	0	1
23121	273.19	12	36	0	1	0	0	0	1	1
13086	666.67	12	37	0	0	0	1	0	0	0
19913	241.5	9	20	1	1	0	0	1	0	1
20055	703.79	14	29	0	1	0	0	1	0	0
6076	550.81	17	16	0	0	1	0	0	0	0
24050	807.22	14	21	0	1	0	0	0	1	1
11064	712.25	14	11	0	0	0	1	0	0	0
26395	351.46	10	10	0	1	0	0	0	1	0
15576	373.24	12	8	0	0	0	0	1	0	0
18936	759.73	13	19	0	1	0	0	1	0	0
4747	356.13	14	6	0	1	1	0	0	0	0
21572	308.64	16	0	0	1	0	0	1	0	0
14575	469.14	6	24	0	0	0	0	1	0	0
15065	617.28	16	-1	0	1	0	0	1	0	0
23270	123.46	16	1	0	1	0	0	0	1	1
11093	474.83	12	11	0	0	0	1	0	0	0
8830	261.16	12	40	0	1	0	1	0	0	0
9219	284.9	12	5	0	1	0	1	0	0	0
28065	1661.92	12	15	0	1	0	0	0	1	0
1339	629.15	12	44	0	1	1	0	0	0	0
13462	2374.15	12	35	0	1	0	0	1	0	0
10787	522.32	16	8	0	1	0	1	0	0	0
11423	688.51	14	12	0	1	0	1	0	0	0
15657	246.91	9	13	0	1	0	0	1	0	0
2698	949.67	5	55	1	1	1	0	0	0	0
14276	261.16	14	7	1	1	0	0	1	0	0
10854	106.86	10	52	0	1	0	1	0	0	1
7510	296.77	12	11	0	1	0	1	0	0	0
26838	379.87	14	8	0	1	0	0	0	1	0
21118	634.92	9	19	0	1	0	0	1	0	0
10875	1182.03	12	45	0	1	0	1	0	0	0
8891	740.74	12	9	0	1	0	1	0	0	0
15487	237.42	10	12	1	1	0	0	1	0	0
6090	144.03	12	0	0	1	1	0	0	0	0
2293	406.96	14	11	0	0	1	0	0	0	0
8794	351.61	9	10	0	0	0	1	0	0	0
3544	593.54	12	10	0	1	1	0	0	0	0
23320	273.03	14	4	0	1	0	0	0	1	0
23176	997.15	12	44	0	1	0	0	0	1	0
4938	1198.96	12	34	0	1	1	0	0	0	0
12672	569.8	15	15	0	1	0	1	0	0	0
8971	130.58	12	4	0	1	0	1	0	0	0
16287	641.03	13	16	1	1	0	0	1	0	0
15181	712.25	14	25	0	1	0	0	1	0	0
3554	1073.12	16	8	0	1	1	0	0	0	0
26446	712.25	16	13	0	1	0	0	0	1	0
8698	261.16	12	35	0	1	0	1	0	0	0
9899	783.48	16	4	0	1	0	1	0	0	0
18503	197.53	12	8	1	1	0	0	1	0	1
27829	720.16	12	28	1	1	0	0	0	1	0
10616	593.54	14	18	0	1	0	1	0	0	0
24172	1234.57	18	7	0	1	0	0	0	1	0
14806	533.87	12	9	0	0	0	0	1	0	0
4777	712.25	16	6	0	1	1	0	0	0	0
9322	909.31	16	9	0	1	0	1	0	0	0
16555	356.13	12	14	1	1	0	0	1	0	0
26982	759.73	14	11	0	1	0	0	0	1	0
19738	382.74	8	42	0	1	0	0	1	0	0
16707	53.7	9	22	1	1	0	0	1	0	1
6352	403.61	12	12	0	0	1	0	0	0	0
19667	664.77	12	15	0	1	0	0	1	0	0
17679	415.48	13	21	0	1	0	0	1	0	0
17796	949.67	16	21	0	1	0	0	1	0	0
27009	664.77	12	15	0	1	0	0	0	1	0
3901	308.64	10	51	0	0	1	0	0	0	0
27986	997.15	12	11	0	1	0	0	0	1	0
3303	2374.15	18	27	0	1	1	0	0	0	0
15785	259.73	12	1	0	0	0	0	1	0	0
119	641.03	13	27	0	0	1	0	0	0	0
11397	411.52	12	11	0	1	0	1	0	0	0
7461	379.87	12	23	1	1	0	1	0	0	0
6106	231.48	16	11	0	1	1	0	0	0	0
12956	142.45	12	4	0	0	0	1	0	0	0
7371	503.7	11	6	0	0	0	1	0	0	0
8854	94.59	14	4	0	1	0	1	0	0	1
5540	1234.57	18	3	0	1	1	0	0	0	0
21727	379.87	4	34	0	0	0	0	1	0	0
7385	391.74	12	15	0	1	0	1	0	0	0
612	411.7	12	19	0	0	1	0	0	0	0
21394	1068.38	14	31	0	1	0	0	1	0	0
9748	123.46	15	-1	0	1	0	1	0	0	0
10401	569.8	12	37	0	1	0	1	0	0	0
8748	94.97	13	32	0	0	0	1	0	0	1
7702	474.83	8	46	0	1	0	1	0	0	0
18839	379.87	12	12	0	1	0	0	1	0	0
16131	118.71	3	56	0	0	0	0	1	0	1
10609	90.22	12	1	0	0	0	1	0	0	0
3648	402.17	10	8	0	1	1	0	0	0	0
20327	1344.78	16	12	0	1	0	0	1	0	0
26747	474.83	16	27	0	1	0	0	0	1	0
24480	356.13	9	45	0	1	0	0	0	1	0
25209	197.53	12	2	0	1	0	0	0	1	0
4795	949.67	11	19	1	1	1	0	0	0	0
10301	531.81	18	11	0	0	0	1	0	0	1
22061	522.32	12	16	0	0	0	0	1	0	0
12857	356.13	18	32	0	1	0	1	0	0	0
24745	949.67	12	35	0	1	0	0	0	1	0
16118	902.18	18	14	0	1	0	0	1	0	0
27977	1697.72	18	12	0	0	0	0	0	1	0
25363	451.09	14	16	0	0	0	0	0	1	0
6986	830.96	16	37	0	1	0	1	0	0	0
24174	807.22	14	16	0	1	0	0	0	1	0
26144	617.28	6	23	0	1	0	0	0	1	0
9238	271.6	13	1	0	1	0	1	0	0	0
7572	462.99	12	10	0	0	0	1	0	0	0
22024	336.7	13	17	0	1	0	0	1	0	0
20215	593.54	16	4	0	1	0	0	1	0	0
26010	189.93	8	43	0	1	0	0	0	1	0
7945	119.66	14	3	0	0	0	1	0	0	0
18821	641.03	13	15	0	0	0	0	1	0	0
3395	76.43	13	-1	0	1	1	0	0	0	1
4310	493.83	14	0	0	1	1	0	0	0	0
22040	679.01	16	23	0	0	0	0	1	0	0
18395	308.64	10	10	0	1	0	0	1	0	0
26521	130.58	12	11	0	1	0	0	0	1	1
6305	56.79	14	0	0	0	1	0	0	0	1
2330	1899.34	14	30	0	1	1	0	0	0	0
27898	1316.87	12	15	0	0	0	0	0	1	0
2245	830.96	18	0	0	1	1	0	0	0	0
23041	784.69	14	15	0	0	0	0	0	1	0
6736	1139.6	16	5	0	1	0	1	0	0	0
27500	167.55	12	2	0	1	0	0	0	1	0
2224	712.25	12	42	0	1	1	0	0	0	0
6712	845.2	14	13	0	1	0	1	0	0	0
15738	315.82	12	18	0	1	0	0	1	0	0
25092	183.42	10	6	0	1	0	0	0	1	0
5494	337.08	9	43	0	1	1	0	0	0	0
13670	493.83	11	3	0	1	0	0	1	0	0
20453	854.7	18	25	0	0	0	0	1	0	0
14818	885.57	12	20	0	0	0	0	1	0	0
24711	1033.01	18	3	0	0	0	0	0	1	0
4526	403.61	13	5	0	1	1	0	0	0	0
7363	522.32	16	7	0	1	0	1	0	0	0
18966	197.53	12	19	1	1	0	0	1	0	0
10371	308.64	12	4	0	1	0	1	0	0	0
22716	521.94	12	42	0	0	0	0	0	1	0
3094	367.74	16	8	0	1	1	0	0	0	0
6244	236.42	12	13	0	1	1	0	0	0	0
85	569.8	8	36	0	1	1	0	0	0	0
10912	641.03	16	16	0	1	0	1	0	0	0
26199	783.48	16	10	0	1	0	0	0	1	0
1514	189.93	15	-1	0	1	1	0	0	0	0
13332	500.95	17	1	0	1	0	0	1	0	0
13016	593.54	12	12	0	1	0	1	0	0	0
8931	154.32	13	1	0	1	0	1	0	0	1
12447	721.45	8	47	0	1	0	1	0	0	0
6079	522.32	10	24	1	1	1	0	0	0	0
6635	1234.57	14	21	0	1	0	1	0	0	0
25763	123.46	16	9	0	1	0	0	0	1	1
18783	546.06	12	21	0	0	0	0	1	0	0
24442	1305.79	18	19	0	0	0	0	0	1	0
20029	522.32	18	12	0	1	0	0	1	0	0
16431	379.87	12	19	0	0	0	0	1	0	0
977	866.57	18	14	0	1	1	0	0	0	0
4269	689.53	11	38	0	1	1	0	0	0	0
19267	346.63	12	38	0	0	0	0	1	0	0
19620	379.87	13	5	0	0	0	0	1	0	0
15685	370.37	3	49	0	1	0	0	1	0	0
26	546.06	12	16	0	1	1	0	0	0	0
9511	1305.79	12	18	0	1	0	1	0	0	0
6369	498.58	12	17	0	0	1	0	0	0	0
3858	241.21	12	0	0	0	1	0	0	0	0
4020	195.46	12	5	1	1	1	0	0	0	0
17173	160.49	12	21	1	1	0	0	1	0	0
25293	470.09	12	25	0	1	0	0	0	1	0
19611	415.48	12	40	0	0	0	0	1	0	0
749	830.96	12	27	0	0	1	0	0	0	0
23472	668.47	14	21	0	1	0	0	0	1	0
4190	997.15	18	6	0	1	1	0	0	0	0
24273	1111.11	18	28	0	1	0	0	0	1	0
5642	384.62	12	31	0	1	1	0	0	0	0
1845	462.96	12	13	0	1	1	0	0	0	0
25642	189.93	1	49	0	1	0	0	0	1	0
1776	683.76	9	46	0	1	1	0	0	0	0
19914	61.73	12	17	1	1	0	0	1	0	1
11450	664.77	16	9	0	1	0	1	0	0	0
23203	679.01	16	7	0	1	0	0	0	1	0
26631	740.74	13	13	0	1	0	0	0	1	0
5814	617.28	12	25	0	1	1	0	0	0	0
18808	142.45	9	46	0	0	0	0	1	0	0
12836	1264.13	18	36	0	1	0	1	0	0	0
9363	830.96	12	25	0	1	0	1	0	0	0
15041	747.86	16	12	0	1	0	0	1	0	0
21760	284.9	12	9	0	1	0	0	1	0	0
27384	1049.38	12	9	0	1	0	0	0	1	0
19119	213.68	12	2	1	0	0	0	1	0	0
18296	854.7	13	38	0	0	0	0	1	0	0
7176	617.28	11	15	0	1	0	1	0	0	0
5405	284.9	5	54	0	1	1	0	0	0	0
19662	403.61	12	23	0	0	0	0	1	0	0
21531	498.58	12	46	0	0	0	0	1	0	0
22603	346.63	12	3	0	0	0	0	0	1	0
19901	403.61	14	12	1	1	0	0	1	0	0
12690	249.29	12	47	1	1	0	1	0	0	0
7329	664.77	12	34	0	0	0	1	0	0	0
7441	807.22	12	22	0	0	0	1	0	0	0
1860	1412.63	18	14	0	1	1	0	0	0	0
7539	807.22	10	27	0	0	0	1	0	0	0
20745	902.18	14	16	0	1	0	0	1	0	0
9449	98.77	13	-1	0	1	0	1	0	0	1
21575	474.83	10	12	0	0	0	0	1	0	0
2445	1020.89	13	42	0	1	1	0	0	0	0
23322	830.96	12	16	0	1	0	0	0	1	0
14657	830.96	18	29	0	0	0	0	1	0	0
24374	569.8	15	21	0	0	0	0	0	1	0
4022	1135.8	13	33	0	1	1	0	0	0	0
4371	379.87	16	17	0	1	1	0	0	0	0
19006	521.6	12	27	0	1	0	0	1	0	0
26989	345.68	16	8	0	1	0	0	0	1	0
24343	593.54	14	32	0	1	0	0	0	1	0
21663	284.9	8	29	0	1	0	0	1	0	0
6648	712.25	11	42	0	1	0	1	0	0	0
4625	593.54	16	5	0	1	1	0	0	0	0
7080	1103.4	12	40	0	1	0	1	0	0	0
22863	199.12	13	3	0	0	0	0	0	1	0
27419	142.45	12	0	0	1	0	0	0	1	0
3151	641.03	18	4	0	1	1	0	0	0	0
18806	261.16	13	7	0	0	0	0	1	0	0
17443	474.83	16	4	0	1	0	0	1	0	0
17341	641.03	14	20	0	1	0	0	1	0	0
437	607.05	7	41	0	0	1	0	0	0	0
14035	427.35	12	44	1	1	0	0	1	0	0
13930	1305.79	18	11	0	1	0	0	1	0	0
20996	261.16	12	4	0	1	0	0	1	0	0
27982	629.39	12	7	0	1	0	0	0	1	0
26901	546.06	15	39	0	1	0	0	0	1	0
8849	318.14	12	22	0	0	0	1	0	0	0
16676	1258.31	18	6	0	1	0	0	1	0	0
9533	664.77	12	19	0	1	0	1	0	0	0
27663	363.25	18	12	0	0	0	0	0	1	0
16411	322.89	13	10	0	0	0	0	1	0	0
25277	597.27	13	18	0	1	0	0	0	1	0
23436	323.34	16	8	0	1	0	0	0	1	0
12980	402.85	16	8	0	1	0	1	0	0	0
12567	522.32	12	14	0	1	0	1	0	0	0
5373	517.57	11	24	0	1	1	0	0	0	0
8028	664.77	8	43	0	1	0	1	0	0	0
11852	581.67	12	28	0	1	0	1	0	0	0
5797	493.83	16	18	0	1	1	0	0	0	0
26552	296.3	9	8	0	1	0	0	0	1	0
16842	92.59	11	1	1	0	0	0	1	0	1
14414	325.26	12	3	0	1	0	0	1	0	0
12109	320.51	15	1	0	1	0	1	0	0	0
10853	197.41	12	0	0	1	0	1	0	0	1
19360	226.76	10	12	1	0	0	0	1	0	0
1248	1471.98	18	27	0	1	1	0	0	0	0
8662	593.54	14	17	1	1	0	1	0	0	0
4606	849.5	8	18	0	1	1	0	0	0	0
9035	403.61	14	11	0	1	0	1	0	0	0
9600	690.77	12	17	0	1	0	1	0	0	0
4464	296.77	12	27	1	1	1	0	0	0	0
20562	783.48	15	18	0	1	0	0	1	0	0
20295	232.67	12	4	1	1	0	0	1	0	0
7684	415.48	12	11	0	0	0	1	0	0	0
7260	1210.83	12	30	0	0	0	1	0	0	0
2336	874.49	12	21	0	1	1	0	0	0	0
15120	830.96	9	30	0	1	0	0	1	0	0
15092	356.13	12	11	0	1	0	0	1	0	0
24227	546.06	18	11	0	1	0	0	0	1	0
6672	1020.89	12	34	0	1	0	1	0	0	0
12738	522.32	12	16	0	1	0	1	0	0	0
15601	522.32	9	15	0	0	0	0	1	0	0
21033	712.25	12	29	0	1	0	0	1	0	0
11576	283.95	16	0	0	1	0	1	0	0	0
21385	165.43	10	8	0	1	0	0	1	0	0
29	204.18	12	6	0	1	1	0	0	0	0
25909	4264.87	16	16	0	1	0	0	0	1	0
15411	422.36	12	42	1	1	0	0	1	0	0
12917	443.44	12	14	0	0	0	1	0	0	0
14404	997.15	12	31	0	1	0	0	1	0	0
11365	474.83	12	15	0	1	0	1	0	0	0
8296	717.77	16	13	0	1	0	1	0	0	0
28018	925.93	18	16	0	1	0	0	0	1	0
14754	1187.08	18	20	0	0	0	0	1	0	0
3850	474.83	15	33	0	0	1	0	0	0	0
4152	474.83	16	15	0	1	1	0	0	0	0
9332	1258.31	18	16	0	1	0	1	0	0	0
26049	237.42	12	4	0	1	0	0	0	1	0
8005	830.96	18	36	0	0	0	1	0	0	0
20100	466.39	14	34	0	0	0	0	1	0	0
18652	154.32	18	2	0	1	0	0	1	0	1
5279	498.58	12	44	0	1	1	0	0	0	0
5330	308.64	16	12	0	1	1	0	0	0	0
7104	375.31	12	4	0	1	0	1	0	0	0
3180	498.58	11	12	0	1	1	0	0	0	0
9092	123.46	12	4	0	0	0	1	0	0	0
779	432.1	12	6	0	0	1	0	0	0	0
3433	92.59	12	7	0	1	1	0	0	0	1
27388	474.83	12	5	0	1	0	0	0	1	0
14891	546.06	14	7	0	1	0	0	1	0	0
23821	246.91	12	11	0	1	0	0	0	1	0
25518	474.83	11	25	0	1	0	0	0	1	0
11203	427.35	13	12	0	0	0	1	0	0	0
11297	593.54	16	10	0	0	0	1	0	0	0
1598	949.67	16	28	0	1	1	0	0	0	0
1526	540.12	12	4	0	1	1	0	0	0	0
11462	391.74	16	3	0	0	0	1	0	0	0
2882	275.96	8	39	0	1	1	0	0	0	0
27774	347.22	14	0	0	1	0	0	0	1	0
23907	237.42	12	42	0	1	0	0	0	1	0
24169	144.75	10	6	0	1	0	0	0	1	0
14413	978.16	14	21	0	1	0	0	1	0	0
10163	444.44	13	14	0	0	0	1	0	0	0
12472	186.71	18	4	0	0	0	1	0	0	1
4195	918.38	9	16	0	1	1	0	0	0	0
16812	305.34	12	28	0	0	0	0	1	0	0
19068	1099.54	11	15	1	1	0	0	1	0	0
4182	205.76	14	1	0	1	1	0	0	0	0
17360	1006.5	18	27	0	1	0	0	1	0	0
14462	335.48	10	5	0	1	0	0	1	0	0
6216	949.67	12	23	0	1	1	0	0	0	0
2304	427.35	12	2	0	1	1	0	0	0	0
8453	1590.69	16	11	0	1	0	1	0	0	0
24281	356.13	16	5	0	1	0	0	0	1	0
26636	194.68	12	3	0	1	0	0	0	1	1
27901	1077.44	13	23	0	0	0	0	0	1	0
16165	332.38	12	4	0	1	0	0	1	0	0
17141	546.06	13	14	0	1	0	0	1	0	0
1647	522.32	12	38	0	0	1	0	0	0	0
24284	1039.89	13	34	0	1	0	0	0	1	0
3190	1780.63	14	33	0	1	1	0	0	0	0
12938	434.43	12	19	0	1	0	1	0	0	0
24346	760.78	16	20	0	1	0	0	0	1	0
235	1187.08	16	19	0	1	1	0	0	0	0
16899	819.09	11	13	0	1	0	0	1	0	0
15546	284.9	12	7	0	0	0	0	1	0	0
25398	498.58	13	9	0	1	0	0	0	1	0
23289	1187.08	11	35	0	1	0	0	0	1	0
15909	474.83	12	33	0	1	0	0	1	0	0
14036	451.09	12	32	1	1	0	0	1	0	0
6151	949.67	16	13	0	1	1	0	0	0	0
18163	1042.52	16	22	0	1	0	0	1	0	0
18669	92.59	8	11	0	1	0	0	1	0	0
8707	949.67	14	7	0	1	0	1	0	0	0
14308	474.83	16	9	0	1	0	0	1	0	0
27271	403.61	17	26	0	1	0	0	0	1	0
27392	569.8	14	7	0	1	0	0	0	1	0
22670	451.09	11	9	0	0	0	0	0	1	0
3113	830.96	14	12	0	1	1	0	0	0	0
16188	297.42	12	3	0	1	0	0	1	0	0
26129	118.71	11	6	0	1	0	0	0	1	1
2567	271.6	9	37	0	1	1	0	0	0	0
9537	878.44	16	1	0	1	0	1	0	0	0
21330	462.96	12	4	0	1	0	0	1	0	0
670	462.96	11	4	0	1	1	0	0	0	0
13060	534.19	8	48	0	0	0	1	0	0	0
4542	356.13	12	6	0	1	1	0	0	0	0
17364	155.27	12	7	0	1	0	0	1	0	0
15992	534.19	12	10	0	1	0	0	1	0	0
17619	854.7	14	19	0	1	0	0	1	0	0
8683	830.96	16	7	0	1	0	1	0	0	0
21652	949.67	18	5	0	1	0	0	1	0	0
5130	641.03	12	9	0	1	1	0	0	0	0
26158	835.45	10	41	0	1	0	0	0	1	0
10083	308.64	13	3	0	0	0	1	0	0	0
13333	712.25	13	11	0	1	0	0	1	0	0
28027	812.32	12	17	0	0	0	0	0	1	0
5320	555.56	12	5	1	1	1	0	0	0	0
19603	2374.15	12	5	1	0	0	0	1	0	0
19834	61.73	13	0	0	0	0	0	1	0	1
16099	664.77	12	19	0	0	0	0	1	0	0
19056	474.83	17	2	0	1	0	0	1	0	0
11956	668.85	10	48	0	0	0	1	0	0	1
20004	470.37	12	25	1	1	0	0	1	0	0
20846	189.93	16	0	0	1	0	0	1	0	1
17260	237.42	3	39	0	1	0	0	1	0	0
7710	830.96	12	27	0	1	0	1	0	0	0
6956	180.44	15	-1	0	1	0	1	0	0	0
23236	397.81	13	2	0	1	0	0	0	1	0
26071	617.28	16	45	0	1	0	0	0	1	1
4543	474.83	10	24	0	1	1	0	0	0	0
4591	1234.57	13	23	0	1	1	0	0	0	0
4759	1733.14	16	26	0	1	1	0	0	0	0
1549	593.54	12	9	0	1	1	0	0	0	0
22000	379.87	7	29	0	1	0	0	1	0	0
23393	498.58	12	13	0	1	0	0	0	1	0
171	653.59	16	36	0	0	1	0	0	0	0
17677	712.25	14	27	0	1	0	0	1	0	0
8175	344.25	6	15	0	1	0	1	0	0	0
5714	883.71	12	22	0	1	1	0	0	0	0
5838	356.13	16	9	0	1	1	0	0	0	0
2772	451.09	12	37	0	1	1	0	0	0	0
20542	506.49	12	11	0	1	0	0	1	0	0
20024	1092.12	18	3	0	1	0	0	1	0	0
10115	522.32	11	12	0	0	0	1	0	0	0
20508	474.83	18	18	0	1	0	0	1	0	0
13129	231.48	12	8	0	0	0	1	0	0	0
21674	470.09	16	9	0	0	0	0	1	0	0
8006	56.98	14	0	0	0	0	1	0	0	1
993	181.28	18	37	0	1	1	0	0	0	1
22765	1080.25	16	3	0	0	0	0	0	1	0
17040	474.83	12	10	0	1	0	0	1	0	0
1624	189.93	13	1	0	0	1	0	0	0	0
8468	514.4	12	42	0	1	0	1	0	0	0
24052	370.37	12	22	1	1	0	0	0	1	0
7686	496.11	12	13	0	0	0	1	0	0	0
23789	345.68	12	8	0	1	0	0	0	1	0
201	451.09	12	3	0	0	1	0	0	0	0
9268	878.44	16	16	1	1	0	1	0	0	0
11083	227.92	12	15	0	0	0	1	0	0	0
12213	188.46	16	28	0	0	0	1	0	0	0
7889	1020.89	13	21	0	0	0	1	0	0	0
21422	284.9	12	5	0	1	0	0	1	0	0
4243	391.74	12	43	0	1	1	0	0	0	0
2285	854.7	14	34	0	1	1	0	0	0	0
18466	688.51	12	20	0	0	0	0	1	0	0
5088	854.7	12	28	0	1	1	0	0	0	0
828	277.78	12	36	0	1	1	0	0	0	0
11936	593.54	12	17	0	0	0	1	0	0	0
9602	514.4	12	36	0	1	0	1	0	0	0
9655	1497.13	16	23	0	1	0	1	0	0	0
26927	902.18	18	7	0	1	0	0	0	1	0
23395	532.56	12	13	0	1	0	0	0	1	0
18750	252.53	9	15	0	0	0	0	1	0	0
13826	296.77	7	37	1	1	0	0	1	0	0
14532	408.36	11	16	1	1	0	0	1	0	0
4219	498.58	14	24	0	1	1	0	0	0	0
27787	892.59	13	0	0	0	0	0	0	1	0
4042	403.61	13	14	0	0	1	0	0	0	0
5758	408.73	12	4	0	1	1	0	0	0	0
23716	2374.15	17	23	0	0	0	0	0	1	0
25294	668.23	12	17	0	1	0	0	0	1	0
22710	354.94	12	16	0	0	0	0	0	1	0
4014	78.56	14	0	0	0	1	0	0	0	1
25636	493.83	12	10	0	1	0	0	0	1	0
24920	455.84	12	23	0	1	0	0	0	1	0
4078	389.36	12	6	0	0	1	0	0	0	0
2241	474.43	12	13	0	1	1	0	0	0	0
24463	474.83	12	13	0	0	0	0	0	1	0
392	522.32	12	5	0	1	1	0	0	0	0
24992	353.75	15	14	0	1	0	0	0	1	0
27585	308.64	16	0	0	1	0	0	0	1	0
22703	783.48	12	12	0	0	0	0	0	1	0
13041	254.04	13	12	0	1	0	1	0	0	0
6449	90.22	18	44	1	1	0	1	0	0	1
18076	121.91	12	7	1	0	0	0	1	0	0
21619	759.73	17	18	0	1	0	0	1	0	0
13842	1220.77	14	38	0	1	0	0	1	0	0
1547	246.91	4	36	0	1	1	0	0	0	0
22126	712.25	13	7	0	0	0	0	0	1	0
1983	987.65	17	4	0	1	1	0	0	0	1
25674	356.13	4	28	0	1	0	0	0	1	0
25309	664.77	14	33	0	0	0	0	0	1	0
355	451.09	12	7	0	0	1	0	0	0	0
9316	313.63	14	17	0	1	0	1	0	0	0
9675	386.99	12	18	0	1	0	1	0	0	0
1682	356.13	15	15	0	1	1	0	0	0	0
18010	149	13	1	0	1	0	0	1	0	0
8730	474.83	14	7	0	1	0	1	0	0	0
20754	617.28	16	3	0	1	0	0	1	0	0
12845	188.27	15	31	0	0	0	1	0	0	1
6952	664.77	14	26	0	1	0	1	0	0	0
937	735.99	12	18	0	1	1	0	0	0	0
1482	498.58	14	4	0	1	1	0	0	0	0
9096	557.12	12	12	0	0	0	1	0	0	0
2266	506.49	15	4	0	1	1	0	0	0	0
1182	308.64	12	3	0	1	1	0	0	0	0
24810	411.52	16	4	0	1	0	0	0	1	0
25028	688.51	12	25	0	0	0	0	0	1	0
10005	782.38	9	36	0	1	0	1	0	0	0
3788	439.22	10	24	0	0	1	0	0	0	0
11284	388.01	13	5	0	1	0	1	0	0	1
27779	664.77	14	9	0	1	0	0	0	1	0
22031	216.05	12	6	0	1	0	0	1	0	0
4379	1068.38	16	13	1	1	1	0	0	0	0
6393	759.73	10	48	0	1	1	0	0	0	0
21310	295.22	12	2	0	1	0	0	1	0	0
391	522.32	12	8	0	1	1	0	0	0	0
6733	949.67	16	40	0	1	0	1	0	0	0
24776	807.22	12	26	0	1	0	0	0	1	0
10469	830.96	12	14	0	1	0	1	0	0	0
21100	498.58	12	23	0	1	0	0	1	0	0
17462	604.69	18	24	0	1	0	0	1	0	0
25981	804.84	5	21	0	1	0	0	0	1	0
12633	121.08	13	-1	0	1	0	1	0	0	1
20805	142.45	6	11	0	1	0	0	1	0	0
17528	349.79	12	48	0	1	0	0	1	0	0
15354	335.1	12	0	0	1	0	0	1	0	0
7267	949.67	13	31	0	1	0	1	0	0	0
21730	427.35	14	23	0	1	0	0	1	0	0
4154	1424.5	17	26	0	1	1	0	0	0	0
16185	641.03	16	13	0	1	0	0	1	0	0
27997	1282.05	12	43	0	1	0	0	0	1	0
4503	522.32	12	3	0	1	1	0	0	0	0
22990	569.8	14	36	0	0	0	0	0	1	0
23230	664.77	13	30	0	1	0	0	0	1	0
23223	1246.44	12	28	0	1	0	0	0	1	0
27372	251.42	11	10	0	1	0	0	0	1	0
25070	630.03	18	16	0	0	0	0	0	1	0
24817	1140.74	16	13	0	1	0	0	0	1	0
6292	232.39	11	13	0	0	1	0	0	0	0
3511	351.38	12	14	0	1	1	0	0	0	0
26433	1092.12	13	15	0	1	0	0	0	1	0
10573	712.25	12	21	0	1	0	1	0	0	0
25431	1115.86	18	14	0	1	0	0	0	1	0
18221	617.28	12	39	0	1	0	0	1	0	0
3392	1187.08	16	35	0	1	1	0	0	0	0
4819	796.3	12	22	0	1	1	0	0	0	0
12238	902.18	13	20	0	1	0	1	0	0	0
1864	1519.47	18	16	0	1	1	0	0	0	0
13939	712.25	12	9	1	1	0	0	1	0	0
26985	795.35	16	10	0	1	0	0	0	1	0
24710	973.41	14	20	0	0	0	0	0	1	0
18275	664.77	8	38	0	0	0	0	1	0	0
6444	284.9	18	5	0	1	0	1	0	0	0
19086	712.25	12	35	0	0	0	0	1	0	0
10520	1068.38	12	30	0	0	0	1	0	0	0
12518	981.32	15	36	0	0	0	1	0	0	0
362	757.58	12	15	0	0	1	0	0	0	1
19537	949.67	13	10	0	1	0	0	1	0	0
9036	213.68	12	33	0	1	0	1	0	0	0
15206	284.9	14	4	0	1	0	0	1	0	0
5917	284.9	16	16	0	1	1	0	0	0	0
3979	830.96	12	16	0	1	1	0	0	0	0
11549	395.69	13	9	1	1	0	1	0	0	0
5686	185.19	10	11	0	1	1	0	0	0	0
12777	641.03	16	37	0	0	0	1	0	0	0
16041	2184.24	16	23	0	1	0	0	1	0	0
8536	807.22	12	46	0	1	0	1	0	0	0
27672	830.96	18	20	0	0	0	0	0	1	0
22134	617.28	12	32	0	0	0	0	0	1	0
8624	830.96	13	22	0	1	0	1	0	0	0
24088	290.93	4	32	0	0	0	0	0	1	0
6841	1044.63	18	7	0	1	0	1	0	0	0
9243	537.51	16	11	0	1	0	1	0	0	0
5580	165.43	13	5	0	1	1	0	0	0	0
23010	712.25	10	36	0	0	0	0	0	1	0
18633	687.83	13	36	0	1	0	0	1	0	0
15607	332.38	12	41	1	0	0	0	1	0	0
4561	522.32	16	3	0	1	1	0	0	0	0
6591	164.81	4	58	1	1	0	1	0	0	1
13600	498.58	13	6	0	1	0	0	1	0	0
18178	1025.64	12	20	0	1	0	0	1	0	0
22169	453.99	12	16	0	0	0	0	0	1	0
10302	255.34	16	8	0	1	0	1	0	0	0
5910	617.28	12	6	0	1	1	0	0	0	0
12072	320.99	16	8	0	1	0	1	0	0	0
25390	1068.38	17	31	0	1	0	0	0	1	0
20639	1234.57	16	18	0	1	0	0	1	0	0
2539	854.7	12	45	0	1	1	0	0	0	0
19276	489.16	16	39	1	0	0	0	1	0	0
16584	709.62	10	30	0	1	0	0	1	0	0
12807	854.7	12	33	0	0	0	1	0	0	0
11779	783.48	12	22	0	0	0	1	0	0	0
5377	288.07	14	48	0	1	1	0	0	0	0
17696	498.58	14	5	0	1	0	0	1	0	0
12283	2374.15	16	25	0	0	0	1	0	0	0
20946	2374.15	18	13	0	1	0	0	1	0	0
27550	764.48	13	14	0	1	0	0	0	1	0
891	735.99	16	7	0	1	1	0	0	0	0
22302	282.92	16	7	0	0	0	0	0	1	0
6469	712.25	10	38	0	1	0	1	0	0	0
20650	1424.5	16	31	0	1	0	0	1	0	0
5432	1068.38	14	50	0	1	1	0	0	0	0
21675	997.15	12	16	0	1	0	0	1	0	0
12272	123.46	14	-1	0	0	0	1	0	0	1
5208	332.38	14	11	0	1	1	0	0	0	0
25787	676.64	12	19	0	1	0	0	0	1	0
13525	641.03	12	22	0	0	0	0	1	0	0
17410	664.77	12	20	1	1	0	0	1	0	0
4896	1543.21	16	14	0	1	1	0	0	0	0
27431	411.52	12	6	0	1	0	0	0	1	0
22824	264.55	14	3	0	0	0	0	0	1	0
9162	949.67	13	23	0	1	0	1	0	0	0
16790	498.58	12	29	0	1	0	0	1	0	0
7155	381.43	16	4	0	1	0	1	0	0	1
17014	2374.15	16	21	0	1	0	0	1	0	0
22772	399.29	16	4	0	0	0	0	0	1	0
2679	593.54	14	18	0	1	1	0	0	0	0
2546	712.25	18	13	0	1	1	0	0	0	0
26588	65.43	17	-1	0	1	0	0	0	1	1
4984	997.15	12	17	0	1	1	0	0	0	0
1283	759.73	12	7	0	1	1	0	0	0	0
17843	441.05	12	38	0	1	0	0	1	0	0
17217	1780.63	11	39	0	1	0	0	1	0	0
1988	949.67	18	36	0	1	1	0	0	0	0
13874	295.31	10	47	1	1	0	0	1	0	0
15215	179.63	12	1	0	1	0	0	1	0	0
11260	1424.5	14	27	0	1	0	1	0	0	0
8132	935.92	16	30	0	1	0	1	0	0	0
11771	759.73	12	29	0	0	0	1	0	0	0
26084	712.25	12	21	0	1	0	0	0	1	0
4117	664.77	12	24	0	1	1	0	0	0	0
18111	1471.98	17	16	0	1	0	0	1	0	0
2605	250.47	6	48	0	1	1	0	0	0	0
8124	356.13	8	10	0	1	0	1	0	0	0
21680	740.74	9	46	0	1	0	0	1	0	0
10428	835	16	18	0	1	0	1	0	0	0
12372	422.1	12	6	0	0	0	1	0	0	0
13320	795.35	14	8	0	1	0	0	1	0	0
19369	735.99	12	21	0	1	0	0	1	0	0
8030	522.32	18	31	0	1	0	1	0	0	0
8185	674.26	16	9	0	1	0	1	0	0	0
782	619.66	16	15	0	0	1	0	0	0	0
13141	356.13	12	3	0	1	0	1	0	0	0
12197	474.83	12	11	0	1	0	1	0	0	0
26109	617.28	18	17	0	1	0	0	0	1	0
9013	546.06	12	29	0	0	0	1	0	0	0
6857	747.86	16	7	0	1	0	1	0	0	0
10531	712.25	9	29	0	0	0	1	0	0	0
17615	997.15	18	11	0	1	0	0	1	0	0
12577	284.9	18	3	0	0	0	1	0	0	0
12398	130.58	18	38	0	0	0	1	0	0	0
86	555.56	12	26	0	0	1	0	0	0	0
10506	308.64	13	20	0	0	0	1	0	0	1
9160	842.1	14	17	0	1	0	1	0	0	0
22008	1151.47	13	20	0	1	0	0	1	0	0
751	854.7	12	8	0	0	1	0	0	0	0
16550	712.25	16	6	0	1	0	0	1	0	0
3080	135.03	12	4	0	1	1	0	0	0	1
16814	444.44	12	17	0	0	0	0	1	0	0
8609	657.64	12	10	0	1	0	1	0	0	0
17225	845.68	12	28	0	1	0	0	1	0	0
21549	973.41	16	18	0	1	0	0	1	0	0
27207	1187.08	16	19	0	1	0	0	0	1	0
17525	830.96	13	18	0	1	0	0	1	0	0
5053	593.54	12	21	0	1	1	0	0	0	0
26993	2160.49	14	27	0	1	0	0	0	1	0
24829	949.67	14	15	0	1	0	0	0	1	0
17140	522.32	17	10	0	1	0	0	1	0	0
11982	329.3	13	33	0	0	0	1	0	0	0
12686	1020.89	16	20	0	1	0	1	0	0	0
26278	474.83	18	6	0	1	0	0	0	1	0
12305	664.77	13	32	0	1	0	1	0	0	0
857	359.26	12	11	0	1	1	0	0	0	0
12616	610.16	12	25	0	1	0	1	0	0	0
13261	230.29	14	25	0	0	0	1	0	0	1
21486	427.35	13	13	0	1	0	0	1	0	0
4368	830.96	16	8	0	1	1	0	0	0	0
20446	329.22	12	8	0	0	0	0	1	0	0
27302	806.27	12	26	0	1	0	0	0	1	0
1245	377.91	16	23	0	1	1	0	0	0	0
15916	284.9	10	12	1	1	0	0	1	0	0
3126	339.51	15	2	0	1	1	0	0	0	0
15688	142.11	15	44	0	0	0	0	1	0	1
3708	569.8	8	38	0	1	1	0	0	0	0
2051	156.89	13	-1	0	1	1	0	0	0	1
2072	776.09	14	11	0	1	1	0	0	0	0
1705	1044.63	18	28	0	1	1	0	0	0	0
14146	688.51	11	26	1	1	0	0	1	0	0
27869	2374.15	16	20	0	1	0	0	0	1	0
18362	195.47	16	0	0	0	0	0	1	0	0
2441	123.46	10	7	0	1	1	0	0	0	1
21405	308.64	14	17	0	1	0	0	1	0	0
10368	593.54	13	26	0	1	0	1	0	0	0
7124	641.03	12	34	0	1	0	1	0	0	0
13645	356.13	17	4	0	1	0	0	1	0	1
1490	356.13	16	3	0	1	1	0	0	0	1
19722	443.97	9	26	0	0	0	0	1	0	0
11724	474.83	12	14	0	0	0	1	0	0	0
3362	308.64	8	24	1	1	1	0	0	0	0
3848	353.75	8	24	0	1	1	0	0	0	0
14835	676.07	7	43	0	1	0	0	1	0	0
15059	438.4	14	10	0	1	0	0	1	0	0
19104	902.18	14	23	0	1	0	0	1	0	0
23928	498.58	12	26	0	1	0	0	0	1	0
13553	1044.63	12	15	0	0	0	0	1	0	0
23369	299.15	16	11	0	1	0	0	0	1	0
5962	712.25	18	5	0	1	1	0	0	0	0
22821	165.43	12	5	0	0	0	0	0	1	0
4793	108.02	9	3	1	1	1	0	0	0	1
22879	176.92	13	18	0	0	0	0	0	1	0
13471	949.67	16	25	0	1	0	0	1	0	0
1118	1661.92	18	18	0	1	1	0	0	0	0
13270	667.14	17	11	0	0	0	1	0	0	0
6505	1068.38	17	18	0	1	0	1	0	0	0
20883	1329.53	18	13	0	1	0	0	1	0	0
21889	152.09	12	11	0	0	0	0	1	0	0
10694	783.48	18	10	0	0	0	1	0	0	0
14490	885.38	18	28	0	1	0	0	1	0	0
25995	847.25	9	27	0	1	0	0	0	1	0
2407	617.28	10	44	0	1	1	0	0	0	0
275	308.95	13	33	0	1	1	0	0	0	0
24439	159.1	0	27	0	0	0	0	0	1	0
14288	1377.02	18	32	0	1	0	0	1	0	0
10976	878.44	12	42	0	1	0	1	0	0	0
3935	246.91	13	37	0	1	1	0	0	0	1
5869	1068.38	16	20	0	1	1	0	0	0	0
14380	257	17	-1	0	1	0	0	1	0	1
8474	997.15	12	20	0	1	0	1	0	0	0
1135	346.63	15	10	0	1	1	0	0	0	0
10753	699.26	12	37	0	0	0	1	0	0	0
27788	973.41	15	14	0	0	0	0	0	1	0
3778	274.35	12	0	0	1	1	0	0	0	0
10585	1187.08	18	32	0	1	0	1	0	0	0
26303	189.93	0	54	0	1	0	0	0	1	0
14613	222.22	10	13	1	0	0	0	1	0	0
13264	452.97	12	10	0	1	0	1	0	0	0
10109	878.44	12	21	1	1	0	1	0	0	0
10767	712.25	18	4	0	0	0	1	0	0	0
15017	625.66	16	14	1	1	0	0	1	0	0
8343	593.54	14	22	1	1	0	1	0	0	0
20684	557.93	14	6	0	1	0	0	1	0	0
12750	341.17	12	9	0	0	0	1	0	0	0
26135	854.7	12	25	0	1	0	0	0	1	0
1883	712.25	15	39	0	1	1	0	0	0	0
28116	272.11	10	19	0	1	0	0	0	1	0
21342	783.48	12	40	1	1	0	0	1	0	0
16363	418.8	18	26	0	0	0	0	1	0	0
22543	370.37	13	23	0	1	0	0	0	1	0
19378	308.64	12	24	1	0	0	0	1	0	0
17761	664.77	12	13	0	1	0	0	1	0	0
21769	237.42	11	18	1	0	0	0	1	0	0
7960	245.27	12	45	0	1	0	1	0	0	1
15030	347.22	14	35	0	1	0	0	1	0	0
11516	586.42	12	12	0	1	0	1	0	0	0
10255	195.47	12	12	0	1	0	1	0	0	0
6768	973.41	12	34	0	1	0	1	0	0	0
1878	197.53	13	16	1	1	1	0	0	0	0
4619	493.83	14	3	0	1	1	0	0	0	0
4689	593.54	16	3	0	1	1	0	0	0	0
24983	944.28	12	20	0	1	0	0	0	1	0
10646	902.18	16	18	0	0	0	1	0	0	0
2437	474.83	12	10	0	1	1	0	0	0	0
5139	237.42	12	16	0	1	1	0	0	0	0
4211	481.96	18	24	0	1	1	0	0	0	0
1833	688.51	16	9	0	1	1	0	0	0	0
27609	123.46	12	8	0	1	0	0	0	1	0
10755	403.61	12	4	0	1	0	1	0	0	0
24501	474.83	9	14	0	1	0	0	0	1	0
19486	474.83	12	37	0	0	0	0	1	0	0
26088	2314.81	18	29	0	1	0	0	0	1	0
24909	586.42	12	11	0	1	0	0	0	1	0
27652	427.35	13	29	0	1	0	0	0	1	0
13088	238.68	16	-1	0	1	0	1	0	0	0
5364	949.67	17	12	0	1	1	0	0	0	0
25797	1661.92	18	39	0	1	0	0	0	1	0
19686	284.9	12	14	0	0	0	0	1	0	0
17074	688.51	15	15	0	1	0	0	1	0	0
1931	284.9	12	8	0	1	1	0	0	0	0
6800	522.32	14	17	0	1	0	1	0	0	0
7809	370.37	2	41	0	1	0	1	0	0	0
1903	231.48	12	46	0	1	1	0	0	0	0
11266	469.14	12	36	0	1	0	1	0	0	0
21287	379.87	12	43	0	1	0	0	1	0	0
2865	1579.1	18	23	0	1	1	0	0	0	0
16485	593.54	12	15	0	0	0	0	1	0	0
4632	2374.15	18	8	0	1	1	0	0	0	0
8466	783.48	8	44	0	1	0	1	0	0	0
24076	962.96	12	31	0	0	0	0	0	1	0
3682	246.91	10	11	0	1	1	0	0	0	0
20652	522.32	12	28	1	1	0	0	1	0	0
21289	300.59	18	7	0	1	0	0	1	0	0
19005	356.13	11	33	0	1	0	0	1	0	0
12246	770.09	16	28	0	1	0	1	0	0	0
5803	241.66	12	15	0	1	1	0	0	0	0
17891	1187.08	18	9	0	1	0	0	1	0	0
6642	867.59	13	19	0	1	0	1	0	0	0
5727	277.62	18	33	0	1	1	0	0	0	1
1010	274.69	17	7	0	1	1	0	0	0	0
1668	949.67	16	24	0	1	1	0	0	0	0
13253	65.1	18	30	0	1	0	1	0	0	1
7186	451.09	12	13	0	1	0	1	0	0	0
4851	427.99	12	9	0	1	1	0	0	0	0
4997	771.6	16	45	0	1	1	0	0	0	1
2736	830.96	15	11	0	1	1	0	0	0	0
17852	461.35	12	12	0	1	0	0	1	0	0
7410	664.77	12	21	0	0	0	1	0	0	0
9981	211.59	11	9	0	0	0	1	0	0	0
14260	617.28	17	3	0	1	0	0	1	0	0
27790	1529.79	14	46	0	0	0	0	0	1	0
18845	973.41	12	31	0	1	0	0	1	0	0
20729	546.06	16	35	0	1	0	0	1	0	0
10230	2018.04	16	35	0	1	0	1	0	0	0
23398	332.38	14	12	0	1	0	0	0	1	0
9504	1115.86	12	6	0	1	0	1	0	0	0
6345	54.61	13	0	0	0	1	0	0	0	1
8915	712.25	18	17	0	1	0	1	0	0	0
26785	1163.34	14	30	0	1	0	0	0	1	0
865	462.96	12	30	0	1	1	0	0	0	0
21435	106.08	14	0	0	0	0	0	1	0	1
1465	118.71	16	6	0	1	1	0	0	0	0
9075	593.4	12	23	0	1	0	1	0	0	0
4648	474.83	12	0	0	1	1	0	0	0	0
10175	206.87	12	10	0	0	0	1	0	0	0
15238	548.88	14	32	0	1	0	0	1	0	0
19938	202.78	12	1	0	1	0	0	1	0	0
23754	1329.53	18	9	0	1	0	0	0	1	0
11240	284.9	12	3	0	0	0	1	0	0	0
4756	561.17	12	3	0	1	1	0	0	0	0
12401	174.9	14	0	0	0	0	1	0	0	1
3703	427.35	15	3	1	1	1	0	0	0	0
4826	1210.83	18	13	0	1	1	0	0	0	0
17551	712.25	16	18	0	1	0	0	1	0	0
15572	308.64	9	45	0	0	0	0	1	0	0
24355	165.43	12	0	0	0	0	0	0	1	0
11808	593.54	18	1	0	0	0	1	0	0	0
5075	370.37	16	26	1	1	1	0	0	0	0
2344	98.77	8	40	0	1	1	0	0	0	0
5850	824.28	15	11	0	1	1	0	0	0	0
1807	949.67	12	38	0	0	1	0	0	0	0
23667	451.09	11	23	0	0	0	0	0	1	0
11334	712.25	18	3	0	1	0	1	0	0	0
4830	807.22	16	41	0	1	1	0	0	0	0
5381	130.1	14	20	0	1	1	0	0	0	1
724	379.87	12	9	0	0	1	0	0	0	0
9230	1377.02	16	37	0	1	0	1	0	0	0
16360	284.9	14	2	0	0	0	0	1	0	0
11586	522.32	12	14	0	1	0	1	0	0	0
16691	462.96	12	1	0	1	0	0	1	0	0
4567	949.67	11	45	0	1	1	0	0	0	0
20185	199.43	16	47	0	1	0	0	1	0	1
20763	832.72	18	25	0	1	0	0	1	0	0
25304	1746.03	12	14	0	1	0	0	0	1	1
21535	949.67	16	15	0	1	0	0	1	0	0
26673	641.03	13	12	0	1	0	0	0	1	0
4215	320.51	12	39	0	1	1	0	0	0	0
19648	254.18	9	15	0	0	0	0	1	0	0
57	1851.85	17	14	0	1	1	0	0	0	0
4859	712.25	18	44	0	1	1	0	0	0	0
20919	712.25	11	36	0	1	0	0	1	0	0
3881	474.83	18	0	0	0	1	0	0	0	0
25556	759.73	12	23	0	1	0	0	0	1	0
15184	949.67	9	40	0	1	0	0	1	0	0
6386	266.17	12	4	0	0	1	0	0	0	0
21195	270.06	16	2	0	1	0	0	1	0	0
23319	154.32	11	10	0	1	0	0	0	1	0
9787	591.14	14	11	0	1	0	1	0	0	0
2351	759.73	12	42	0	0	1	0	0	0	0
18638	687.56	15	46	0	1	0	0	1	0	0
15652	451.09	15	4	0	0	0	0	1	0	0
22147	221.5	12	6	0	0	0	0	0	1	0
27057	807.22	16	3	0	1	0	0	0	1	0
8986	522.32	16	15	0	1	0	1	0	0	0
19971	1115.86	15	18	1	1	0	0	1	0	0
20607	593.54	13	24	0	1	0	0	1	0	0
1316	61.73	12	47	0	1	1	0	0	0	1
23267	1424.5	16	7	0	1	0	0	0	1	0
10663	379.87	13	5	0	1	0	1	0	0	0
16218	697.8	12	33	0	1	0	0	1	0	0
20229	2374.15	12	23	0	1	0	0	1	0	0
2980	617.28	9	33	0	1	1	0	0	0	0
16540	712.25	14	10	0	1	0	0	1	0	0
25709	712.25	12	21	1	1	0	0	0	1	0
25315	226.27	16	37	0	1	0	0	0	1	1
16351	244.44	12	2	0	0	0	0	1	0	0
17754	645.77	14	39	1	1	0	0	1	0	1
10618	284.9	12	7	0	0	0	1	0	0	0
14996	379.87	12	6	0	1	0	0	1	0	0
1856	474.83	16	34	0	1	1	0	0	0	0
12158	498.58	12	15	0	1	0	1	0	0	0
5524	474.83	12	26	0	1	1	0	0	0	0
19303	712.25	16	9	1	0	0	0	1	0	0
11000	664.77	12	36	0	1	0	1	0	0	0
22737	569.8	12	33	0	0	0	0	0	1	0
13526	99.72	12	47	0	0	0	0	1	0	1
4718	586.42	9	21	0	1	1	0	0	0	0
13954	712.25	12	38	0	0	0	0	1	0	0
26899	474.83	12	7	0	1	0	0	0	1	0
295	363.25	12	5	0	1	1	0	0	0	0
22151	593.54	12	18	0	1	0	0	0	1	0
17934	1346.15	18	34	0	1	0	0	1	0	0
11405	712.25	13	17	0	0	0	1	0	0	0
24074	142.45	16	-1	0	0	0	0	0	1	1
23501	415.48	12	11	0	1	0	0	0	1	0
21604	400.26	0	52	0	1	0	0	1	0	0
1932	522.32	16	5	0	1	1	0	0	0	0
13103	284.9	12	2	0	1	0	1	0	0	0
13468	569.8	16	4	0	1	0	0	1	0	0
11173	569.8	13	17	0	1	0	1	0	0	0
11745	165.43	12	9	0	1	0	1	0	0	0
20410	246.91	16	0	0	0	0	0	1	0	1
17719	166.19	12	17	0	1	0	0	1	0	0
20789	514.4	10	13	0	1	0	0	1	0	0
26470	391.74	14	33	0	1	0	0	0	1	0
7578	965.5	10	29	0	0	0	1	0	0	0
22050	688.51	18	-1	0	1	0	0	1	0	0
9180	167.76	12	5	0	1	0	1	0	0	0
23641	246.91	6	37	0	1	0	0	0	1	0
27256	471.88	16	10	1	1	0	0	0	1	0
542	474.83	12	14	0	0	1	0	0	0	0
19888	665.95	7	28	0	0	0	0	1	0	0
7454	356.13	11	32	0	0	0	1	0	0	0
2370	902.18	9	40	0	1	1	0	0	0	0
1106	356.13	12	5	0	1	1	0	0	0	0
10556	396.49	12	14	0	1	0	1	0	0	0
23305	237.04	13	42	0	0	0	0	0	1	0
6231	513.46	12	12	0	0	1	0	0	0	0
5385	81.93	14	-1	0	1	1	0	0	0	1
8182	1020.89	14	16	0	1	0	1	0	0	0
22435	409.77	14	4	0	0	0	0	0	1	0
24403	617.28	14	28	0	0	0	0	0	1	0
312	546.06	14	3	0	0	1	0	0	0	0
22418	404.28	12	8	0	0	0	0	0	1	0
3807	516.55	12	9	0	0	1	0	0	0	0
16684	830.96	16	25	0	1	0	0	1	0	0
26284	403.61	13	5	0	1	0	0	0	1	0
18720	456.25	14	22	1	1	0	0	1	0	0
25091	617.28	8	45	0	1	0	0	0	1	0
16095	284.9	16	29	0	0	0	0	1	0	0
26540	189.93	4	25	0	1	0	0	0	1	0
17565	664.77	14	23	0	1	0	0	1	0	0
17937	200	16	-1	0	1	0	0	1	0	0
19850	355.13	12	25	0	0	0	0	1	0	0
21117	617.28	18	22	0	1	0	0	1	0	0
6466	759.73	16	13	0	1	0	1	0	0	0
16949	1234.57	16	18	0	1	0	0	1	0	0
8716	830.96	12	11	0	1	0	1	0	0	0
10061	1305.79	13	22	0	0	0	1	0	0	0
17652	641.98	10	23	0	1	0	0	1	0	0
4063	498.58	12	19	0	1	1	0	0	0	0
13075	233.2	18	5	0	1	0	1	0	0	1
12117	679.01	18	20	0	0	0	1	0	0	0
27633	332.38	14	38	0	1	0	0	0	1	0
1021	878.44	14	27	0	1	1	0	0	0	0
21304	664.77	16	27	1	1	0	0	1	0	0
5552	593.54	12	27	0	1	1	0	0	0	0
24380	629.15	14	9	0	0	0	0	0	1	0
15834	237.42	12	11	0	0	0	0	1	0	1
6640	1163.34	13	13	0	1	0	1	0	0	0
4327	106.84	12	1	1	1	1	0	0	0	0
2037	403.61	12	35	0	1	1	0	0	0	0
14397	664.77	16	8	0	1	0	0	1	0	0
13071	617.28	12	17	0	1	0	1	0	0	0
27832	554.04	12	35	0	1	0	0	0	1	0
10804	593.54	8	38	0	1	0	1	0	0	0
229	403.61	13	12	0	1	1	0	0	0	0
10274	1234.57	13	14	0	1	0	1	0	0	0
1124	1092.12	16	18	0	1	1	0	0	0	0
27835	2374.15	18	33	0	1	0	0	0	1	0
8284	593.54	12	10	1	1	0	1	0	0	0
27926	512.46	12	14	0	0	0	0	0	1	0
20505	411.52	16	7	0	1	0	0	1	0	0
524	584.05	12	14	0	1	1	0	0	0	0
24790	403.61	18	17	0	1	0	0	0	1	0
13033	237.42	14	48	0	1	0	1	0	0	0
8600	949.67	13	15	0	1	0	1	0	0	0
15772	177.78	11	3	0	0	0	0	1	0	0
24960	284.9	12	24	0	0	0	0	0	1	0
25261	204.18	11	9	0	0	0	0	0	1	1
25252	809.59	16	15	0	0	0	0	0	1	0
10148	394.11	9	42	0	1	0	1	0	0	0
14019	569.8	10	22	1	1	0	0	1	0	0
9990	403.61	13	8	0	1	0	1	0	0	0
19718	216.76	12	4	0	0	0	0	1	0	0
22340	287.16	16	9	0	1	0	0	0	1	1
20767	676.64	12	11	0	1	0	0	1	0	0
21187	1187.08	17	25	0	1	0	0	1	0	0
23430	265.91	7	19	0	1	0	0	0	1	0
2520	902.18	12	38	0	1	1	0	0	0	0
2571	641.03	10	48	1	1	1	0	0	0	0
341	830.96	17	9	0	1	1	0	0	0	0
7036	617.28	12	26	0	1	0	1	0	0	0
16861	830.96	10	39	0	1	0	0	1	0	0
4039	997.15	14	20	0	0	1	0	0	0	0
27138	96.19	12	0	0	1	0	0	0	1	0
9225	491.45	14	6	0	1	0	1	0	0	0
10484	234.31	14	6	0	1	0	1	0	0	1
18832	249.29	12	10	1	1	0	0	1	0	0
22605	1056.51	12	40	0	1	0	0	0	1	0
22413	735.99	16	10	0	0	0	0	0	1	0
16647	830.96	14	7	0	1	0	0	1	0	0
8744	77.78	8	52	0	0	0	1	0	0	1
27992	1410.93	12	24	0	1	0	0	0	1	0
23204	1543.21	16	8	0	1	0	0	0	1	0
13579	676.64	16	14	0	0	0	0	1	0	0
4463	498.58	16	42	0	1	1	0	0	0	0
233	484.14	12	21	0	1	1	0	0	0	0
23128	1329.53	17	21	0	1	0	0	0	1	0
3604	957.38	12	13	0	1	1	0	0	0	0
6491	379.87	18	11	0	1	0	1	0	0	0
22362	282.92	12	10	0	0	0	0	0	1	0
16902	261.16	12	6	0	1	0	0	1	0	0
21341	903.37	18	13	0	1	0	0	1	0	0
17129	308.64	0	47	1	1	0	0	1	0	0
16537	949.67	12	14	0	0	0	0	1	0	0
14200	474.83	18	10	0	1	0	0	1	0	0
11255	807.22	14	17	0	0	0	1	0	0	0
16315	142.45	6	24	0	1	0	0	1	0	0
9050	364.2	12	11	0	0	0	1	0	0	0
4904	94.97	8	47	0	1	1	0	0	0	1
6732	474.83	13	7	0	1	0	1	0	0	0
10476	130.58	13	0	1	1	0	1	0	0	0
11839	237.42	12	29	0	0	0	1	0	0	0
4228	83.1	8	55	1	1	1	0	0	0	1
21463	154.32	6	43	0	1	0	0	1	0	1
1004	1780.63	18	23	0	1	1	0	0	0	0
7914	473.87	12	31	0	0	0	1	0	0	0
13803	52.23	14	0	1	1	0	0	1	0	1
14620	1239.17	14	39	0	1	0	0	1	0	0
899	446.13	12	43	0	1	1	0	0	0	0
1790	1175.78	18	28	0	1	1	0	0	0	0
866	919.36	9	33	0	1	1	0	0	0	0
8902	66.14	12	0	0	1	0	1	0	0	1
6779	1187.08	16	23	0	1	0	1	0	0	0
17602	569.8	17	19	0	1	0	0	1	0	0
25939	484.33	14	15	0	1	0	0	0	1	0
12732	246.91	12	10	0	1	0	1	0	0	0
13466	783.48	16	15	0	1	0	0	1	0	0
13183	427.35	13	19	0	0	0	1	0	0	0
6124	569.8	12	22	0	1	1	0	0	0	0
14452	724.12	17	10	0	1	0	0	1	0	0
9202	522.32	12	16	0	0	0	1	0	0	0
758	59.35	17	13	0	1	1	0	0	0	0
6278	461.4	9	31	0	0	1	0	0	0	0
8106	1092.12	12	25	1	1	0	1	0	0	0
25905	284.9	9	15	0	1	0	0	0	1	0
20510	356.13	16	2	0	1	0	0	1	0	0
20622	830.96	14	9	1	1	0	0	1	0	0
22084	712.25	17	4	0	0	0	0	0	1	0
88	474.83	16	18	0	0	1	0	0	0	0
19487	308.64	12	3	0	0	0	0	1	0	0
16529	308.64	12	9	1	0	0	0	1	0	0
5565	569.8	12	8	0	1	1	0	0	0	0
648	569.8	9	43	0	0	1	0	0	0	0
7533	1899.34	16	7	0	0	0	1	0	0	0
22736	1566.95	18	24	0	0	0	0	0	1	0
16265	67.34	13	37	0	1	0	0	1	0	0
5507	498.48	12	26	1	1	1	0	0	0	0
24903	296.3	18	10	0	1	0	0	0	1	1
8258	92.59	12	8	1	1	0	1	0	0	0
5066	284.9	12	3	0	1	1	0	0	0	0
16029	300.66	10	3	0	0	0	0	1	0	0
22886	448.72	12	7	0	0	0	0	0	1	0
7677	754.75	12	21	0	1	0	1	0	0	0
3875	1020.89	14	23	0	0	1	0	0	0	0
22577	830.96	12	15	0	1	0	0	0	1	0
21997	129.07	12	27	0	0	0	0	1	0	1
14947	451.09	12	20	0	1	0	0	1	0	0
13054	498.58	12	19	0	1	0	1	0	0	0
16915	143.87	12	0	0	1	0	0	1	0	1
27197	1424.5	16	26	0	1	0	0	0	1	0
8754	593.54	12	5	0	1	0	1	0	0	0
16634	641.03	12	14	0	1	0	0	1	0	0
2780	5144.03	0	18	0	1	1	0	0	0	0
7083	1068.38	12	7	0	1	0	1	0	0	0
13673	830.96	11	39	0	1	0	0	1	0	0
27731	232	14	1	0	0	0	0	0	1	0
23922	697.7	12	12	0	1	0	0	0	1	0
6214	252.53	12	27	0	1	1	0	0	0	0
13359	277.78	8	28	0	1	0	0	1	0	1
1258	546.06	12	12	0	1	1	0	0	0	0
17159	740.74	8	38	0	1	0	0	1	0	0
4885	795.35	8	44	0	1	1	0	0	0	0
15749	401.23	11	26	1	0	0	0	1	0	0
27771	602.23	15	7	0	1	0	0	0	1	0
17241	543.21	12	11	1	1	0	0	1	0	0
15174	522.32	16	16	0	1	0	0	1	0	0
10442	681.43	12	28	0	1	0	1	0	0	0
24149	749.03	16	29	0	1	0	0	0	1	0
1775	830.96	14	10	0	1	1	0	0	0	0
23691	424.79	12	22	0	0	0	0	0	1	0
9882	613.3	12	12	0	1	0	1	0	0	0
13493	427.35	11	32	0	1	0	0	1	0	0
16956	421.56	12	9	0	1	0	0	1	0	0
14101	759.73	16	11	1	1	0	0	1	0	0
27240	79.37	11	1	0	1	0	0	0	1	1
13121	198.05	12	4	0	1	0	1	0	0	0
13871	569.8	12	18	1	1	0	0	1	0	0
20582	458.55	14	11	0	1	0	0	1	0	1
21093	449.64	12	41	0	1	0	0	1	0	0
14791	472.59	12	25	0	0	0	0	1	0	0
13182	629.15	12	10	0	0	0	1	0	0	0
22757	641.03	12	8	0	0	0	0	0	1	0
26352	181.62	11	3	0	1	0	0	0	1	0
5913	759.73	12	19	0	1	1	0	0	0	0
7856	874.49	12	19	0	0	0	1	0	0	0
14412	617.28	12	10	0	1	0	0	1	0	0
13816	508.07	18	3	0	1	0	0	1	0	0
13686	395.06	0	42	0	1	0	0	1	0	0
23115	228.3	16	10	0	1	0	0	0	1	0
9297	536.77	10	14	0	1	0	1	0	0	0
14603	474.83	15	5	0	1	0	0	1	0	0
427	830.96	12	7	0	1	1	0	0	0	0
4123	403.61	12	11	0	1	1	0	0	0	0
19403	902.18	12	42	0	1	0	0	1	0	0
26635	1334.67	18	29	0	1	0	0	0	1	0
18884	498.58	12	7	0	1	0	0	1	0	0
27415	498.58	8	47	0	1	0	0	0	1	0
17634	427.35	14	28	0	1	0	0	1	0	0
19719	94.97	10	53	0	0	0	0	1	0	1
11437	1266.22	12	42	0	1	0	1	0	0	0
9233	1004.53	14	25	0	1	0	1	0	0	0
9853	627.36	11	21	0	1	0	1	0	0	0
17223	384.62	12	34	0	1	0	0	1	0	0
23085	238.37	12	12	0	1	0	0	0	1	0
18763	427.35	14	39	0	0	0	0	1	0	0
9845	688.51	16	9	0	1	0	1	0	0	0
18769	296.77	12	17	0	0	0	0	1	0	0
16259	498.58	8	29	0	1	0	0	1	0	0
5857	474.83	16	9	0	1	1	0	0	0	0
11704	427.35	12	9	0	1	0	1	0	0	0
6810	617.28	18	15	0	1	0	1	0	0	0
10487	403.61	12	8	0	1	0	1	0	0	0
8246	59.35	15	1	0	1	0	1	0	0	1
17459	1234.57	16	24	0	1	0	0	1	0	0
17524	676.64	14	24	0	1	0	0	1	0	0
21497	937.32	17	21	0	0	0	0	1	0	0
305	338.32	13	9	0	0	1	0	0	0	0
4867	2374.15	18	10	0	1	1	0	0	0	0
19022	641.03	12	8	0	0	0	0	1	0	0
18831	377.93	12	9	1	1	0	0	1	0	0
13117	308.64	13	35	0	0	0	1	0	0	0
19344	275.12	10	47	0	0	0	0	1	0	0
2778	393.95	12	47	0	1	1	0	0	0	0
12711	205.76	15	0	0	1	0	1	0	0	0
2789	356.13	12	31	0	1	1	0	0	0	0
10050	472.46	12	16	0	1	0	1	0	0	0
20290	394.33	12	2	0	1	0	0	1	0	0
27440	328.22	12	12	0	1	0	0	0	1	0
848	388.62	18	6	0	1	1	0	0	0	0
27534	427.35	12	5	0	0	0	0	0	1	0
10510	137.17	15	2	0	0	0	1	0	0	1
21029	356.13	13	4	0	1	0	0	1	0	0
13731	61.73	18	33	0	1	0	0	1	0	1
14039	1068.38	18	16	0	1	0	0	1	0	0
25744	261.16	12	4	0	1	0	0	0	1	0
14115	466.62	14	26	1	1	0	0	1	0	0
5539	427.35	18	36	0	1	1	0	0	0	0
15133	593.54	16	6	0	1	0	0	1	0	0
10357	807.22	16	47	0	1	0	1	0	0	0
23605	925.93	12	27	0	0	0	0	0	1	0
5675	759.73	14	25	0	1	1	0	0	0	0
17861	211.64	12	22	0	1	0	0	1	0	0
23070	86.42	18	35	0	1	0	0	0	1	1
4694	123.46	18	-1	0	1	1	0	0	0	1
25256	462.96	17	6	0	1	0	0	0	1	0
23550	142.45	3	19	0	0	0	0	0	1	0
5472	783.48	12	31	0	1	1	0	0	0	0
18561	634.43	18	2	0	1	0	0	1	0	0
24528	148.15	10	8	0	1	0	0	0	1	0
19577	296.3	8	20	0	1	0	0	1	0	0
5638	169.55	15	1	0	1	1	0	0	0	1
8367	2374.15	18	7	0	1	0	1	0	0	0
16803	439.22	8	26	0	1	0	0	1	0	0
15548	200.62	12	0	0	1	0	0	1	0	0
21269	284.9	13	0	0	1	0	0	1	0	1
26160	166.19	13	0	0	1	0	0	0	1	1
11849	332.38	11	30	0	0	0	1	0	0	0
25205	712.25	12	11	0	1	0	0	0	1	0
4480	712.25	12	29	0	1	1	0	0	0	0
13509	593.54	12	19	1	0	0	0	1	0	0
26206	735.99	14	19	0	1	0	0	0	1	0
18486	332.38	4	54	1	1	0	0	1	0	0
9667	403.61	12	7	0	1	0	1	0	0	0
17224	356.13	12	13	0	1	0	0	1	0	0
17812	759.73	12	40	0	0	0	0	1	0	0
11276	394.11	12	10	0	0	0	1	0	0	0
20798	467.71	18	22	0	1	0	0	1	0	0
2156	669.52	16	6	0	1	1	0	0	0	0
917	617.28	15	-1	0	1	1	0	0	0	0
24793	925.93	12	26	0	1	0	0	0	1	0
14177	641.03	11	32	1	1	0	0	1	0	0
21202	735.99	12	9	0	1	0	0	1	0	0
17584	220.16	13	6	0	1	0	0	1	0	0
13612	985.28	14	23	1	1	0	0	1	0	0
9752	1068.38	18	37	0	1	0	1	0	0	0
26361	546.06	15	10	0	1	0	0	0	1	0
4247	189.93	12	1	0	1	1	0	0	0	0
18829	1139.6	18	12	0	1	0	0	1	0	0
14309	664.77	13	7	0	1	0	0	1	0	0
9562	1120.09	12	18	0	1	0	1	0	0	0
23259	308.64	16	5	0	1	0	0	0	1	0
11003	759.73	12	12	0	1	0	1	0	0	0
6148	74.07	12	0	0	1	1	0	0	0	0
27085	474.83	12	33	0	1	0	0	0	1	0
27894	427.35	12	16	0	0	0	0	0	1	0
28111	1424.5	16	29	0	1	0	0	0	1	0
17940	2362.44	16	17	0	1	0	0	1	0	0
14495	641.03	12	9	0	1	0	0	1	0	0
12824	254.51	13	6	0	0	0	1	0	0	0
14033	503.91	7	44	1	1	0	0	1	0	0
6724	407.17	16	10	1	1	0	1	0	0	0
27095	522.32	15	4	0	1	0	0	0	1	1
19341	356.13	12	10	0	1	0	0	1	0	0
16008	1187.08	18	19	0	0	0	0	1	0	0
21941	308.64	13	1	0	0	0	0	1	0	0
21711	259.26	12	2	0	1	0	0	1	0	1
22188	277.78	16	5	0	0	0	0	0	1	0
20975	740.74	12	21	0	1	0	0	1	0	0
4402	641.03	16	14	0	1	1	0	0	0	0
511	474.83	16	4	0	1	1	0	0	0	0
7328	1139.6	12	25	0	1	0	1	0	0	0
5694	437.24	17	5	0	1	1	0	0	0	0
14857	191.36	9	7	0	0	0	0	1	0	0
14163	712.25	12	32	1	1	0	0	1	0	0
21501	105.62	12	11	0	0	0	0	1	0	1
8459	705.13	13	21	0	1	0	1	0	0	0
5711	1137.1	16	30	0	1	1	0	0	0	0
21642	747.86	13	4	0	1	0	0	1	0	0
24635	284.9	14	11	0	1	0	0	0	1	0
4223	830.96	12	43	0	1	1	0	0	0	0
12991	493.83	16	18	0	1	0	1	0	0	0
15642	474.83	12	8	1	0	0	0	1	0	0
20062	271.6	15	-1	0	1	0	0	1	0	1
1376	569.8	13	0	0	1	1	0	0	0	0
9178	439.22	18	26	0	1	0	1	0	0	0
1461	641.03	14	17	0	1	1	0	0	0	0
71	197.53	11	1	0	1	1	0	0	0	0
23987	166.19	10	3	0	1	0	0	0	1	0
1967	1234.57	18	32	0	1	1	0	0	0	0
15063	617.28	10	47	0	1	0	0	1	0	0
24218	612.54	16	19	0	1	0	0	0	1	0
22093	940.74	12	33	0	1	0	0	0	1	0
23883	2374.15	16	13	0	1	0	0	0	1	0
25109	154.32	14	11	0	1	0	0	0	1	0
22889	1115.86	15	16	0	0	0	0	0	1	0
9548	475.02	12	7	0	1	0	1	0	0	0
2218	1234.57	12	26	0	1	1	0	0	0	0
9110	2207.98	16	15	0	1	0	1	0	0	0
21479	237.42	16	0	1	0	0	0	1	0	1
24637	189.93	13	2	0	1	0	0	0	1	0
15089	246.91	15	-1	0	1	0	0	1	0	1
24290	380.62	18	7	0	1	0	0	0	1	0
10247	546.06	14	6	0	1	0	1	0	0	0
6785	807.22	18	18	0	1	0	1	0	0	0
1332	830.96	12	7	0	1	1	0	0	0	0
17797	315.76	12	20	0	1	0	0	1	0	0
2096	617.28	11	38	0	1	1	0	0	0	0
19149	237.42	12	38	1	1	0	0	1	0	0
10970	641.03	12	19	0	1	0	1	0	0	0
21693	324.79	9	16	0	1	0	0	1	0	0
27802	524.69	14	5	0	0	0	0	0	1	0
23545	878.44	18	13	0	1	0	0	0	1	0
3986	1068.38	18	13	0	1	1	0	0	0	0
25194	636.28	12	23	0	1	0	0	0	1	0
26154	296.3	15	41	0	1	0	0	0	1	1
21880	98.77	4	52	0	1	0	0	1	0	1
24774	1092.12	18	21	0	1	0	0	0	1	0
1509	73.6	16	34	0	1	1	0	0	0	0
7476	246.91	11	17	0	0	0	1	0	0	1
25907	197.17	3	25	0	1	0	0	0	1	0
943	593.54	11	13	0	1	1	0	0	0	0
14196	522.32	18	11	0	1	0	0	1	0	0
20104	788.75	16	26	0	0	0	0	1	0	0
5883	522.32	11	46	0	1	1	0	0	0	0
4553	522.32	12	17	0	1	1	0	0	0	0
16505	284.9	12	16	1	0	0	0	1	0	0
22238	284.9	10	9	0	0	0	0	0	1	0
19136	641.03	12	30	0	0	0	0	1	0	0
21239	416.84	12	20	0	1	0	0	1	0	0
22511	71.23	14	-1	0	0	0	0	0	1	1
17151	617.28	12	1	0	1	0	0	1	0	0
13972	415.48	14	13	0	0	0	0	1	0	0
14369	1305.79	18	13	0	1	0	0	1	0	0
18454	617.28	16	18	0	0	0	0	1	0	0
8954	308.64	11	20	0	0	0	1	0	0	1
21783	617.28	12	47	0	0	0	0	1	0	0
7	284.9	8	51	0	1	1	0	0	0	0
18363	327.52	14	5	0	0	0	0	1	0	0
6742	688.51	12	37	1	1	0	1	0	0	0
1605	1020.89	16	25	0	1	1	0	0	0	0
3764	593.54	12	23	0	0	1	0	0	0	0
4036	341.88	12	25	0	0	1	0	0	0	0
26969	474.83	15	7	0	1	0	0	0	1	0
14520	902.18	18	12	0	1	0	0	1	0	0
22951	902.18	14	12	0	0	0	0	0	1	0
26434	617.28	14	8	0	1	0	0	0	1	0
13119	728.87	18	17	0	0	0	1	0	0	0
3337	144.44	15	0	0	1	1	0	0	0	1
8111	676.64	16	5	0	1	0	1	0	0	0
24095	391.74	16	11	0	0	0	0	0	1	0
4173	1282.05	15	25	0	1	1	0	0	0	0
8330	427.35	8	37	0	1	0	1	0	0	0
8181	906.93	18	29	0	1	0	1	0	0	0
2994	712.25	15	9	0	1	1	0	0	0	0
27160	1661.92	18	11	0	1	0	0	0	1	0
4594	104.46	14	8	0	1	1	0	0	0	0
13456	759.73	16	14	0	1	0	0	1	0	0
5090	427.35	12	14	0	1	1	0	0	0	0
17863	779.73	12	31	0	1	0	0	1	0	0
9416	764.48	12	11	0	1	0	1	0	0	0
22655	190.8	11	44	0	0	0	0	0	1	1
19246	308.64	12	31	0	0	0	0	1	0	0
18912	540.12	8	42	0	1	0	0	1	0	0
11886	617.28	14	3	0	1	0	1	0	0	0
15561	919.36	12	34	0	0	0	0	1	0	0
14013	451.09	9	53	1	1	0	0	1	0	0
14073	254.04	12	3	1	1	0	0	1	0	0
2154	712.25	12	42	0	1	1	0	0	0	0
8145	569.8	12	8	0	1	0	1	0	0	0
11582	768.18	12	11	0	1	0	1	0	0	0
9494	1055.89	12	24	0	1	0	1	0	0	0
4420	854.7	12	24	0	1	1	0	0	0	0
23504	420.88	10	11	0	1	0	0	0	1	0
2482	664.77	14	7	0	1	1	0	0	0	0
2591	237.42	12	7	0	1	1	0	0	0	1
2137	735.99	16	10	0	1	1	0	0	0	0
13593	735.99	16	38	0	0	0	0	1	0	0
9501	830.96	12	43	0	1	0	1	0	0	0
14542	759.73	10	27	1	1	0	0	1	0	0
24730	370.37	14	17	0	1	0	0	0	1	0
23806	403.61	13	25	0	1	0	0	0	1	0
3078	118.71	13	2	0	1	1	0	0	0	0
27191	1187.08	12	14	0	1	0	0	0	1	0
16016	569.8	7	30	0	0	0	0	1	0	0
9342	720.94	9	42	0	1	0	1	0	0	0
22014	384.62	12	4	1	1	0	0	1	0	0
18214	807.22	12	39	0	1	0	0	1	0	0
15793	123.46	12	1	1	0	0	0	1	0	1
2834	760.45	13	26	1	1	1	0	0	0	0
10959	109.21	12	2	0	1	0	1	0	0	1
21367	100.78	13	0	0	1	0	0	1	0	1
25090	288.07	12	48	0	1	0	0	0	1	1
12439	878.44	12	13	0	0	0	1	0	0	0
9685	266.67	12	4	0	1	0	1	0	0	0
22120	183.39	12	28	0	0	0	0	0	1	1
7198	284.9	9	19	0	1	0	1	0	0	0
7705	320.51	13	5	0	1	0	1	0	0	0
3615	522.32	12	40	0	1	1	0	0	0	0
21732	216.05	13	10	0	0	0	0	1	0	0
14107	232.67	12	12	1	1	0	0	1	0	0
22802	414.01	13	25	0	0	0	0	0	1	0
27262	664.77	13	26	0	1	0	0	0	1	0
13907	717	15	11	0	1	0	0	1	0	0
17631	493.83	18	19	1	1	0	0	1	0	1
16178	189.93	16	-1	0	1	0	0	1	0	0
19205	411.52	12	43	0	1	0	0	1	0	0
8485	427.98	14	0	0	1	0	1	0	0	1
13786	652.9	12	39	0	1	0	0	1	0	0
17301	368	12	39	0	1	0	0	1	0	0
22956	1187.08	18	17	0	0	0	0	0	1	0
22436	379.87	13	2	0	0	0	0	0	1	0
2595	225.13	11	7	0	1	1	0	0	0	0
27072	641.03	16	1	0	1	0	0	0	1	0
25573	284.9	16	8	0	1	0	0	0	1	0
9806	717.77	12	4	0	1	0	1	0	0	0
18047	154.32	13	0	0	1	0	0	1	0	0
8756	641.03	18	30	0	1	0	1	0	0	0
15677	199.43	16	4	1	0	0	0	1	0	0
19035	555.56	12	14	0	0	0	0	1	0	0
1718	240.55	8	15	0	0	1	0	0	0	0
26233	205.76	4	28	0	1	0	0	0	1	0
21281	203.75	16	7	0	1	0	0	1	0	1
3391	522.32	16	9	0	1	1	0	0	0	0
3773	797.65	12	30	0	1	1	0	0	0	0
12681	569.8	18	24	0	1	0	1	0	0	0
11748	498.58	13	15	0	1	0	1	0	0	0
11556	1742.92	12	19	0	1	0	1	0	0	0
12262	237.42	12	28	0	0	0	1	0	0	0
6037	403.61	12	11	0	0	1	0	0	0	0
23924	63.24	17	9	0	1	0	0	0	1	0
20769	249.29	13	2	0	1	0	0	1	0	0
7642	399.42	12	5	0	0	0	1	0	0	0
25701	142.45	5	16	0	1	0	0	0	1	0
7178	128.6	15	-2	0	1	0	1	0	0	1
14625	154.32	9	32	0	0	0	0	1	0	0
17246	1187.08	14	24	0	1	0	0	1	0	0
21676	284.9	14	14	0	1	0	0	1	0	1
3864	79.77	8	49	0	0	1	0	0	0	1
18841	944.92	16	9	0	1	0	0	1	0	0
14318	498.46	18	10	0	1	0	0	1	0	0
27334	830.96	16	3	0	1	0	0	0	1	0
20419	427.35	13	13	0	0	0	0	1	0	0
14434	1092.12	18	19	0	1	0	0	1	0	0
20179	287.11	12	6	0	1	0	0	1	0	0
10587	1041.98	8	52	0	1	0	1	0	0	0
27780	92.59	12	0	0	1	0	0	0	1	1
15667	286.42	7	57	0	1	0	0	1	0	0
25781	197.53	6	14	0	1	0	0	0	1	0
20251	830.96	13	23	0	1	0	0	1	0	0
10489	925.93	18	33	0	1	0	1	0	0	0
18326	94.97	9	10	0	0	0	0	1	0	0
14780	160.49	11	2	0	1	0	0	1	0	0
12285	343.36	15	6	0	0	0	1	0	0	0
17600	253.24	12	6	0	1	0	0	1	0	0
24854	367.9	9	41	0	1	0	0	0	1	0
2110	1068.38	17	15	0	1	1	0	0	0	0
9673	593.54	12	20	0	1	0	1	0	0	0
21219	213.68	5	10	0	1	0	0	1	0	0
4588	1044.63	12	42	0	1	1	0	0	0	0
5927	284.9	16	2	0	1	1	0	0	0	1
19307	65.65	12	11	0	0	0	0	1	0	0
2087	280.58	13	1	0	1	1	0	0	0	0
13984	50.39	18	6	0	1	0	0	1	0	1
18130	712.25	14	21	0	1	0	0	1	0	0
13959	498.58	12	13	0	0	0	0	1	0	0
9222	296.3	18	10	0	1	0	1	0	0	0
8306	712.25	13	31	1	1	0	1	0	0	0
24297	216.05	15	0	0	1	0	0	0	1	0
10288	1150.39	11	45	0	1	0	1	0	0	0
5189	593.54	16	41	0	1	1	0	0	0	0
18627	237.42	10	15	0	1	0	0	1	0	0
21163	997.15	10	37	0	1	0	0	1	0	0
6209	68.59	14	1	0	1	1	0	0	0	0
2444	261.16	16	1	0	1	1	0	0	0	1
20119	166.19	18	25	0	1	0	0	1	0	0
5069	498.58	11	43	1	1	1	0	0	0	0
8948	77.16	14	0	0	1	0	1	0	0	1
16015	301.52	10	35	0	0	0	0	1	0	0
16476	569.8	12	13	0	0	0	0	1	0	0
23109	474.83	16	25	0	1	0	0	0	1	0
6547	536.56	12	18	0	1	0	1	0	0	0
3862	427.35	12	12	0	0	1	0	0	0	0
14168	192.04	12	1	1	1	0	0	1	0	0
25221	1780.63	18	21	0	1	0	0	0	1	0
15502	256.79	12	21	1	1	0	0	1	0	0
7141	356.13	12	16	0	1	0	1	0	0	0
5856	246.91	12	11	0	1	1	0	0	0	0
7131	1251.89	12	38	0	1	0	1	0	0	0
27933	1187.08	15	19	0	0	0	0	0	1	0
10562	488.19	12	24	0	0	0	1	0	0	0
26253	1543.21	17	36	0	1	0	0	0	1	0
26332	148.15	17	2	0	1	0	0	0	1	1
21933	84.28	8	25	0	1	0	0	1	0	1
17499	284.9	7	50	0	1	0	0	1	0	0
24317	589.21	11	23	0	1	0	0	0	1	0
22313	730.58	12	31	0	0	0	0	0	1	0
12650	1661.92	18	17	0	1	0	1	0	0	0
26028	1032.76	13	23	0	1	0	0	0	1	0
8318	1139.6	18	16	0	1	0	1	0	0	0
18973	795.35	15	27	0	1	0	0	1	0	0
25168	2374.15	18	19	0	1	0	0	0	1	0
24473	427.35	12	3	0	1	0	0	0	1	0
812	666.67	18	4	0	1	1	0	0	0	0
17310	308.64	14	7	0	1	0	0	1	0	0
26991	493.83	5	40	0	1	0	0	0	1	0
8221	104.3	4	36	0	1	0	1	0	0	0
27179	949.67	16	9	0	1	0	0	0	1	0
19467	591.93	12	40	0	1	0	0	1	0	0
4204	444.44	12	14	0	1	1	0	0	0	0
24917	759.73	12	33	0	1	0	0	0	1	0
17062	237.42	17	12	0	1	0	0	1	0	0
16309	356.13	13	1	1	1	0	0	1	0	0
98	949.67	17	17	0	0	1	0	0	0	0
23486	474.83	12	18	0	1	0	0	0	1	0
18194	567.71	12	12	0	1	0	0	1	0	0
22096	546.06	12	16	0	1	0	0	0	1	0
24400	152.51	13	-1	0	0	0	0	0	1	0
10298	740.74	18	13	0	1	0	1	0	0	0
5256	1899.34	16	23	0	1	1	0	0	0	0
1468	246.91	18	4	0	1	1	0	0	0	1
673	543.54	12	11	0	1	1	0	0	0	0
16779	1044.63	13	35	0	0	0	0	1	0	0
26189	370.37	12	12	0	1	0	0	0	1	0
2377	338.9	8	12	0	1	1	0	0	0	0
10713	83.1	16	3	0	0	0	1	0	0	1
23562	735.99	12	16	1	1	0	0	0	1	0
27174	112.35	15	2	0	1	0	0	0	1	1
15463	1474.03	18	33	0	1	0	0	1	0	0
7447	220.46	12	1	0	0	0	1	0	0	0
1521	759.73	14	24	0	1	1	0	0	0	0
7171	67.02	12	5	0	1	0	1	0	0	0
3319	949.67	13	26	0	1	1	0	0	0	0
20402	356.13	10	30	1	0	0	0	1	0	0
9573	1020.89	16	16	1	1	0	1	0	0	0
22483	404.04	16	7	0	1	0	0	0	1	1
27691	126.61	13	7	1	1	0	0	0	1	0
20066	832.62	18	19	0	1	0	0	1	0	0
25371	617.28	12	45	0	1	0	0	0	1	0
13974	712.25	15	12	0	0	0	0	1	0	0
4476	712.25	12	16	0	1	1	0	0	0	0
25653	92.59	11	1	0	1	0	0	0	1	0
399	973.41	18	23	0	1	1	0	0	0	0
18263	432.1	12	25	1	1	0	0	1	0	0
9296	987.65	16	5	0	1	0	1	0	0	0
7459	177.78	12	14	0	0	0	1	0	0	0
6445	617.28	12	23	0	1	0	1	0	0	0
7205	237.42	14	33	0	1	0	1	0	0	0
2471	493.83	15	8	0	1	1	0	0	0	0
27313	284.9	11	7	0	1	0	0	0	1	0
9571	451.09	12	12	0	1	0	1	0	0	0
24065	349.79	15	46	0	0	0	0	0	1	0
19167	353.21	15	9	0	0	0	0	1	0	0
16155	1780.63	15	22	0	1	0	0	1	0	0
10024	498.58	12	7	0	1	0	1	0	0	0
4102	664.77	12	37	0	1	1	0	0	0	0
24613	237.42	10	10	0	1	0	0	0	1	0
25918	1187.08	14	32	1	1	0	0	0	1	0
19751	284.9	7	35	0	0	0	0	1	0	0
11020	474.83	14	18	0	0	0	1	0	0	0
17827	783.48	14	39	0	1	0	0	1	0	0
6280	629.15	16	11	0	1	1	0	0	0	0
21001	213.99	12	1	0	1	0	0	1	0	1
19717	389.08	12	8	0	0	0	0	1	0	0
24532	284.59	13	13	1	1	0	0	0	1	0
11355	503.21	12	16	0	0	0	1	0	0	0
320	1187.08	7	33	0	1	1	0	0	0	0
12024	142.45	12	50	0	0	0	1	0	0	1
8670	949.67	16	25	0	1	0	1	0	0	0
12125	333.57	18	2	0	1	0	1	0	0	0
6100	251.4	12	6	0	0	1	0	0	0	0
21763	189.93	12	12	1	1	0	0	1	0	0
6629	493.83	14	17	0	1	0	1	0	0	0
22980	830.96	14	17	0	0	0	0	0	1	0
20838	959.88	16	5	0	1	0	0	1	0	0
9593	807.22	16	3	0	1	0	1	0	0	0
14629	759.73	12	13	0	0	0	0	1	0	0
13561	474.83	12	23	0	0	0	0	1	0	0
9652	1020.89	11	29	0	1	0	1	0	0	0
20475	498.58	16	2	0	1	0	0	1	0	0
18264	356.13	14	9	0	1	0	0	1	0	0
11986	61.73	17	-1	0	0	0	1	0	0	1
21935	160.18	6	20	0	1	0	0	1	0	0
18113	493.83	12	3	0	1	0	0	1	0	0
15231	1305.79	16	45	0	1	0	0	1	0	0
19527	830.96	13	32	0	1	0	0	1	0	0
21739	527.07	14	14	0	1	0	0	1	0	0
25608	220.8	10	11	0	1	0	0	0	1	0
14730	712.25	11	27	0	0	0	0	1	0	0
10660	955.79	15	22	0	1	0	1	0	0	0
20645	686.04	12	7	0	1	0	0	1	0	0
1458	688.51	12	20	0	1	1	0	0	0	0
24202	436.85	16	26	0	1	0	0	0	1	0
14588	664.77	10	9	0	0	0	0	1	0	0
23876	1780.63	18	5	0	1	0	0	0	1	0
19952	356.13	14	5	1	1	0	0	1	0	0
27292	664.77	16	6	0	1	0	0	0	1	0
26983	569.8	6	19	0	1	0	0	0	1	0
12194	391.74	16	11	0	1	0	1	0	0	0
14299	284.9	12	8	0	1	0	0	1	0	0
12484	71.23	13	28	0	0	0	1	0	0	0
17037	1139.6	18	11	0	1	0	0	1	0	0
21548	194.44	1	16	0	0	0	0	1	0	0
11594	522.32	12	25	0	1	0	1	0	0	0
16865	451.09	17	5	0	0	0	0	1	0	0
5724	293.4	12	5	0	1	1	0	0	0	0
27355	237.42	12	4	0	1	0	0	0	1	0
27405	617.28	12	12	0	1	0	0	0	1	0
17785	563.77	12	42	0	1	0	0	1	0	0
7767	522.32	15	5	0	1	0	1	0	0	0
19310	581.67	14	13	0	0	0	0	1	0	0
25267	546.06	9	28	0	0	0	0	0	1	0
11341	593.54	12	37	0	0	0	1	0	0	0
4120	522.32	11	45	1	1	1	0	0	0	0
22185	1234.57	18	15	0	0	0	0	0	1	0
7985	130.41	12	38	0	0	0	1	0	0	0
24268	1139.6	14	34	0	1	0	0	0	1	0
25557	284.9	12	27	1	1	0	0	0	1	0
10403	735.99	16	12	0	1	0	1	0	0	0
14931	356.13	12	12	0	0	0	0	1	0	0
22043	985.28	14	44	0	0	0	0	1	0	0
9195	790.36	12	30	0	0	0	1	0	0	0
16216	830.96	10	34	0	1	0	0	1	0	0
3794	356.13	15	9	0	1	1	0	0	0	0
19868	372.84	4	24	1	0	0	0	1	0	0
2525	403.61	12	10	0	1	1	0	0	0	0
25196	227.02	15	0	0	1	0	0	0	1	1
14153	108.02	13	0	1	1	0	0	1	0	1
7651	284.9	16	0	0	0	0	1	0	0	1
21436	356.13	0	54	0	1	0	0	1	0	0
16342	403.61	14	13	1	1	0	0	1	0	0
18093	911.68	14	10	0	1	0	0	1	0	0
26388	617.28	12	8	0	1	0	0	0	1	0
13844	1384.57	18	21	0	1	0	0	1	0	0
25053	593.54	14	19	0	0	0	0	0	1	0
1808	712.25	13	13	0	0	1	0	0	0	0
14170	460.39	16	12	0	1	0	0	1	0	0
24180	546.06	16	7	0	1	0	0	0	1	0
21971	688.51	16	6	0	1	0	0	1	0	0
27812	1187.08	15	18	0	0	0	0	0	1	0
22356	345.68	16	22	0	0	0	0	0	1	1
14630	123.46	11	49	0	0	0	0	1	0	1
11533	709.88	12	16	0	1	0	1	0	0	0
15958	382.19	12	15	0	0	0	0	1	0	0
16512	641.03	18	32	0	1	0	0	1	0	0
12904	256.41	12	25	0	0	0	1	0	0	0
11015	442.83	12	8	0	0	0	1	0	0	0
14726	213.68	2	51	0	0	0	0	1	0	0
7859	166.19	14	18	0	0	0	1	0	0	0
25389	237.42	6	28	0	1	0	0	0	1	0
10715	415.48	12	14	0	0	0	1	0	0	0
12428	415.48	12	22	0	0	0	1	0	0	0
3721	1092.12	16	5	0	1	1	0	0	0	0
3538	109.19	14	-1	0	1	1	0	0	0	1
10234	347.79	12	13	0	0	0	1	0	0	0
15116	403.61	16	15	0	1	0	0	1	0	0
6485	451.09	12	43	0	1	0	1	0	0	0
27447	712.25	11	31	0	1	0	0	0	1	0
8923	1377.02	18	13	0	1	0	1	0	0	0
7098	293.21	10	31	0	1	0	1	0	0	0
28026	427.35	13	39	0	1	0	0	0	1	0
25276	3283.95	10	10	0	1	0	0	0	1	1
20525	304.8	12	10	0	1	0	0	1	0	0
10735	451.09	11	14	0	1	0	1	0	0	0
10798	380.34	11	21	0	1	0	1	0	0	0
6253	2374.15	18	17	0	1	1	0	0	0	0
15387	7716.05	3	59	0	1	0	0	1	0	1
26916	830.96	12	29	0	1	0	0	0	1	0
23146	123.46	12	42	0	1	0	0	0	1	1
27914	1899.34	9	36	0	1	0	0	0	1	0
13319	833.74	13	35	0	1	0	0	1	0	0
25160	370.37	12	7	0	1	0	0	0	1	0
1045	74.51	14	-2	0	1	1	0	0	0	1
26246	830.96	7	26	0	1	0	0	0	1	0
26391	199.43	2	15	0	1	0	0	0	1	0
6230	324.38	12	10	0	1	1	0	0	0	0
14420	408.36	12	5	0	1	0	0	1	0	0
6031	810.47	12	13	0	1	1	0	0	0	0
15638	237.42	16	8	0	0	0	0	1	0	0
20370	733.88	12	31	0	0	0	0	1	0	0
19231	185.19	10	5	0	0	0	0	1	0	0
2264	237.42	12	13	0	1	1	0	0	0	0
10284	118.64	15	7	0	0	0	1	0	0	1
1664	308.64	14	9	0	1	1	0	0	0	0
28087	1899.34	15	21	0	1	0	0	0	1	0
10141	1056.51	18	18	0	1	0	1	0	0	0
13754	197.22	16	0	0	1	0	0	1	0	1
6461	261.16	16	4	0	1	0	1	0	0	1
4356	664.77	15	12	0	1	1	0	0	0	0
11139	73.6	14	13	0	1	0	1	0	0	1
12570	688.51	12	8	0	0	0	1	0	0	0
13176	284.9	9	19	0	1	0	1	0	0	0
26486	213.68	12	10	0	1	0	0	0	1	0
24432	593.54	14	27	0	0	0	0	0	1	0
2312	515.62	12	8	0	1	1	0	0	0	0
4558	474.83	12	6	0	1	1	0	0	0	0
1584	741.41	14	14	0	0	1	0	0	0	0
9228	712.25	10	20	0	1	0	1	0	0	0
7704	592.59	12	10	1	1	0	1	0	0	0
4008	427.35	12	12	0	0	1	0	0	0	0
19191	185.19	9	13	0	0	0	0	1	0	0
14915	712.25	13	26	0	1	0	0	1	0	0
24659	392.82	15	14	0	0	0	0	0	1	1
9071	182.72	12	2	0	0	0	1	0	0	0
20158	1333.33	13	27	0	1	0	0	1	0	0
21324	165.43	14	10	0	1	0	0	1	0	0
11635	308.64	9	8	0	1	0	1	0	0	0
23193	735.99	15	17	0	1	0	0	0	1	0
25543	830.96	12	39	0	1	0	0	0	1	0
8250	712.25	12	31	0	1	0	1	0	0	0
13250	106.84	12	1	0	0	0	1	0	0	1
20216	256.17	7	41	0	1	0	0	1	0	0
14371	997.15	15	33	0	1	0	0	1	0	0
7213	225.55	12	27	1	1	0	1	0	0	0
25731	1068.38	12	15	1	1	0	0	0	1	0
21911	691.36	13	4	0	0	0	0	1	0	0
21842	426.16	12	8	0	0	0	0	1	0	0
10477	664.77	11	32	1	1	0	1	0	0	0
14927	617.28	10	15	1	0	0	0	1	0	0
9428	767.08	16	22	0	1	0	1	0	0	0
8528	474.83	12	8	0	1	0	1	0	0	0
7392	712.25	15	15	1	1	0	1	0	0	0
7561	709.88	12	16	0	0	0	1	0	0	0
16494	356.05	12	22	1	0	0	0	1	0	0
11662	82.3	12	4	1	1	0	1	0	0	1
26601	237.42	16	7	0	1	0	0	0	1	0
10473	949.67	16	43	0	1	0	1	0	0	0
1620	493.83	14	0	0	0	1	0	0	0	0
2342	735.99	14	17	1	0	1	0	0	0	0
24303	973.41	12	28	0	1	0	0	0	1	0
27990	498.58	16	4	0	1	0	0	0	1	0
15201	308.64	7	48	0	1	0	0	1	0	0
15489	961.54	18	28	0	1	0	0	1	0	0
4471	462.96	12	13	0	1	1	0	0	0	0
6957	830.96	18	10	0	1	0	1	0	0	0
18888	1115.86	18	27	1	1	0	0	1	0	0
15542	393.4	7	48	0	0	0	0	1	0	0
7739	465.8	18	0	0	1	0	1	0	0	0
13279	261.16	16	6	0	1	0	1	0	0	0
20335	416.67	11	9	0	1	0	0	1	0	0
22094	892.92	12	45	0	1	0	0	0	1	0
2560	757.36	12	43	0	1	1	0	0	0	0
8140	118.71	15	4	0	1	0	1	0	0	1
17461	171.47	7	55	0	1	0	0	1	0	1
19835	213.27	12	25	1	0	0	0	1	0	0
5853	973.41	8	43	0	1	1	0	0	0	0
19433	453.51	12	12	0	0	0	0	1	0	0
13405	771.6	14	30	0	1	0	0	1	0	0
25082	1092.12	18	27	0	1	0	0	0	1	0
10760	661.38	12	2	0	0	0	1	0	0	0
4585	626.52	13	22	0	1	1	0	0	0	0
7768	1139.28	12	36	0	1	0	1	0	0	0
20662	432.1	13	9	0	1	0	0	1	0	0
24013	890.31	16	23	0	1	0	0	0	1	0
6067	284.9	16	5	0	1	1	0	0	0	0
13773	1424.5	18	19	0	1	0	0	1	0	0
20945	2374.15	18	12	0	1	0	0	1	0	0
5820	830.96	12	15	0	1	1	0	0	0	0
25842	569.8	12	26	0	1	0	0	0	1	0
2373	807.22	18	17	0	1	1	0	0	0	0
4874	356.13	15	4	0	1	1	0	0	0	0
1154	712.25	17	45	0	1	1	0	0	0	0
22597	296.77	8	32	0	0	0	0	0	1	0
1846	617.28	14	6	0	1	1	0	0	0	0
20396	361.34	16	8	0	0	0	0	1	0	0
14845	759.73	8	45	0	0	0	0	1	0	0
5176	1020.89	18	6	0	1	1	0	0	0	0
331	233.99	12	1	0	1	1	0	0	0	0
6805	973.41	14	26	0	1	0	1	0	0	0
9835	1139.6	18	9	0	1	0	1	0	0	0
7037	1471.98	18	27	0	1	0	1	0	0	0
12703	96.23	13	2	0	1	0	1	0	0	1
24807	2207.98	17	25	0	1	0	0	0	1	0
22131	712.25	15	16	0	0	0	0	0	1	0
21038	379.87	9	12	0	1	0	0	1	0	0
10362	617.28	15	40	0	1	0	1	0	0	0
9227	664.77	12	9	0	1	0	1	0	0	0
15155	290.49	10	4	0	1	0	0	1	0	1
6201	593.54	12	12	0	0	1	0	0	0	0
26912	1103.99	13	13	0	1	0	0	0	1	0
1389	933.71	17	8	0	1	1	0	0	0	0
3050	593.54	12	40	0	1	1	0	0	0	0
6436	303.7	12	42	0	1	1	0	0	0	1
10130	364.67	12	5	0	0	0	1	0	0	0
15836	215.06	12	22	0	0	0	0	1	0	0
25973	979.6	18	9	0	1	0	0	0	1	0
24064	878.44	16	15	0	0	0	0	0	1	0
1997	664.77	18	13	1	1	1	0	0	0	0
8462	949.67	12	7	0	1	0	1	0	0	0
5523	498.58	12	31	0	1	1	0	0	0	0
4810	949.67	12	28	0	1	1	0	0	0	0
22293	189.93	13	22	0	0	0	0	0	1	0
7884	783.48	14	26	0	1	0	1	0	0	0
16450	902.18	16	20	0	1	0	0	1	0	0
16272	486.7	12	21	0	1	0	0	1	0	0
18880	759.73	12	42	0	1	0	0	1	0	0
4576	899.81	12	12	0	1	1	0	0	0	0
12673	546.06	12	5	0	1	0	1	0	0	0
27088	1139.6	16	7	0	1	0	0	0	1	0
23246	96.3	12	7	0	1	0	0	0	1	0
23186	712.25	16	15	0	1	0	0	0	1	0
25818	1424.5	18	27	0	1	0	0	0	1	0
10117	731.24	12	19	0	0	0	1	0	0	0
767	366.26	13	22	0	1	1	0	0	0	0
21135	123.46	17	4	0	1	0	0	1	0	0
25815	1068.38	16	26	0	1	0	0	0	1	0
13853	1689.22	18	27	0	1	0	0	1	0	0
2503	997.15	10	43	0	1	1	0	0	0	0
1311	664.77	12	17	0	1	1	0	0	0	0
25704	296.77	10	5	0	1	0	0	0	1	0
24414	534.19	11	19	0	0	0	0	0	1	0
20749	902.18	16	7	0	1	0	0	1	0	0
13710	735.99	18	10	0	1	0	0	1	0	0
18781	115.74	12	34	0	0	0	0	1	0	1
11973	664.77	18	13	0	0	0	1	0	0	0
26259	712.25	12	37	0	1	0	0	0	1	0
2436	1187.08	16	8	0	1	1	0	0	0	0
21382	189.93	12	3	0	1	0	0	1	0	0
5386	783.48	15	8	0	1	1	0	0	0	0
4194	1271.96	12	29	0	1	1	0	0	0	0
2453	434.16	8	39	0	1	1	0	0	0	0
22044	227.92	12	11	1	0	0	0	1	0	0
27783	189.93	12	37	0	1	0	0	0	1	0
8461	474.83	12	39	0	1	0	1	0	0	0
24729	854.7	12	13	0	0	0	0	0	1	0
15136	332.38	12	4	0	1	0	0	1	0	0
28140	712.25	18	24	0	0	0	0	0	1	0
27416	308.64	12	4	0	1	0	0	0	1	0
2151	569.8	12	19	0	1	1	0	0	0	0
23359	261.16	12	13	0	1	0	0	0	1	0
7462	675.93	7	42	1	1	0	1	0	0	0
900	546.06	15	2	0	1	1	0	0	0	0
2341	320.99	12	6	0	0	1	0	0	0	0
19737	712.25	10	18	0	1	0	0	1	0	0
26025	522.32	12	44	0	1	0	0	0	1	0
27735	869.81	12	16	0	0	0	0	0	1	0
2141	623.77	12	46	0	1	1	0	0	0	0
20404	237.42	13	7	0	0	0	0	1	0	0
18508	605.53	4	55	0	1	0	0	1	0	0
6146	102.88	12	47	0	0	1	0	0	0	1
7681	800.74	14	11	0	0	0	1	0	0	0
13906	385.19	18	7	0	1	0	0	1	0	1
21209	735.99	16	3	0	1	0	0	1	0	0
8038	783.48	16	9	0	1	0	1	0	0	0
7202	688.51	12	16	0	1	0	1	0	0	0
19642	370.37	12	23	0	0	0	0	1	0	0
7200	370.37	12	7	1	1	0	1	0	0	0
7397	493.83	8	33	0	1	0	1	0	0	0
26258	259.26	7	17	0	1	0	0	0	1	0
12273	411.52	18	6	0	0	0	1	0	0	0
9921	161.12	8	52	0	1	0	1	0	0	1
7774	712.25	12	30	0	1	0	1	0	0	0
11160	432.31	12	12	0	1	0	1	0	0	0
15169	427.35	12	6	0	1	0	0	1	0	0
26979	902.18	14	12	0	1	0	0	0	1	0
2739	356.13	12	30	0	1	1	0	0	0	0
23168	261.16	12	8	0	1	0	0	0	1	0
27601	474.83	12	5	0	1	0	0	0	1	0
14238	664.77	18	6	0	1	0	0	1	0	0
9507	750.42	15	14	0	1	0	1	0	0	0
25869	1187.08	12	18	0	1	0	0	0	1	0
24301	569.8	13	9	0	1	0	0	0	1	0
15322	973.41	15	35	0	1	0	0	1	0	0
5186	1495.73	14	30	0	1	1	0	0	0	0
10788	819.09	16	8	0	1	0	1	0	0	0
25630	902.18	14	14	0	1	0	0	0	1	0
23400	118.71	15	11	0	1	0	0	0	1	1
5398	588.21	12	7	0	1	1	0	0	0	0
23739	231.48	12	32	0	0	0	0	0	1	0
21587	830.96	17	4	0	1	0	0	1	0	0
17911	515.19	16	22	0	1	0	0	1	0	0
18311	759.73	12	13	0	0	0	0	1	0	0
574	510.45	15	19	0	1	1	0	0	0	0
694	759.73	16	33	0	0	1	0	0	0	0
5444	54.01	12	0	0	1	1	0	0	0	1
23627	148.15	6	11	0	0	0	0	0	1	0
10738	102.88	12	0	0	1	0	1	0	0	1
26011	86.13	12	0	0	1	0	0	0	1	1
25476	498.58	14	9	1	1	0	0	0	1	0
16563	664.77	13	32	0	1	0	0	1	0	0
17498	679.01	13	20	0	1	0	0	1	0	0
15230	274.35	12	9	0	1	0	0	1	0	0
4878	1068.38	16	38	0	1	1	0	0	0	0
14623	459.94	11	16	0	0	0	0	1	0	0
16934	356.13	13	30	0	1	0	0	1	0	0
1136	1424.5	16	19	0	1	1	0	0	0	0
5437	949.67	18	27	0	1	1	0	0	0	0
16074	455.65	14	8	0	0	0	0	1	0	0
8235	85.66	13	0	1	1	0	1	0	0	1
4994	329.22	15	-1	0	1	1	0	0	0	0
3265	1329.53	15	10	0	1	1	0	0	0	0
7596	2374.15	18	30	0	0	0	1	0	0	0
7007	522.32	12	7	0	1	0	1	0	0	0
8467	949.67	11	43	0	1	0	1	0	0	0
8392	958.62	12	30	0	1	0	1	0	0	0
3558	66.48	12	52	0	1	1	0	0	0	1
16239	1266.22	16	6	0	1	0	0	1	0	0
10486	123.46	12	43	0	1	0	1	0	0	0
15378	759.73	11	20	0	1	0	0	1	0	0
17885	356.13	14	35	1	1	0	0	1	0	0
27881	854.7	12	23	0	1	0	0	0	1	0
20159	688.51	15	29	0	1	0	0	1	0	0
27692	53.83	12	1	1	1	0	0	0	1	0
9106	333.33	12	7	0	0	0	1	0	0	0
28073	1068.38	18	23	0	0	0	0	0	1	0
60	752.54	14	29	0	1	1	0	0	0	0
4789	1056.51	16	19	0	1	1	0	0	0	0
13387	522.32	14	14	0	1	0	0	1	0	0
15606	148.15	15	-1	0	1	0	0	1	0	0
14256	1132.48	18	4	0	1	0	0	1	0	0
12981	1210.83	16	21	0	1	0	1	0	0	0
16651	284.9	12	2	0	1	0	0	1	0	0
22810	142.45	13	0	0	0	0	0	0	1	0
8364	740.74	12	35	0	1	0	1	0	0	0
16726	324.89	8	38	1	0	0	0	1	0	0
9722	740.74	14	9	0	1	0	1	0	0	0
7785	252.06	11	1	0	1	0	1	0	0	0
16863	875.69	12	8	0	1	0	0	1	0	0
25107	119.9	14	5	0	1	0	0	0	1	1
19709	621.31	13	17	0	0	0	0	1	0	0
12324	91.62	12	5	0	0	0	1	0	0	0
13094	498.58	18	7	0	1	0	1	0	0	0
9978	783.48	12	33	0	1	0	1	0	0	0
1159	2057.61	16	27	0	1	1	0	0	0	0
7513	759.73	12	20	0	1	0	1	0	0	0
9812	274.35	18	1	0	1	0	1	0	0	0
4450	2374.15	18	19	0	1	1	0	0	0	0
11465	451.09	12	5	0	0	0	1	0	0	0
17925	740.74	12	12	0	1	0	0	1	0	0
19460	929.84	16	23	0	1	0	0	1	0	0
17107	347.22	12	10	0	1	0	0	1	0	0
4434	498.58	12	20	1	1	1	0	0	0	0
24038	352.73	10	24	0	1	0	0	0	1	0
20519	1448.24	16	7	0	1	0	0	1	0	0
8414	451.09	16	32	0	1	0	1	0	0	0
5557	525.43	10	43	0	1	1	0	0	0	0
20308	213.68	12	11	0	1	0	0	1	0	0
8440	64.98	12	1	0	1	0	1	0	0	1
3657	689.96	12	28	0	1	1	0	0	0	0
23368	498.58	15	10	0	1	0	0	0	1	0
21611	189.93	2	12	0	1	0	0	1	0	0
8206	58.1	14	5	0	1	0	1	0	0	1
15859	474.83	12	9	0	1	0	0	1	0	0
17823	249.85	12	3	0	1	0	0	1	0	0
25377	253.24	12	1	0	0	0	0	0	1	1
13585	976.97	17	13	0	0	0	0	1	0	0
4728	51.44	16	-1	0	1	1	0	0	0	1
21943	949.67	12	13	0	1	0	0	1	0	0
10862	818.11	12	11	0	1	0	1	0	0	0
14237	157.02	14	-1	1	1	0	0	1	0	1
25532	712.25	16	6	1	1	0	0	0	1	0
8839	420.88	13	28	0	0	0	1	0	0	0
6389	528.37	11	43	0	1	1	0	0	0	0
6600	320.99	12	1	0	1	0	1	0	0	0
11135	92.59	12	2	0	0	0	1	0	0	0
9143	125.85	8	18	0	0	0	1	0	0	0
12585	451.09	16	14	0	0	0	1	0	0	0
18558	284.9	16	2	0	1	0	0	1	0	0
969	2374.15	18	16	0	1	1	0	0	0	0
4708	205.76	12	3	0	1	1	0	0	0	0
25553	284.9	10	10	0	1	0	0	0	1	0
16444	530.06	12	45	0	1	0	0	1	0	1
16616	370.37	12	16	0	1	0	0	1	0	0
27521	1975.31	18	29	0	1	0	0	0	1	0
23105	1899.34	18	17	0	1	0	0	0	1	0
20555	1020.89	14	10	0	1	0	0	1	0	0
8321	830.96	16	20	0	1	0	1	0	0	0
12740	474.83	16	7	0	1	0	1	0	0	0
3385	765.43	12	40	0	1	1	0	0	0	0
26329	370.37	16	5	0	1	0	0	0	1	0
7105	590.08	12	6	0	1	0	1	0	0	0
6895	1068.38	18	24	0	1	0	1	0	0	0
23825	565.84	18	35	0	1	0	0	0	1	1
6073	94.97	12	7	0	1	1	0	0	0	0
6855	807.22	12	22	0	1	0	1	0	0	0
9099	379.87	12	10	0	0	0	1	0	0	0
27883	2292.77	13	-1	0	1	0	0	0	1	0
25598	237.42	12	3	0	1	0	0	0	1	0
11361	971.89	12	18	0	1	0	1	0	0	0
10626	878.44	18	20	0	1	0	1	0	0	0
20621	790.12	14	12	0	1	0	0	1	0	0
24126	154.32	12	45	0	1	0	0	0	1	0
18732	231.48	12	26	0	0	0	0	1	0	0
10042	498.58	15	6	0	1	0	1	0	0	0
22182	412.77	9	11	0	1	0	0	0	1	0
144	617.28	12	20	0	0	1	0	0	0	0
15040	763.3	18	13	0	1	0	0	1	0	0
979	830.96	16	13	0	1	1	0	0	0	0
20217	783.48	16	13	0	1	0	0	1	0	0
5668	720.61	16	19	0	1	1	0	0	0	0
8097	222.22	2	35	0	1	0	1	0	0	0
15823	1424.5	16	35	0	0	0	0	1	0	0
6759	688.51	12	24	0	1	0	1	0	0	0
18376	641.03	12	7	0	1	0	0	1	0	0
17630	592.59	11	10	0	1	0	0	1	0	0
12830	527.07	18	11	0	0	0	1	0	0	0
17938	1377.02	16	24	0	1	0	0	1	0	0
20113	282.47	10	4	0	0	0	0	1	0	0
11624	427.35	12	3	0	1	0	1	0	0	1
198	189.93	12	16	0	0	1	0	0	0	0
14970	759.73	12	13	0	1	0	0	1	0	0
798	498.58	12	16	0	0	1	0	0	0	0
6083	410.73	11	12	0	1	1	0	0	0	0
6995	284.9	12	8	0	1	0	1	0	0	0
26839	899.02	12	10	0	1	0	0	0	1	0
7180	546.06	12	17	0	1	0	1	0	0	0
2799	783.48	14	19	0	1	1	0	0	0	0
18268	688.51	13	19	0	1	0	0	1	0	0
8408	405.64	13	11	0	1	0	1	0	0	0
25047	593.54	0	56	0	1	0	0	0	1	0
9563	902.18	12	30	0	1	0	1	0	0	0
6783	1519.47	16	10	0	1	0	1	0	0	0
6440	123.46	12	45	0	1	1	0	0	0	1
5808	759.73	12	37	0	1	1	0	0	0	0
691	379.87	16	13	0	0	1	0	0	0	0
24057	166.19	14	47	0	0	0	0	0	1	0
20036	830.96	18	31	0	1	0	0	1	0	0
21618	246.91	6	9	0	1	0	0	1	0	1
14484	411.52	14	39	0	1	0	0	1	0	0
4003	759.73	14	22	0	1	1	0	0	0	0
11924	396.79	12	22	0	0	0	1	0	0	0
20469	166.19	16	2	0	1	0	0	1	0	0
20933	406.33	14	11	1	1	0	0	1	0	0
15884	379.87	11	12	0	0	0	0	1	0	0
881	997.15	18	19	0	1	1	0	0	0	0
12749	207.74	10	3	0	0	0	1	0	0	0
6056	130.58	14	2	0	1	1	0	0	0	1
11703	1092.32	12	17	0	1	0	1	0	0	0
22442	365.62	12	12	0	0	0	0	0	1	0
26119	1187.08	16	12	0	1	0	0	0	1	0
13968	1187.08	18	17	0	0	0	0	1	0	0
5228	451.09	10	34	0	1	1	0	0	0	0
3270	546.06	14	3	0	1	1	0	0	0	0
5286	973.41	14	27	0	1	1	0	0	0	0
16626	415.48	11	31	0	1	0	0	1	0	0
23631	382.98	12	27	0	1	0	0	0	1	0
19078	451.09	12	18	0	0	0	0	1	0	0
25406	183.6	15	5	0	1	0	0	0	1	0
8497	379.87	13	31	0	1	0	1	0	0	0
28050	1377.02	16	32	0	1	0	0	0	1	0
11972	77.16	12	28	0	0	0	1	0	0	0
27070	680.27	12	16	0	1	0	0	0	1	0
15053	2374.15	16	22	0	1	0	0	1	0	0
19203	189.93	5	24	1	0	0	0	1	0	0
17905	284.9	10	28	0	0	0	0	1	0	0
7460	129.18	12	13	0	0	0	1	0	0	0
428	759.73	14	29	0	1	1	0	0	0	0
520	517.19	12	26	0	1	1	0	0	0	0
22986	781.1	16	11	0	0	0	0	0	1	0
17882	2393.55	7	19	0	1	0	0	1	0	1
4875	2374.15	12	26	0	1	1	0	0	0	0
16781	261.16	12	25	1	0	0	0	1	0	0
3063	830.96	12	40	0	1	1	0	0	0	0
16534	308.64	10	45	0	0	0	0	1	0	0
12408	178.6	16	0	0	0	0	1	0	0	1
20401	281.48	13	15	0	0	0	0	1	0	0
14601	641.03	16	4	0	1	0	0	1	0	0
7993	158.72	9	8	0	1	0	1	0	0	0
956	712.25	18	16	0	1	1	0	0	0	0
3889	296.3	18	19	0	1	1	0	0	0	0
22759	728.87	18	21	0	1	0	0	0	1	0
8999	132.1	11	14	1	1	0	1	0	0	0
1307	701.23	14	37	0	1	1	0	0	0	0
13591	222.22	9	24	0	0	0	0	1	0	0
7228	78.35	12	3	0	1	0	1	0	0	1
11663	332.38	10	9	0	1	0	1	0	0	0
1478	569.8	11	18	0	0	1	0	0	0	0
9668	130.58	17	-1	0	1	0	1	0	0	1
16375	891.47	12	47	0	1	0	0	1	0	0
5763	735.99	12	15	0	1	1	0	0	0	0
6188	427.35	8	48	0	1	1	0	0	0	0
21096	245.63	12	10	0	1	0	0	1	0	0
606	90.22	12	43	0	0	1	0	0	0	0
15222	546.06	12	39	0	1	0	0	1	0	0
20536	356.13	12	11	0	1	0	0	1	0	0
6113	385.09	13	13	0	1	1	0	0	0	0
23938	474.83	12	17	0	1	0	0	0	1	0
9690	1780.63	16	38	0	1	0	1	0	0	0
16173	118.71	13	10	1	1	0	0	1	0	0
12323	580.97	12	43	0	0	0	1	0	0	0
13197	494.78	18	38	0	0	0	1	0	0	0
20826	961.54	16	30	0	1	0	0	1	0	0
1011	688.51	10	16	0	1	1	0	0	0	0
1400	807.22	16	15	0	0	1	0	0	0	0
19615	712.25	7	38	0	1	0	0	1	0	0
15406	332.38	15	10	1	1	0	0	1	0	0
10918	468.09	16	18	0	1	0	1	0	0	0
24255	584	16	15	0	1	0	0	0	1	0
3639	427.35	13	4	0	1	1	0	0	0	0
5906	185.19	18	25	0	1	1	0	0	0	0
14914	712.25	12	10	0	1	0	0	1	0	0
