0.0000000 0.0000000 11.8939111 
-0.0000006 -0.0011434 -14.1807367 
-0.0000018 -0.0013418 13.7838816 
-0.0000034 -0.0017341 -14.5684475 
-0.0000052 -0.0019779 14.0808529 
-0.0000073 -0.0021943 -14.5136855 
-0.0000096 -0.0024388 14.0247041 
-0.0000121 -0.0025820 -14.3111458 
-0.0000148 -0.0028167 13.8419029 
-0.0000177 -0.0029204 -14.0493200 
-0.0000207 -0.0031447 13.6006926 
-0.0000239 -0.0032222 -13.7556434 
-0.0000272 -0.0034378 13.3244689 
-0.0000307 -0.0034969 -13.4427303 
-0.0000343 -0.0037114 13.0136375 
-0.0000380 -0.0037679 -13.1265185 
-0.0000419 -0.0039848 12.6927142 
-0.0000459 -0.0040016 -12.7263845 
-0.0000500 -0.0041229 12.4838811 
-0.0000540 -0.0040169 -12.2718919 
-0.0000581 -0.0041233 12.0590809 
-0.0000623 -0.0042097 -12.2319887 
-0.0000667 -0.0046418 11.3677415 
-0.0000715 -0.0049442 -11.9723547 
-0.0000766 -0.0053289 11.2028037 
-0.0000820 -0.0054129 -11.3707874 
-0.0000875 -0.0055824 11.0319261 
-0.0000931 -0.0055008 -10.8688997 
-0.0000986 -0.0055091 10.8523582 
-0.0001040 -0.0052910 -10.4161247 
-0.0001092 -0.0052214 10.5552960 
-0.0001143 -0.0049740 -10.0604422 
-0.0001192 -0.0048907 10.2270653 
-0.0001240 -0.0046582 -9.7622114 
-0.0001287 -0.0046128 9.8531824 
-0.0001332 -0.0044392 -9.5060219 
-0.0001376 -0.0044710 9.4424663 
-0.0001421 -0.0043972 -9.2950357 
-0.0001465 -0.0045102 9.0691658 
-0.0001510 -0.0044708 -8.9903344 
-0.0001555 -0.0045559 8.8200608 
-0.0001600 -0.0044748 -8.6578615 
-0.0001646 -0.0045696 8.4682535 
-0.0001691 -0.0046042 -8.5373540 
-0.0001739 -0.0048831 7.9795028 
-0.0001789 -0.0050997 -8.4127725 
-0.0001842 -0.0054862 7.6397863 
-0.0001898 -0.0057302 -8.1277533 
-0.0001957 -0.0060756 7.4369969 
-0.0002018 -0.0062404 -7.7665779 
-0.0002082 -0.0064780 7.2912466 
-0.0002147 -0.0065372 -7.4095213 
-0.0002213 -0.0066847 7.1144865 
-0.0002280 -0.0066867 -7.1184560 
-0.0002348 -0.0068014 6.8890105 
-0.0002416 -0.0068015 -6.8892967 
-0.0002484 -0.0069394 6.6134844 
-0.0002554 -0.0069981 -6.7308853 
-0.0002625 -0.0072208 6.2856099 
-0.0002698 -0.0073853 -6.6147629 
-0.0002773 -0.0077005 5.9844434 
-0.0002852 -0.0079212 -6.4258550 
-0.0002932 -0.0082363 5.7957468 
-0.0003016 -0.0084247 -6.1725860 
-0.0003101 -0.0087040 5.6140010 
-0.0003189 -0.0088905 -5.9870150 
-0.0003280 -0.0092008 5.3664121 
-0.0003373 -0.0094400 -5.8448927 
-0.0003469 -0.0097912 5.1426192 
-0.0003568 -0.0100444 -5.6491454 
-0.0003670 -0.0103649 5.0081249 
-0.0003775 -0.0105476 -5.3735376 
-0.0003881 -0.0107585 4.9519111 
-0.0003989 -0.0108125 -5.0600447 
-0.0004098 -0.0108856 4.9138068 
-0.0004206 -0.0108122 -4.7668831 
-0.0004314 -0.0107711 4.8491177 
-0.0004421 -0.0106097 -4.5264658 
-0.0004527 -0.0105090 4.7279249 
-0.0004631 -0.0103290 -4.3679873 
-0.0004734 -0.0102470 4.5320367 
-0.0004836 -0.0101203 -4.2786194 
-0.0004937 -0.0101014 4.3165184 
-0.0005037 -0.0100290 -4.1718368 
-0.0005138 -0.0100334 4.1630712 
-0.0005238 -0.0099562 -4.0085747 
-0.0005337 -0.0099339 4.0529978 
-0.0005436 -0.0098305 -3.8461472 
-0.0005534 -0.0097909 3.9254689 
-0.0005631 -0.0096877 -3.7190964 
-0.0005728 -0.0096567 3.7809442 
-0.0005824 -0.0095658 -3.5991291 
-0.0005920 -0.0095357 3.6594839 
-0.0006015 -0.0094306 -3.4494479 
-0.0006109 -0.0093644 3.5820289 
-0.0006201 -0.0092081 -3.2696140 
-0.0006293 -0.0090776 3.5307929 
-0.0006382 -0.0088557 -3.0870770 
-0.0006470 -0.0086618 3.4748143 
-0.0006555 -0.0083915 -2.9342016 
-0.0006638 -0.0081695 3.3782659 
-0.0006719 -0.0079044 -2.8480402 
-0.0006797 -0.0077227 3.2114611 
-0.0006873 -0.0075350 -2.8361805 
-0.0006948 -0.0074537 2.9988435 
-0.0007022 -0.0073762 -2.8439329 
-0.0007096 -0.0073942 2.8080644 
-0.0007170 -0.0073968 -2.8133682 
-0.0007244 -0.0074688 2.6694469 
-0.0007319 -0.0075066 -2.7450602 
-0.0007395 -0.0075991 2.5600310 
-0.0007471 -0.0076536 -2.6689626 
-0.0007548 -0.0077601 2.4558511 
-0.0007626 -0.0078297 -2.5950832 
-0.0007705 -0.0079468 2.3608942 
-0.0007785 -0.0080214 -2.5100559 
-0.0007865 -0.0081314 2.2900547 
-0.0007947 -0.0081880 -2.4031867 
-0.0008029 -0.0082662 2.2466653 
-0.0008112 -0.0082819 -2.2779530 
-0.0008195 -0.0083105 2.2206527 
-0.0008278 -0.0082759 -2.1512763 
-0.0008361 -0.0082581 2.1867693 
-0.0008443 -0.0081922 -2.0549326 
-0.0008525 -0.0081634 2.1125962 
-0.0008606 -0.0081127 -2.0113661 
-0.0008687 -0.0081209 1.9951199 
-0.0008768 -0.0081232 -1.9997877 
-0.0008850 -0.0081861 1.8740092 
-0.0008932 -0.0082355 -1.9727498 
-0.0009015 -0.0083264 1.7908411 
-0.0009098 -0.0083830 -1.9040895 
-0.0009183 -0.0084588 1.7525649 
-0.0009267 -0.0084840 -1.8029133 
-0.0009352 -0.0085152 1.7404763 
-0.0009437 -0.0084898 -1.6896954 
-0.0009522 -0.0084659 1.7375927 
-0.0009606 -0.0083847 -1.5752521 
-0.0009690 -0.0083030 1.7385733 
-0.0009772 -0.0081642 -1.4608788 
-0.0009853 -0.0080226 1.7441252 
-0.0009932 -0.0078230 -1.3451089 
-0.0010009 -0.0076184 1.7543270 
-0.0010084 -0.0073571 -1.2316215 
-0.0010157 -0.0070935 1.7587643 
-0.0010226 -0.0067833 -1.1383359 
-0.0010292 -0.0064854 1.7340718 
-0.0010356 -0.0061624 -1.0879799 
-0.0010416 -0.0058737 1.6654026 
-0.0010473 -0.0055816 -1.0812128 
-0.0010528 -0.0053382 1.5680049 
-0.0010580 -0.0050990 -1.0896950 
-0.0010630 -0.0049058 1.4762191 
-0.0010678 -0.0047081 -1.0809752 
-0.0010724 -0.0045418 1.4137036 
-0.0010769 -0.0043566 -1.0434474 
-0.0010811 -0.0041884 1.3798940 
-0.0010852 -0.0039919 -0.9868475 
-0.0010891 -0.0038055 1.3596591 
-0.0010928 -0.0035895 -0.9276754 
-0.0010963 -0.0033844 1.3378848 
-0.0010996 -0.0031542 -0.8774686 
-0.0011026 -0.0029391 1.3075741 
-0.0011054 -0.0027045 -0.8382599 
-0.0011080 -0.0024884 1.2704911 
-0.0011104 -0.0022564 -0.8066199 
-0.0011126 -0.0020455 1.2284225 
-0.0011145 -0.0018238 -0.7849748 
-0.0011162 -0.0016295 1.1735826 
-0.0011178 -0.0014351 -0.7846948 
-0.0011191 -0.0012800 1.0947250 
-0.0011203 -0.0011387 -0.8119768 
-0.0011214 -0.0010475 0.9943508 
-0.0011224 -0.0009773 -0.8540904 
-0.0011234 -0.0009576 0.8936804 
-0.0011244 -0.0009533 -0.8851496 
-0.0011253 -0.0009868 0.8180699 
-0.0011263 -0.0010202 -0.8848046 
-0.0011274 -0.0010728 0.7796321 
-0.0011285 -0.0011080 -0.8501467 
-0.0011296 -0.0011468 0.7726212 
-0.0011307 -0.0011572 -0.7934694 
-0.0011319 -0.0011636 0.7807621 
-0.0011331 -0.0011392 -0.7319233 
-0.0011342 -0.0011108 0.7887304 
-0.0011353 -0.0010547 -0.6766732 
-0.0011363 -0.0009978 0.7904600 
-0.0011372 -0.0009171 -0.6289855 
-0.0011381 -0.0008378 0.7875511 
-0.0011389 -0.0007375 -0.5868387 
-0.0011396 -0.0006409 0.7800220 
-0.0011402 -0.0005275 -0.5531916 
-0.0011407 -0.0004228 0.7624466 
-0.0011410 -0.0003085 -0.5337072 
-0.0011413 -0.0002095 0.7316138 
-0.0011414 -0.0001070 -0.5266445 
-0.0011415 -0.0000227 0.6951992 
-0.0011415 0.0000654 -0.5189115 
-0.0011414 0.0001407 0.6694725 
-0.0011412 0.0002284 -0.4939818 
-0.0011409 0.0003154 0.6680159 
-0.0011406 0.0004276 -0.4436179 
-0.0011401 0.0005519 0.6921744 
-0.0011394 0.0007113 -0.3735149 
-0.0011386 0.0008895 0.7300675 
-0.0011376 0.0011047 -0.2997021 
-0.0011364 0.0013369 0.7640456 
-0.0011349 0.0015996 -0.2385738 
-0.0011332 0.0018710 0.7812462 
-0.0011312 0.0021626 -0.1980027 
-0.0011289 0.0024530 0.7787822 
-0.0011263 0.0027539 -0.1769459 
-0.0011234 0.0030453 0.7596845 
-0.0011202 0.0033390 -0.1721826 
-0.0011167 0.0036160 0.7260760 
-0.0011130 0.0038876 -0.1827822 
-0.0011090 0.0041354 0.6784517 
-0.0011047 0.0043711 -0.2072041 
-0.0011002 0.0045778 0.6207072 
-0.0010956 0.0047690 -0.2383341 
-0.0010907 0.0049313 0.5629920 
-0.0010857 0.0050808 -0.2639628 
-0.0010806 0.0052078 0.5177822 
-0.0010753 0.0053300 -0.2733030 
-0.0010699 0.0054395 0.4922288 
-0.0010644 0.0055535 -0.2641392 
-0.0010588 0.0056629 0.4829999 
-0.0010531 0.0057820 -0.2448743 
-0.0010472 0.0058985 0.4779207 
-0.0010413 0.0060228 -0.2293291 
-0.0010352 0.0061401 0.4638200 
-0.0010290 0.0062580 -0.2278570 
-0.0010227 0.0063614 0.4344960 
-0.0010163 0.0064576 -0.2420688 
-0.0010098 0.0065327 0.3922707 
-0.0010032 0.0065953 -0.2669515 
-0.0009966 0.0066335 0.3432874 
-0.0009900 0.0066569 -0.2964277 
-0.0009833 0.0066551 0.2928446 
-0.0009766 0.0066386 -0.3259335 
-0.0009700 0.0065982 0.2452152 
-0.0009635 0.0065455 -0.3507597 
-0.0009569 0.0064731 0.2060316 
-0.0009505 0.0063940 -0.3641759 
-0.0009442 0.0063033 0.1826860 
-0.0009379 0.0062151 -0.3589604 
-0.0009317 0.0061262 0.1809899 
-0.0009256 0.0060507 -0.3319292 
-0.0009196 0.0059849 0.2004343 
-0.0009137 0.0059413 -0.2877498 
-0.0009077 0.0059136 0.2323558 
-0.0009018 0.0059107 -0.2380871 
-0.0008959 0.0059235 0.2636139 
-0.0008900 0.0059575 -0.1956542 
-0.0008840 0.0060015 0.2836468 
-0.0008780 0.0060595 -0.1675465 
-0.0008719 0.0061204 0.2893354 
-0.0008657 0.0061885 -0.1531033 
-0.0008595 0.0062541 0.2842328 
-0.0008532 0.0063227 -0.1470196 
-0.0008469 0.0063863 0.2741985 
-0.0008404 0.0064515 -0.1437289 
-0.0008340 0.0065117 0.2640131 
-0.0008274 0.0065740 -0.1392536 
-0.0008208 0.0066329 0.2570539 
-0.0008141 0.0066962 -0.1304584 
-0.0008074 0.0067592 0.2564094 
-0.0008006 0.0068303 -0.1142919 
-0.0007938 0.0069055 0.2647386 
-0.0007868 0.0069933 -0.0890487 
-0.0007798 0.0070898 0.2820458 
-0.0007726 0.0072023 -0.0570407 
-0.0007653 0.0073255 0.3033295 
-0.0007580 0.0074642 -0.0258089 
-0.0007504 0.0076109 0.3191400 
-0.0007427 0.0077677 -0.0055648 
-0.0007349 0.0079248 0.3198584 
-0.0007269 0.0080828 -0.0039536 
-0.0007187 0.0082312 0.3008366 
-0.0007104 0.0083706 -0.0220693 
-0.0007020 0.0084918 0.2644496 
-0.0006934 0.0085967 -0.0546343 
-0.0006848 0.0086784 0.2179124 
-0.0006761 0.0087405 -0.0935352 
-0.0006673 0.0087784 0.1692535 
-0.0006585 0.0087973 -0.1315070 
-0.0006498 0.0087938 0.1245813 
-0.0006410 0.0087743 -0.1636435 
-0.0006322 0.0087363 0.0877197 
-0.0006235 0.0086867 -0.1869696 
-0.0006148 0.0086237 0.0609255 
-0.0006063 0.0085542 -0.1999329 
-0.0005977 0.0084766 0.0448393 
-0.0005893 0.0083975 -0.2030999 
-0.0005810 0.0083146 0.0373477 
-0.0005727 0.0082331 -0.2002898 
-0.0005645 0.0081495 0.0330071 
-0.0005564 0.0080670 -0.1981079 
-0.0005484 0.0079803 0.0247958 
-0.0005404 0.0078912 -0.2030130 
-0.0005326 0.0077936 0.0077771 
-0.0005248 0.0076887 -0.2176150 
-0.0005172 0.0075709 -0.0179127 
-0.0005097 0.0074424 -0.2390143 
-0.0005023 0.0072994 -0.0470492 
-0.0004951 0.0071457 -0.2603940 
-0.0004880 0.0069794 -0.0721533 
-0.0004811 0.0068061 -0.2745049 
-0.0004744 0.0066253 -0.0869689 
-0.0004679 0.0064436 -0.2765596 
-0.0004615 0.0062611 -0.0883943 
-0.0004554 0.0060844 -0.2650812 
-0.0004494 0.0059136 -0.0763829 
-0.0004435 0.0057548 -0.2411799 
-0.0004379 0.0056078 -0.0530020 
-0.0004323 0.0054774 -0.2077570 
-0.0004269 0.0053625 -0.0219929 
-0.0004216 0.0052668 -0.1694218 
-0.0004164 0.0051877 0.0111561 
-0.0004112 0.0051270 -0.1323947 
-0.0004061 0.0050807 0.0398064 
-0.0004010 0.0050490 -0.1032014 
-0.0003960 0.0050265 0.0581831 
-0.0003910 0.0050125 -0.0861871 
-0.0003860 0.0050014 0.0639112 
-0.0003810 0.0049926 -0.0814291 
-0.0003760 0.0049815 0.0592047 
-0.0003710 0.0049688 -0.0847310 
-0.0003660 0.0049512 0.0496408 
-0.0003611 0.0049311 -0.0898828 
-0.0003562 0.0049068 0.0412590 
-0.0003513 0.0048816 -0.0917030 
-0.0003464 0.0048546 0.0378720 
-0.0003416 0.0048296 -0.0879891 
-0.0003368 0.0048056 0.0400571 
-0.0003320 0.0047859 -0.0795918 
-0.0003272 0.0047690 0.0458249 
-0.0003224 0.0047572 -0.0693098 
-0.0003177 0.0047485 0.0518324 
-0.0003129 0.0047440 -0.0608254 
-0.0003082 0.0047407 0.0541788 
-0.0003034 0.0047387 -0.0581424 
-0.0002987 0.0047341 0.0488879 
-0.0002940 0.0047260 -0.0649850 
-0.0002893 0.0047099 0.0327887 
-0.0002846 0.0046845 -0.0835863 
-0.0002799 0.0046452 0.0049627 
-0.0002753 0.0045911 -0.1132317 
-0.0002707 0.0045184 -0.0320943 
-0.0002663 0.0044275 -0.1496944 
-0.0002619 0.0043163 -0.0727219 
-0.0002576 0.0041868 -0.1863695 
-0.0002535 0.0040386 -0.1100122 
-0.0002496 0.0038752 -0.2167151 
-0.0002458 0.0036976 -0.1384096 
-0.0002422 0.0035101 -0.2366162 
-0.0002388 0.0033141 -0.1554969 
-0.0002355 0.0031136 -0.2453739 
-0.0002325 0.0029099 -0.1621322 
-0.0002297 0.0027063 -0.2450935 
-0.0002271 0.0025031 -0.1613091 
-0.0002247 0.0023028 -0.2392936 
-0.0002225 0.0021047 -0.1567734 
-0.0002205 0.0019105 -0.2317074 
-0.0002187 0.0017186 -0.1520763 
-0.0002171 0.0015298 -0.2255525 
-0.0002156 0.0013420 -0.1499596 
-0.0002144 0.0011556 -0.2229204 
-0.0002133 0.0009683 -0.1516803 
-0.0002124 0.0007804 -0.2240441 
-0.0002118 0.0005902 -0.1563178 
-0.0002113 0.0003987 -0.2268063 
-0.0002110 0.0002050 -0.1606613 
-0.0002109 0.0000110 -0.2271503 
-0.0002109 -0.0001826 -0.1602072 
-0.0002112 -0.0003730 -0.2206124 
-0.0002117 -0.0005589 -0.1510578 
-0.0002123 -0.0007366 -0.2043299 
-0.0002132 -0.0009046 -0.1317439 
-0.0002141 -0.0010597 -0.1784055 
-0.0002153 -0.0012009 -0.1039364 
-0.0002165 -0.0013258 -0.1458889 
-0.0002179 -0.0014346 -0.0717492 
-0.0002194 -0.0015262 -0.1115614 
-0.0002210 -0.0016021 -0.0402309 
-0.0002226 -0.0016624 -0.0803706 
-0.0002243 -0.0017096 -0.0139386 
-0.0002260 -0.0017447 -0.0562640 
-0.0002278 -0.0017709 0.0039325 
-0.0002295 -0.0017897 -0.0415823 
-0.0002313 -0.0018045 0.0119639 
-0.0002331 -0.0018169 -0.0367637 
-0.0002350 -0.0018299 0.0107274 
-0.0002368 -0.0018447 -0.0402256 
-0.0002387 -0.0018634 0.0027507 
-0.0002405 -0.0018863 -0.0486363 
-0.0002424 -0.0019147 -0.0080714 
-0.0002444 -0.0019477 -0.0578586 
-0.0002463 -0.0019855 -0.0177456 
-0.0002483 -0.0020266 -0.0644361 
-0.0002504 -0.0020706 -0.0237105 
-0.0002525 -0.0021160 -0.0669599 
-0.0002546 -0.0021624 -0.0258377 
-0.0002568 -0.0022086 -0.0665489 
-0.0002590 -0.0022550 -0.0263188 
-0.0002613 -0.0023012 -0.0661700 
-0.0002636 -0.0023486 -0.0285340 
-0.0002660 -0.0023975 -0.0692332 
-0.0002684 -0.0024499 -0.0355783 
-0.0002709 -0.0025068 -0.0782363 
-0.0002735 -0.0025705 -0.0491614 
-0.0002761 -0.0026421 -0.0939913 
-0.0002787 -0.0027236 -0.0691675 
-0.0002815 -0.0028160 -0.1154748 
-0.0002844 -0.0029206 -0.0937289 
-0.0002874 -0.0030375 -0.1400609 
-0.0002905 -0.0031673 -0.1195790 
-0.0002937 -0.0033091 -0.1639864 
-0.0002971 -0.0034624 -0.1426456 
-0.0003006 -0.0036252 -0.1830970 
-0.0003043 -0.0037963 -0.1589628 
-0.0003082 -0.0039727 -0.1939030 
-0.0003123 -0.0041526 -0.1658026 
-0.0003165 -0.0043328 -0.1946766 
-0.0003210 -0.0045114 -0.1626014 
-0.0003256 -0.0046858 -0.1860696 
-0.0003303 -0.0048544 -0.1511594 
-0.0003353 -0.0050154 -0.1708424 
-0.0003403 -0.0051683 -0.1349171 
-0.0003456 -0.0053121 -0.1527728 
-0.0003510 -0.0054473 -0.1176376 
-0.0003565 -0.0055738 -0.1352827 
-0.0003621 -0.0056925 -0.1021421 
-0.0003679 -0.0058038 -0.1204148 
-0.0003737 -0.0059088 -0.0896120 
-0.0003797 -0.0060078 -0.1084861 
-0.0003857 -0.0061019 -0.0795675 
-0.0003919 -0.0061908 -0.0983322 
-0.0003981 -0.0062751 -0.0703053 
-0.0004044 -0.0063542 -0.0878711 
-0.0004108 -0.0064279 -0.0595395 
-0.0004173 -0.0064951 -0.0747939 
-0.0004238 -0.0065550 -0.0451312 
-0.0004304 -0.0066063 -0.0573255 
-0.0004370 -0.0066479 -0.0258600 
-0.0004437 -0.0066783 -0.0349665 
-0.0004504 -0.0066968 -0.0020741 
-0.0004571 -0.0067023 -0.0089717 
-0.0004638 -0.0066948 0.0240859 
-0.0004704 -0.0066739 0.0177467 
-0.0004771 -0.0066404 0.0491334 
-0.0004837 -0.0065951 0.0413955 
-0.0004903 -0.0065398 0.0692730 
-0.0004968 -0.0064759 0.0584885 
-0.0005032 -0.0064059 0.0816044 
-0.0005096 -0.0063316 0.0669282 
-0.0005159 -0.0062557 0.0849650 
-0.0005221 -0.0061799 0.0665321 
-0.0005283 -0.0061066 0.0801106 
-0.0005343 -0.0060371 0.0588843 
-0.0005403 -0.0059730 0.0692910 
-0.0005463 -0.0059150 0.0467109 
-0.0005522 -0.0058639 0.0555057 
-0.0005580 -0.0058196 0.0330858 
-0.0005638 -0.0057822 0.0417123 
-0.0005696 -0.0057510 0.0206777 
-0.0005753 -0.0057256 0.0301350 
-0.0005810 -0.0057050 0.0111373 
-0.0005867 -0.0056885 0.0217531 
-0.0005924 -0.0056753 0.0047190 
-0.0005981 -0.0056649 0.0160931 
-0.0006037 -0.0056567 0.0002826 
-0.0006094 -0.0056508 0.0114712 
-0.0006150 -0.0056472 -0.0042170 
-0.0006207 -0.0056465 0.0057059 
-0.0006263 -0.0056490 -0.0108492 
-0.0006320 -0.0056559 -0.0029200 
-0.0006377 -0.0056678 -0.0207703 
-0.0006433 -0.0056856 -0.0148521 
-0.0006490 -0.0057098 -0.0336382 
-0.0006548 -0.0057411 -0.0289655 
-0.0006605 -0.0057794 -0.0476244 
-0.0006663 -0.0058247 -0.0428720 
-0.0006722 -0.0058761 -0.0599665 
-0.0006781 -0.0059329 -0.0536447 
-0.0006840 -0.0059936 -0.0677835 
-0.0006901 -0.0060568 -0.0586453 
-0.0006961 -0.0061206 -0.0688494 
-0.0007023 -0.0061831 -0.0561983 
-0.0007085 -0.0062423 -0.0621392 
-0.0007148 -0.0062963 -0.0459929 
-0.0007211 -0.0063434 -0.0480786 
-0.0007275 -0.0063820 -0.0291727 
-0.0007339 -0.0064108 -0.0284652 
-0.0007403 -0.0064291 -0.0080822 
-0.0007467 -0.0064361 -0.0060402 
-0.0007531 -0.0064320 0.0143246 
-0.0007596 -0.0064167 0.0162376 
-0.0007660 -0.0063909 0.0352960 
-0.0007723 -0.0063553 0.0360219 
-0.0007787 -0.0063107 0.0530527 
-0.0007850 -0.0062581 0.0522097 
-0.0007912 -0.0061984 0.0672104 
-0.0007974 -0.0061322 0.0651097 
-0.0008035 -0.0060603 0.0786794 
-0.0008095 -0.0059830 0.0760902 
-0.0008154 -0.0059004 0.0891063 
-0.0008213 -0.0058124 0.0868826 
-0.0008270 -0.0057189 0.1001172 
-0.0008327 -0.0056194 0.0988406 
-0.0008383 -0.0055136 0.1126585 
-0.0008437 -0.0054011 0.1124099 
-0.0008491 -0.0052816 0.1266247 
-0.0008543 -0.0051548 0.1269271 
-0.0008594 -0.0050209 0.1408266 
-0.0008643 -0.0048802 0.1407468 
-0.0008691 -0.0047331 0.1532639 
-0.0008738 -0.0045807 0.1516435 
-0.0008783 -0.0044241 0.1616371 
-0.0008826 -0.0042645 0.1574104 
-0.0008868 -0.0041038 0.1640004 
-0.0008908 -0.0039436 0.1565219 
-0.0008947 -0.0037856 0.1593837 
-0.0008984 -0.0036316 0.1486616 
-0.0009020 -0.0034832 0.1481714 
-0.0009054 -0.0033416 0.1349060 
-0.0009087 -0.0032081 0.1320653 
-0.0009118 -0.0030834 0.1174635 
-0.0009148 -0.0029678 0.1136195 
-0.0009178 -0.0028615 0.0990496 
-0.0009206 -0.0027642 0.0955194 
-0.0009233 -0.0026754 0.0821396 
-0.0009259 -0.0025944 0.0798769 
-0.0009285 -0.0025203 0.0683681 
-0.0009310 -0.0024522 0.0677791 
-0.0009334 -0.0023892 0.0582515 
-0.0009357 -0.0023305 0.0591914 
-0.0009380 -0.0022752 0.0512627 
-0.0009403 -0.0022230 0.0531839 
-0.0009425 -0.0021733 0.0461834 
-0.0009446 -0.0021260 0.0483796 
-0.0009467 -0.0020810 0.0416163 
-0.0009488 -0.0020385 0.0434983 
-0.0009508 -0.0019985 0.0365273 
-0.0009528 -0.0019613 0.0378622 
-0.0009547 -0.0019270 0.0306777 
-0.0009567 -0.0018958 0.0317175 
-0.0009585 -0.0018675 0.0248026 
-0.0009604 -0.0018420 0.0262459 
-0.0009622 -0.0018187 0.0204446 
-0.0009640 -0.0017968 0.0232276 
-0.0009658 -0.0017755 0.0194715 
-0.0009676 -0.0017535 0.0244547 
-0.0009693 -0.0017296 0.0234405 
-0.0009710 -0.0017023 0.0311076 
-0.0009727 -0.0016702 0.0330450 
-0.0009744 -0.0016320 0.0433229 
-0.0009760 -0.0015865 0.0478405 
-0.0009775 -0.0015325 0.0600955 
-0.0009791 -0.0014693 0.0663233 
-0.0009805 -0.0013964 0.0795181 
-0.0009818 -0.0013135 0.0863022 
-0.0009831 -0.0012207 0.0992501 
-0.0009843 -0.0011183 0.1054281 
-0.0009853 -0.0010071 0.1170705 
-0.0009863 -0.0008877 0.1217330 
-0.0009871 -0.0007611 0.1313697 
-0.0009878 -0.0006284 0.1340464 
-0.0009884 -0.0004907 0.1414654 
-0.0009888 -0.0003488 0.1421884 
-0.0009891 -0.0002039 0.1476570 
-0.0009892 -0.0000567 0.1468783 
-0.0009892 0.0000923 0.1509913 
-0.0009890 0.0002425 0.1493721 
-0.0009887 0.0003935 0.1527985 
-0.0009882 0.0005454 0.1509367 
-0.0009876 0.0006980 0.1541533 
-0.0009868 0.0008512 0.1523463 
-0.0009859 0.0010051 0.1554527 
-0.0009848 0.0011596 0.1535833 
-0.0009836 0.0013145 0.1562670 
-0.0009822 0.0014696 0.1538474 
-0.0009806 0.0016243 0.1555012 
-0.0009789 0.0017780 0.1518514 
-0.0009771 0.0019298 0.1517934 
-0.0009751 0.0020788 0.1462826 
-0.0009729 0.0022240 0.1440000 
-0.0009706 0.0023641 0.1362731 
-0.0009682 0.0024980 0.1316156 
-0.0009656 0.0026247 0.1217423 
-0.0009630 0.0027431 0.1150165 
-0.0009602 0.0028524 0.1035245 
-0.0009573 0.0029519 0.0954644 
-0.0009543 0.0030412 0.0832479 
-0.0009512 0.0031203 0.0748661 
-0.0009480 0.0031892 0.0629886 
-0.0009448 0.0032484 0.0553432 
-0.0009415 0.0032984 0.0447852 
-0.0009382 0.0033402 0.0387274 
-0.0009349 0.0033746 0.0301549 
-0.0009315 0.0034028 0.0261385 
-0.0009280 0.0034257 0.0197685 
-0.0009246 0.0034445 0.0177828 
-0.0009212 0.0034601 0.0133900 
-0.0009177 0.0034733 0.0130381 
-0.0009142 0.0034849 0.0100951 
-0.0009107 0.0034953 0.0107811 
-0.0009072 0.0035050 0.0086755 
-0.0009037 0.0035143 0.0098323 
-0.0009002 0.0035233 0.0080840 
-0.0008967 0.0035320 0.0093632 
-0.0008931 0.0035405 0.0077745 
-0.0008896 0.0035490 0.0091465 
-0.0008860 0.0035575 0.0078468 
-0.0008825 0.0035662 0.0095886 
-0.0008789 0.0035755 0.0089673 
-0.0008753 0.0035858 0.0115473 
-0.0008717 0.0035976 0.0120989 
-0.0008681 0.0036116 0.0159923 
-0.0008645 0.0036287 0.0181170 
-0.0008609 0.0036495 0.0236069 
-0.0008572 0.0036751 0.0274264 
-0.0008535 0.0037060 0.0344514 
-0.0008498 0.0037431 0.0397027 
-0.0008460 0.0037868 0.0478058 
-0.0008422 0.0038377 0.0538515 
-0.0008383 0.0038957 0.0622530 
-0.0008344 0.0039609 0.0682114 
-0.0008304 0.0040330 0.0759855 
-0.0008263 0.0041115 0.0809389 
-0.0008222 0.0041956 0.0872358 
-0.0008180 0.0042844 0.0904476 
-0.0008136 0.0043770 0.0946889 
-0.0008092 0.0044722 0.0957626 
-0.0008047 0.0045690 0.0977523 
-0.0008001 0.0046662 0.0966881 
-0.0007953 0.0047629 0.0966130 
-0.0007905 0.0048580 0.0937547 
-0.0007856 0.0049510 0.0920839 
-0.0007806 0.0050410 0.0879794 
-0.0007756 0.0051276 0.0852970 
-0.0007704 0.0052105 0.0805157 
-0.0007651 0.0052895 0.0773365 
-0.0007598 0.0053643 0.0722974 
-0.0007544 0.0054349 0.0689197 
-0.0007489 0.0055012 0.0637794 
-0.0007434 0.0055632 0.0602178 
-0.0007378 0.0056208 0.0548547 
-0.0007322 0.0056736 0.0508763 
-0.0007265 0.0057216 0.0449762 
-0.0007207 0.0057642 0.0402293 
-0.0007149 0.0058010 0.0334442 
-0.0007091 0.0058315 0.0276335 
-0.0007033 0.0058552 0.0197589 
-0.0006974 0.0058715 0.0128073 
-0.0006915 0.0058799 0.0039141 
-0.0006857 0.0058799 -0.0039453 
-0.0006798 0.0058712 -0.0134671 
-0.0006739 0.0058536 -0.0216992 
-0.0006681 0.0058271 -0.0311984 
-0.0006623 0.0057920 -0.0390686 
-0.0006565 0.0057486 -0.0477717 
-0.0006508 0.0056974 -0.0545097 
-0.0006451 0.0056393 -0.0616971 
-0.0006395 0.0055751 -0.0666733 
-0.0006340 0.0055059 -0.0718439 
-0.0006285 0.0054326 -0.0747100 
-0.0006231 0.0053564 -0.0776874 
-0.0006178 0.0052783 -0.0784418 
-0.0006125 0.0051994 -0.0793946 
-0.0006074 0.0051205 -0.0783554 
-0.0006023 0.0050425 -0.0777248 
-0.0005973 0.0049659 -0.0754172 
-0.0005924 0.0048913 -0.0737739 
-0.0005875 0.0048191 -0.0707685 
-0.0005827 0.0047494 -0.0686438 
-0.0005780 0.0046823 -0.0653953 
-0.0005734 0.0046181 -0.0631421 
-0.0005688 0.0045566 -0.0598824 
-0.0005643 0.0044978 -0.0576083 
-0.0005598 0.0044419 -0.0543249 
-0.0005554 0.0043887 -0.0519163 
-0.0005510 0.0043386 -0.0484185 
-0.0005467 0.0042915 -0.0456421 
-0.0005424 0.0042479 -0.0416877 
-0.0005382 0.0042079 -0.0383305 
-0.0005340 0.0041718 -0.0337680 
-0.0005298 0.0041400 -0.0297703 
-0.0005257 0.0041128 -0.0246507 
-0.0005216 0.0040904 -0.0201882 
-0.0005175 0.0040729 -0.0148124 
-0.0005135 0.0040604 -0.0103042 
-0.0005094 0.0040526 -0.0051896 
-0.0005054 0.0040494 -0.0012267 
-0.0005013 0.0040503 0.0029974 
-0.0004973 0.0040547 0.0057833 
-0.0004932 0.0040618 0.0085235 
-0.0004891 0.0040709 0.0096135 
-0.0004851 0.0040809 0.0104595 
-0.0004810 0.0040910 0.0095762 
-0.0004769 0.0040999 0.0084016 
-0.0004728 0.0041069 0.0055741 
-0.0004687 0.0041110 0.0025600 
-0.0004646 0.0041113 -0.0018956 
-0.0004604 0.0041072 -0.0063211 
-0.0004563 0.0040981 -0.0118972 
-0.0004523 0.0040836 -0.0171810 
-0.0004482 0.0040633 -0.0233174 
-0.0004441 0.0040372 -0.0289262 
-0.0004401 0.0040052 -0.0351486 
-0.0004361 0.0039672 -0.0406907 
-0.0004322 0.0039235 -0.0467077 
-0.0004283 0.0038742 -0.0519983 
-0.0004244 0.0038193 -0.0577314 
-0.0004206 0.0037591 -0.0627863 
-0.0004169 0.0036935 -0.0683284 
-0.0004133 0.0036227 -0.0732919 
-0.0004097 0.0035466 -0.0788111 
-0.0004062 0.0034653 -0.0838434 
-0.0004027 0.0033787 -0.0894637 
-0.0003994 0.0032866 -0.0946253 
-0.0003962 0.0031891 -0.1003238 
-0.0003930 0.0030862 -0.1054945 
-0.0003900 0.0029780 -0.1110501 
-0.0003871 0.0028645 -0.1159113 
-0.0003843 0.0027461 -0.1209228 
-0.0003816 0.0026231 -0.1250112 
-0.0003790 0.0024961 -0.1289819 
-0.0003766 0.0023657 -0.1317984 
-0.0003743 0.0022327 -0.1342607 
-0.0003721 0.0020979 -0.1353999 
-0.0003701 0.0019621 -0.1360397 
-0.0003682 0.0018265 -0.1353001 
-0.0003665 0.0016918 -0.1340437 
-0.0003648 0.0015590 -0.1314845 
-0.0003633 0.0014290 -0.1285219 
-0.0003620 0.0013025 -0.1244513 
-0.0003607 0.0011802 -0.1201908 
-0.0003596 0.0010626 -0.1150914 
-0.0003586 0.0009500 -0.1100613 
-0.0003577 0.0008427 -0.1044750 
-0.0003569 0.0007409 -0.0992007 
-0.0003562 0.0006445 -0.0936074 
-0.0003556 0.0005534 -0.0885006 
-0.0003551 0.0004676 -0.0832258 
-0.0003547 0.0003867 -0.0785165 
-0.0003543 0.0003106 -0.0736924 
-0.0003541 0.0002390 -0.0694225 
-0.0003539 0.0001718 -0.0650135 
-0.0003537 0.0001088 -0.0610903 
-0.0003536 0.0000497 -0.0569706 
-0.0003536 -0.0000054 -0.0532617 
-0.0003536 -0.0000567 -0.0493173 
-0.0003537 -0.0001042 -0.0457515 
-0.0003538 -0.0001481 -0.0419722 
-0.0003540 -0.0001884 -0.0386133 
-0.0003542 -0.0002252 -0.0351414 
-0.0003545 -0.0002589 -0.0322088 
-0.0003547 -0.0002897 -0.0293304 
-0.0003550 -0.0003179 -0.0271610 
-0.0003554 -0.0003441 -0.0252419 
-0.0003557 -0.0003688 -0.0242054 
-0.0003561 -0.0003927 -0.0235919 
-0.0003565 -0.0004165 -0.0239857 
-0.0003569 -0.0004410 -0.0249019 
-0.0003574 -0.0004669 -0.0268580 
-0.0003579 -0.0004950 -0.0293295 
-0.0003584 -0.0005260 -0.0327610 
-0.0003589 -0.0005607 -0.0365888 
-0.0003595 -0.0005996 -0.0411933 
-0.0003601 -0.0006432 -0.0459861 
-0.0003608 -0.0006918 -0.0513046 
-0.0003615 -0.0007457 -0.0565606 
-0.0003623 -0.0008051 -0.0620759 
-0.0003631 -0.0008697 -0.0672894 
-0.0003640 -0.0009396 -0.0725340 
-0.0003650 -0.0010146 -0.0772971 
-0.0003661 -0.0010942 -0.0819393 
-0.0003672 -0.0011782 -0.0860063 
-0.0003684 -0.0012661 -0.0898902 
-0.0003697 -0.0013576 -0.0931903 
-0.0003711 -0.0014524 -0.0963201 
-0.0003726 -0.0015500 -0.0989167 
-0.0003742 -0.0016502 -0.1013956 
-0.0003759 -0.0017526 -0.1034095 
-0.0003778 -0.0018570 -0.1053546 
-0.0003797 -0.0019631 -0.1068783 
-0.0003817 -0.0020707 -0.1083411 
-0.0003838 -0.0021795 -0.1093726 
-0.0003860 -0.0022894 -0.1102911 
-0.0003884 -0.0023999 -0.1107077 
-0.0003908 -0.0025107 -0.1109046 
-0.0003934 -0.0026214 -0.1104857 
-0.0003961 -0.0027315 -0.1097141 
-0.0003989 -0.0028404 -0.1082061 
-0.0004018 -0.0029476 -0.1062277 
-0.0004048 -0.0030525 -0.1034296 
-0.0004079 -0.0031542 -0.1001018 
-0.0004111 -0.0032523 -0.0959460 
-0.0004144 -0.0033459 -0.0912889 
-0.0004178 -0.0034345 -0.0858895 
-0.0004212 -0.0035175 -0.0801118 
-0.0004248 -0.0035944 -0.0737657 
-0.0004284 -0.0036649 -0.0672402 
-0.0004321 -0.0037287 -0.0603784 
-0.0004359 -0.0037857 -0.0535736 
-0.0004397 -0.0038358 -0.0466783 
-0.0004435 -0.0038792 -0.0400666 
-0.0004474 -0.0039160 -0.0335777 
-0.0004514 -0.0039466 -0.0275472 
-0.0004553 -0.0039712 -0.0217854 
-0.0004593 -0.0039904 -0.0165796 
-0.0004633 -0.0040046 -0.0117068 
-0.0004673 -0.0040141 -0.0074077 
-0.0004713 -0.0040196 -0.0034333 
-0.0004754 -0.0040213 0.0000100 
-0.0004794 -0.0040197 0.0031819 
-0.0004834 -0.0040151 0.0058918 
-0.0004874 -0.0040080 0.0083912 
-0.0004914 -0.0039985 0.0104870 
-0.0004954 -0.0039871 0.0124070 
-0.0004994 -0.0039739 0.0139430 
-0.0005033 -0.0039593 0.0152919 
-0.0005073 -0.0039436 0.0162277 
-0.0005112 -0.0039270 0.0169196 
-0.0005152 -0.0039100 0.0171320 
-0.0005191 -0.0038929 0.0170191 
-0.0005229 -0.0038762 0.0163511 
-0.0005268 -0.0038604 0.0152856 
-0.0005307 -0.0038459 0.0136168 
-0.0005345 -0.0038334 0.0115226 
-0.0005383 -0.0038232 0.0088361 
-0.0005421 -0.0038159 0.0057665 
-0.0005460 -0.0038119 0.0021915 
-0.0005498 -0.0038116 -0.0016473 
-0.0005536 -0.0038154 -0.0058323 
-0.0005574 -0.0038233 -0.0100989 
-0.0005612 -0.0038356 -0.0145040 
-0.0005651 -0.0038523 -0.0187770 
-0.0005689 -0.0038731 -0.0229692 
-0.0005728 -0.0038980 -0.0268245 
-0.0005767 -0.0039267 -0.0304081 
-0.0005807 -0.0039586 -0.0334958 
-0.0005847 -0.0039934 -0.0361811 
-0.0005887 -0.0040307 -0.0382815 
-0.0005927 -0.0040698 -0.0399240 
-0.0005968 -0.0041102 -0.0409673 
-0.0006009 -0.0041515 -0.0415672 
-0.0006051 -0.0041931 -0.0416138 
-0.0006093 -0.0042345 -0.0412785 
-0.0006136 -0.0042754 -0.0404674 
-0.0006179 -0.0043153 -0.0393510 
-0.0006222 -0.0043539 -0.0378350 
-0.0006266 -0.0043909 -0.0360746 
-0.0006310 -0.0044259 -0.0339632 
-0.0006354 -0.0044587 -0.0316327 
-0.0006399 -0.0044890 -0.0289609 
-0.0006444 -0.0045165 -0.0260574 
-0.0006489 -0.0045409 -0.0227892 
-0.0006535 -0.0045619 -0.0192532 
-0.0006581 -0.0045792 -0.0153175 
-0.0006626 -0.0045924 -0.0110806 
-0.0006672 -0.0046012 -0.0064266 
-0.0006718 -0.0046051 -0.0014695 
-0.0006765 -0.0046039 0.0038781 
-0.0006811 -0.0045972 0.0094768 
-0.0006856 -0.0045848 0.0153801 
-0.0006902 -0.0045664 0.0214214 
-0.0006948 -0.0045419 0.0276232 
-0.0006993 -0.0045112 0.0337992 
-0.0007038 -0.0044743 0.0399523 
-0.0007082 -0.0044314 0.0458904 
-0.0007127 -0.0043826 0.0516138 
-0.0007170 -0.0043283 0.0569421 
-0.0007213 -0.0042689 0.0618897 
-0.0007255 -0.0042048 0.0663034 
-0.0007297 -0.0041366 0.0702248 
-0.0007338 -0.0040647 0.0735373 
-0.0007378 -0.0039898 0.0763144 
-0.0007418 -0.0039124 0.0784766 
-0.0007457 -0.0038331 0.0801263 
-0.0007495 -0.0037524 0.0812128 
-0.0007532 -0.0036709 0.0818565 
-0.0007568 -0.0035889 0.0820228 
-0.0007603 -0.0035070 0.0818356 
-0.0007638 -0.0034254 0.0812616 
-0.0007672 -0.0033446 0.0804152 
-0.0007705 -0.0032648 0.0792536 
-0.0007737 -0.0031862 0.0778731 
-0.0007769 -0.0031092 0.0762167 
-0.0007799 -0.0030339 0.0743622 
-0.0007829 -0.0029606 0.0722408 
-0.0007859 -0.0028895 0.0699184 
-0.0007887 -0.0028209 0.0673235 
-0.0007915 -0.0027549 0.0645211 
-0.0007942 -0.0026920 0.0614489 
-0.0007969 -0.0026321 0.0581830 
-0.0007995 -0.0025757 0.0546812 
-0.0008021 -0.0025228 0.0510387 
-0.0008046 -0.0024737 0.0472390 
-0.0008070 -0.0024284 0.0433989 
-0.0008094 -0.0023869 0.0395252 
-0.0008118 -0.0023493 0.0357509 
-0.0008141 -0.0023154 0.0320973 
-0.0008164 -0.0022850 0.0287018 
-0.0008187 -0.0022578 0.0255864 
-0.0008209 -0.0022336 0.0228782 
-0.0008232 -0.0022119 0.0205856 
-0.0008254 -0.0021922 0.0188120 
-0.0008275 -0.0021740 0.0175408 
-0.0008297 -0.0021568 0.0168436 
-0.0008318 -0.0021400 0.0166737 
-0.0008340 -0.0021232 0.0170699 
-0.0008361 -0.0021056 0.0179578 
-0.0008382 -0.0020870 0.0193497 
-0.0008403 -0.0020667 0.0211528 
-0.0008423 -0.0020445 0.0233636 
-0.0008444 -0.0020199 0.0258833 
-0.0008464 -0.0019926 0.0287059 
-0.0008483 -0.0019623 0.0317388 
-0.0008503 -0.0019290 0.0349841 
-0.0008522 -0.0018923 0.0383632 
-0.0008541 -0.0018522 0.0418918 
-0.0008559 -0.0018085 0.0455079 
-0.0008577 -0.0017611 0.0492394 
-0.0008594 -0.0017100 0.0530364 
-0.0008611 -0.0016550 0.0569326 
-0.0008627 -0.0015961 0.0608815 
-0.0008643 -0.0015332 0.0649127 
-0.0008658 -0.0014662 0.0689736 
-0.0008672 -0.0013952 0.0730806 
-0.0008686 -0.0013201 0.0771671 
-0.0008699 -0.0012409 0.0812316 
-0.0008711 -0.0011577 0.0851914 
-0.0008722 -0.0010706 0.0890276 
-0.0008732 -0.0009797 0.0926451 
-0.0008741 -0.0008854 0.0960150 
-0.0008750 -0.0007879 0.0990391 
-0.0008757 -0.0006875 0.1016891 
-0.0008763 -0.0005847 0.1038761 
-0.0008769 -0.0004800 0.1055846 
-0.0008773 -0.0003738 0.1067461 
-0.0008776 -0.0002668 0.1073677 
-0.0008778 -0.0001594 0.1074088 
-0.0008779 -0.0000522 0.1069039 
-0.0008779 0.0000541 0.1058411 
-0.0008778 0.0001592 0.1042805 
-0.0008776 0.0002625 0.1022345 
-0.0008773 0.0003635 0.0997809 
-0.0008769 0.0004618 0.0969465 
-0.0008764 0.0005572 0.0938160 
-0.0008758 0.0006493 0.0904191 
-0.0008751 0.0007380 0.0868362 
-0.0008743 0.0008229 0.0830901 
-0.0008734 0.0009041 0.0792491 
-0.0008725 0.0009814 0.0753229 
-0.0008715 0.0010547 0.0713648 
-0.0008704 0.0011241 0.0673717 
-0.0008692 0.0011895 0.0633841 
-0.0008680 0.0012509 0.0593910 
-0.0008667 0.0013083 0.0554269 
-0.0008654 0.0013617 0.0514804 
-0.0008640 0.0014113 0.0475882 
-0.0008626 0.0014569 0.0437463 
-0.0008611 0.0014988 0.0400004 
-0.0008596 0.0015370 0.0363585 
-0.0008580 0.0015716 0.0328776 
-0.0008564 0.0016028 0.0295781 
-0.0008548 0.0016309 0.0265261 
-0.0008532 0.0016560 0.0237488 
-0.0008515 0.0016785 0.0213142 
-0.0008498 0.0016988 0.0192478 
-0.0008481 0.0017172 0.0176096 
-0.0008464 0.0017343 0.0164135 
-0.0008447 0.0017503 0.0157018 
-0.0008429 0.0017659 0.0154684 
-0.0008411 0.0017815 0.0157319 
-0.0008393 0.0017976 0.0164621 
-0.0008375 0.0018147 0.0176523 
-0.0008357 0.0018331 0.0192498 
-0.0008339 0.0018533 0.0212267 
-0.0008320 0.0018757 0.0235140 
-0.0008301 0.0019005 0.0260713 
-0.0008282 0.0019280 0.0288229 
-0.0008262 0.0019582 0.0317258 
-0.0008243 0.0019914 0.0347077 
-0.0008223 0.0020277 0.0377323 
-0.0008202 0.0020669 0.0407383 
-0.0008181 0.0021091 0.0437018 
-0.0008160 0.0021543 0.0465762 
-0.0008138 0.0022022 0.0493510 
-0.0008116 0.0022529 0.0519927 
-0.0008093 0.0023061 0.0545010 
-0.0008070 0.0023618 0.0568506 
-0.0008046 0.0024198 0.0590450 
-0.0008021 0.0024798 0.0610601 
-0.0007996 0.0025418 0.0628967 
-0.0007971 0.0026055 0.0645259 
-0.0007944 0.0026707 0.0659413 
-0.0007917 0.0027373 0.0671064 
-0.0007889 0.0028048 0.0680064 
-0.0007861 0.0028731 0.0685989 
-0.0007832 0.0029419 0.0688642 
-0.0007802 0.0030107 0.0687591 
-0.0007772 0.0030792 0.0682662 
-0.0007741 0.0031470 0.0673492 
-0.0007709 0.0032137 0.0660008 
-0.0007676 0.0032788 0.0641994 
-0.0007643 0.0033418 0.0619550 
-0.0007610 0.0034025 0.0592658 
-0.0007575 0.0034602 0.0561625 
-0.0007540 0.0035146 0.0526647 
-0.0007505 0.0035653 0.0488223 
-0.0007469 0.0036121 0.0446728 
-0.0007433 0.0036545 0.0402804 
-0.0007396 0.0036925 0.0356930 
-0.0007359 0.0037259 0.0309805 
-0.0007321 0.0037545 0.0261927 
-0.0007284 0.0037783 0.0213961 
-0.0007246 0.0037973 0.0166337 
-0.0007208 0.0038116 0.0119616 
-0.0007170 0.0038213 0.0074106 
-0.0007131 0.0038265 0.0030223 
-0.0007093 0.0038274 -0.0011864 
-0.0007055 0.0038242 -0.0051874 
-0.0007017 0.0038171 -0.0089755 
-0.0006979 0.0038064 -0.0125326 
-0.0006941 0.0037922 -0.0158597 
-0.0006903 0.0037748 -0.0189429 
-0.0006865 0.0037544 -0.0217838 
-0.0006828 0.0037313 -0.0243670 
-0.0006791 0.0037058 -0.0266905 
-0.0006754 0.0036781 -0.0287343 
-0.0006717 0.0036485 -0.0304911 
-0.0006681 0.0036173 -0.0319371 
-0.0006645 0.0035848 -0.0330618 
-0.0006609 0.0035513 -0.0338410 
-0.0006574 0.0035173 -0.0342665 
-0.0006539 0.0034830 -0.0343196 
-0.0006504 0.0034488 -0.0340005 
-0.0006470 0.0034152 -0.0333025 
-0.0006436 0.0033824 -0.0322398 
-0.0006402 0.0033508 -0.0308220 
-0.0006369 0.0033209 -0.0290801 
-0.0006336 0.0032928 -0.0270413 
-0.0006303 0.0032669 -0.0247527 
-0.0006270 0.0032434 -0.0222558 
-0.0006238 0.0032225 -0.0196094 
-0.0006206 0.0032043 -0.0168634 
-0.0006174 0.0031888 -0.0140807 
-0.0006142 0.0031761 -0.0113119 
-0.0006110 0.0031661 -0.0086161 
-0.0006079 0.0031588 -0.0060370 
-0.0006047 0.0031540 -0.0036233 
-0.0006016 0.0031515 -0.0014065 
-0.0005984 0.0031510 0.0005786 
-0.0005953 0.0031525 0.0023150 
-0.0005921 0.0031555 0.0037818 
-0.0005889 0.0031599 0.0049743 
-0.0005858 0.0031654 0.0058828 
-0.0005826 0.0031715 0.0065109 
-0.0005794 0.0031782 0.0068549 
-0.0005763 0.0031851 0.0069212 
-0.0005731 0.0031919 0.0067073 
-0.0005699 0.0031984 0.0062186 
-0.0005667 0.0032042 0.0054501 
-0.0005635 0.0032092 0.0044040 
-0.0005602 0.0032129 0.0030728 
-0.0005570 0.0032152 0.0014566 
-0.0005538 0.0032157 -0.0004526 
-0.0005506 0.0032141 -0.0026529 
-0.0005474 0.0032102 -0.0051482 
-0.0005442 0.0032037 -0.0079302 
-0.0005410 0.0031942 -0.0109937 
-0.0005378 0.0031816 -0.0143196 
-0.0005346 0.0031654 -0.0178898 
-0.0005315 0.0031457 -0.0216720 
-0.0005283 0.0031220 -0.0256345 
-0.0005252 0.0030943 -0.0297323 
-0.0005221 0.0030625 -0.0339226 
-0.0005191 0.0030265 -0.0381514 
-0.0005161 0.0029862 -0.0423699 
-0.0005131 0.0029418 -0.0465216 
-0.0005102 0.0028932 -0.0505584 
-0.0005074 0.0028407 -0.0544281 
-0.0005045 0.0027845 -0.0580899 
-0.0005018 0.0027247 -0.0615020 
-0.0004991 0.0026616 -0.0646357 
-0.0004965 0.0025956 -0.0674628 
-0.0004939 0.0025268 -0.0699689 
-0.0004914 0.0024558 -0.0721400 
-0.0004890 0.0023827 -0.0739744 
-0.0004866 0.0023080 -0.0754697 
-0.0004844 0.0022320 -0.0766337 
-0.0004822 0.0021549 -0.0774712 
-0.0004801 0.0020772 -0.0779944 
-0.0004780 0.0019991 -0.0782109 
-0.0004761 0.0019209 -0.0781333 
-0.0004742 0.0018429 -0.0777683 
-0.0004724 0.0017655 -0.0771269 
-0.0004707 0.0016888 -0.0762136 
-0.0004690 0.0016132 -0.0750376 
-0.0004674 0.0015389 -0.0736031 
-0.0004659 0.0014661 -0.0719197 
-0.0004645 0.0013952 -0.0699942 
-0.0004631 0.0013262 -0.0678408 
-0.0004618 0.0012596 -0.0654724 
-0.0004606 0.0011954 -0.0629110 
-0.0004594 0.0011338 -0.0601791 
-0.0004583 0.0010751 -0.0573085 
-0.0004573 0.0010193 -0.0543315 
-0.0004563 0.0009665 -0.0512893 
-0.0004554 0.0009167 -0.0482224 
-0.0004545 0.0008700 -0.0451783 
-0.0004536 0.0008263 -0.0422013 
-0.0004528 0.0007856 -0.0393397 
-0.0004520 0.0007476 -0.0366360 
-0.0004513 0.0007122 -0.0341336 
-0.0004506 0.0006792 -0.0318673 
-0.0004500 0.0006483 -0.0298704 
-0.0004493 0.0006193 -0.0281659 
-0.0004487 0.0005918 -0.0267736 
-0.0004481 0.0005656 -0.0257029 
-0.0004476 0.0005403 -0.0249599 
-0.0004471 0.0005155 -0.0245412 
-0.0004466 0.0004910 -0.0244412 
-0.0004461 0.0004665 -0.0246468 
-0.0004456 0.0004416 -0.0251449 
-0.0004452 0.0004160 -0.0259169 
-0.0004448 0.0003896 -0.0269465 
-0.0004444 0.0003620 -0.0282138 
-0.0004441 0.0003331 -0.0297024 
-0.0004438 0.0003025 -0.0313938 
-0.0004435 0.0002702 -0.0332735 
-0.0004432 0.0002359 -0.0353249 
-0.0004430 0.0001995 -0.0375347 
-0.0004428 0.0001608 -0.0398869 
-0.0004427 0.0001196 -0.0423672 
-0.0004426 0.0000760 -0.0449574 
-0.0004425 0.0000297 -0.0476395 
-0.0004425 -0.0000194 -0.0503904 
-0.0004426 -0.0000711 -0.0531860 
-0.0004427 -0.0001257 -0.0559965 
-0.0004428 -0.0001831 -0.0587912 
-0.0004430 -0.0002433 -0.0615339 
-0.0004433 -0.0003061 -0.0641886 
-0.0004436 -0.0003716 -0.0667153 
-0.0004440 -0.0004395 -0.0690762 
-0.0004445 -0.0005096 -0.0712319 
-0.0004451 -0.0005818 -0.0731474 
-0.0004457 -0.0006558 -0.0747889 
-0.0004464 -0.0007313 -0.0761291 
-0.0004471 -0.0008079 -0.0771440 
-0.0004480 -0.0008854 -0.0778178 
-0.0004489 -0.0009634 -0.0781391 
-0.0004499 -0.0010415 -0.0781052 
-0.0004510 -0.0011194 -0.0777175 
-0.0004522 -0.0011967 -0.0769857 
-0.0004534 -0.0012732 -0.0759223 
-0.0004547 -0.0013484 -0.0745462 
-0.0004561 -0.0014221 -0.0728776 
-0.0004576 -0.0014941 -0.0709409 
-0.0004591 -0.0015639 -0.0687598 
-0.0004607 -0.0016315 -0.0663601 
-0.0004623 -0.0016965 -0.0637654 
-0.0004641 -0.0017589 -0.0610004 
-0.0004659 -0.0018185 -0.0580866 
-0.0004677 -0.0018750 -0.0550463 
-0.0004696 -0.0019285 -0.0518988 
-0.0004716 -0.0019788 -0.0486647 
-0.0004736 -0.0020258 -0.0453626 
-0.0004756 -0.0020695 -0.0420130 
-0.0004777 -0.0021098 -0.0386360 
-0.0004798 -0.0021467 -0.0352546 
-0.0004820 -0.0021803 -0.0318918 
-0.0004842 -0.0022106 -0.0285745 
-0.0004864 -0.0022375 -0.0253297 
-0.0004887 -0.0022613 -0.0221878 
-0.0004909 -0.0022819 -0.0191789 
-0.0004932 -0.0022997 -0.0163349 
-0.0004955 -0.0023147 -0.0136862 
-0.0004979 -0.0023272 -0.0112629 
-0.0005002 -0.0023374 -0.0090917 
-0.0005025 -0.0023455 -0.0071972 
-0.0005049 -0.0023519 -0.0055983 
-0.0005072 -0.0023569 -0.0043103 
-0.0005096 -0.0023607 -0.0033415 
-0.0005119 -0.0023637 -0.0026956 
-0.0005143 -0.0023662 -0.0023688 
-0.0005167 -0.0023686 -0.0023530 
-0.0005191 -0.0023711 -0.0026333 
-0.0005214 -0.0023740 -0.0031914 
-0.0005238 -0.0023776 -0.0040037 
-0.0005262 -0.0023821 -0.0050451 
-0.0005286 -0.0023878 -0.0062871 
-0.0005310 -0.0023948 -0.0077014 
-0.0005334 -0.0024033 -0.0092584 
-0.0005358 -0.0024134 -0.0109301 
-0.0005382 -0.0024252 -0.0126886 
-0.0005406 -0.0024388 -0.0145086 
-0.0005431 -0.0024542 -0.0163653 
-0.0005455 -0.0024715 -0.0182366 
-0.0005480 -0.0024907 -0.0201007 
-0.0005505 -0.0025117 -0.0219379 
-0.0005530 -0.0025345 -0.0237280 
-0.0005556 -0.0025591 -0.0254523 
-0.0005581 -0.0025854 -0.0270905 
-0.0005607 -0.0026132 -0.0286230 
-0.0005634 -0.0026426 -0.0300283 
-0.0005660 -0.0026732 -0.0312852 
-0.0005687 -0.0027051 -0.0323708 
-0.0005714 -0.0027379 -0.0332630 
-0.0005742 -0.0027715 -0.0339389 
-0.0005770 -0.0028056 -0.0343775 
-0.0005798 -0.0028401 -0.0345583 
-0.0005827 -0.0028746 -0.0344643 
-0.0005856 -0.0029089 -0.0340809 
-0.0005885 -0.0029426 -0.0333983 
-0.0005914 -0.0029755 -0.0324104 
-0.0005944 -0.0030073 -0.0311170 
-0.0005975 -0.0030376 -0.0295223 
-0.0006005 -0.0030662 -0.0276368 
-0.0006036 -0.0030928 -0.0254751 
-0.0006067 -0.0031170 -0.0230575 
-0.0006098 -0.0031387 -0.0204076 
-0.0006130 -0.0031577 -0.0175530 
-0.0006161 -0.0031738 -0.0145231 
-0.0006193 -0.0031867 -0.0113497 
-0.0006225 -0.0031964 -0.0080643 
-0.0006257 -0.0032028 -0.0046994 
-0.0006289 -0.0032058 -0.0012854 
-0.0006321 -0.0032054 0.0021476 
-0.0006353 -0.0032015 0.0055724 
-0.0006385 -0.0031942 0.0089631 
-0.0006417 -0.0031836 0.0122965 
-0.0006449 -0.0031697 0.0155510 
-0.0006480 -0.0031525 0.0187072 
-0.0006512 -0.0031323 0.0217468 
-0.0006543 -0.0031091 0.0246531 
-0.0006574 -0.0030831 0.0274094 
-0.0006605 -0.0030544 0.0300003 
-0.0006635 -0.0030232 0.0324098 
-0.0006665 -0.0029897 0.0346228 
-0.0006695 -0.0029540 0.0366236 
-0.0006724 -0.0029165 0.0383977 
-0.0006753 -0.0028774 0.0399305 
-0.0006782 -0.0028368 0.0412094 
-0.0006810 -0.0027951 0.0422228 
-0.0006838 -0.0027525 0.0429622 
-0.0006865 -0.0027093 0.0434215 
-0.0006892 -0.0026658 0.0435985 
-0.0006918 -0.0026222 0.0434946 
-0.0006944 -0.0025789 0.0431161 
-0.0006970 -0.0025361 0.0424733 
-0.0006995 -0.0024941 0.0415814 
-0.0007020 -0.0024531 0.0404595 
-0.0007044 -0.0024133 0.0391311 
-0.0007068 -0.0023749 0.0376225 
-0.0007092 -0.0023381 0.0359632 
-0.0007115 -0.0023030 0.0341841 
-0.0007138 -0.0022698 0.0323177 
-0.0007160 -0.0022384 0.0303959 
-0.0007182 -0.0022090 0.0284510 
-0.0007204 -0.0021815 0.0265132 
-0.0007226 -0.0021560 0.0246114 
-0.0007248 -0.0021323 0.0227718 
-0.0007269 -0.0021104 0.0210186 
-0.0007290 -0.0020902 0.0193729 
-0.0007311 -0.0020716 0.0178535 
-0.0007331 -0.0020544 0.0164767 
-0.0007352 -0.0020385 0.0152567 
-0.0007372 -0.0020238 0.0142059 
-0.0007392 -0.0020100 0.0133352 
-0.0007412 -0.0019970 0.0126542 
-0.0007432 -0.0019846 0.0121720 
-0.0007452 -0.0019726 0.0118965 
-0.0007472 -0.0019607 0.0118350 
-0.0007491 -0.0019488 0.0119940 
-0.0007511 -0.0019366 0.0123792 
-0.0007530 -0.0019239 0.0129945 
-0.0007549 -0.0019105 0.0138426 
-0.0007568 -0.0018961 0.0149238 
-0.0007587 -0.0018806 0.0162360 
-0.0007606 -0.0018636 0.0177739 
-0.0007624 -0.0018449 0.0195291 
-0.0007643 -0.0018244 0.0214896 
-0.0007661 -0.0018018 0.0236397 
-0.0007679 -0.0017770 0.0259601 
-0.0007696 -0.0017498 0.0284283 
-0.0007714 -0.0017201 0.0310184 
-0.0007731 -0.0016878 0.0337022 
-0.0007747 -0.0016527 0.0364497 
-0.0007764 -0.0016148 0.0392296 
-0.0007780 -0.0015742 0.0420100 
-0.0007795 -0.0015308 0.0447596 
-0.0007810 -0.0014847 0.0474479 
-0.0007825 -0.0014360 0.0500462 
-0.0007839 -0.0013847 0.0525281 
-0.0007852 -0.0013310 0.0548695 
-0.0007865 -0.0012750 0.0570496 
-0.0007878 -0.0012170 0.0590503 
-0.0007890 -0.0011570 0.0608564 
-0.0007901 -0.0010954 0.0624559 
-0.0007912 -0.0010322 0.0638391 
-0.0007922 -0.0009678 0.0649987 
-0.0007931 -0.0009024 0.0659292 
-0.0007940 -0.0008361 0.0666272 
-0.0007948 -0.0007692 0.0670901 
-0.0007955 -0.0007020 0.0673170 
-0.0007962 -0.0006347 0.0673076 
-0.0007968 -0.0005675 0.0670630 
-0.0007973 -0.0005007 0.0665850 
-0.0007978 -0.0004345 0.0658769 
-0.0007982 -0.0003690 0.0649435 
-0.0007985 -0.0003047 0.0637913 
-0.0007988 -0.0002416 0.0624288 
-0.0007990 -0.0001799 0.0608668 
-0.0007992 -0.0001199 0.0591188 
-0.0007992 -0.0000618 0.0572010 
-0.0007993 -0.0000056 0.0551321 
-0.0007993 0.0000484 0.0529339 
-0.0007992 0.0001002 0.0506303 
-0.0007991 0.0001497 0.0482477 
-0.0007989 0.0001967 0.0458137 
-0.0007987 0.0002413 0.0433576 
-0.0007984 0.0002834 0.0409089 
-0.0007981 0.0003231 0.0384969 
-0.0007978 0.0003604 0.0361502 
-0.0007974 0.0003954 0.0338961 
-0.0007970 0.0004283 0.0317595 
-0.0007965 0.0004590 0.0297632 
-0.0007961 0.0004879 0.0279268 
-0.0007956 0.0005150 0.0262670 
-0.0007950 0.0005405 0.0247972 
-0.0007945 0.0005647 0.0235276 
-0.0007939 0.0005877 0.0224653 
-0.0007933 0.0006097 0.0216147 
-0.0007927 0.0006310 0.0209774 
-0.0007920 0.0006518 0.0205530 
-0.0007914 0.0006722 0.0203391 
-0.0007907 0.0006926 0.0203318 
-0.0007900 0.0007130 0.0205257 
-0.0007893 0.0007337 0.0209145 
-0.0007885 0.0007549 0.0214909 
-0.0007878 0.0007768 0.0222463 
-0.0007870 0.0007995 0.0231715 
-0.0007862 0.0008232 0.0242559 
-0.0007853 0.0008481 0.0254878 
-0.0007845 0.0008742 0.0268540 
-0.0007836 0.0009018 0.0283396 
-0.0007827 0.0009310 0.0299279 
-0.0007817 0.0009617 0.0316005 
-0.0007807 0.0009942 0.0333372 
-0.0007797 0.0010284 0.0351157 
-0.0007787 0.0010644 0.0369125 
-0.0007776 0.0011023 0.0387025 
-0.0007765 0.0011418 0.0404599 
-0.0007753 0.0011831 0.0421585 
-0.0007741 0.0012261 0.0437722 
-0.0007729 0.0012706 0.0452754 
-0.0007716 0.0013166 0.0466441 
-0.0007702 0.0013638 0.0478558 
-0.0007688 0.0014122 0.0488905 
-0.0007674 0.0014615 0.0497307 
-0.0007659 0.0015116 0.0503622 
-0.0007644 0.0015621 0.0507738 
-0.0007628 0.0016130 0.0509577 
-0.0007611 0.0016639 0.0509094 
-0.0007595 0.0017147 0.0506274 
-0.0007577 0.0017651 0.0501132 
-0.0007559 0.0018148 0.0493710 
-0.0007541 0.0018637 0.0484070 
-0.0007522 0.0019115 0.0472295 
-0.0007503 0.0019581 0.0458485 
-0.0007483 0.0020031 0.0442751 
-0.0007463 0.0020465 0.0425214 
-0.0007442 0.0020881 0.0406004 
-0.0007421 0.0021276 0.0385258 
-0.0007399 0.0021651 0.0363121 
-0.0007378 0.0022002 0.0339743 
-0.0007355 0.0022330 0.0315281 
-0.0007333 0.0022632 0.0289903 
-0.0007310 0.0022909 0.0263782 
-0.0007287 0.0023160 0.0237105 
-0.0007264 0.0023383 0.0210068 
-0.0007240 0.0023580 0.0182874 
-0.0007217 0.0023749 0.0155741 
-0.0007193 0.0023891 0.0128889 
-0.0007169 0.0024007 0.0102547 
-0.0007145 0.0024097 0.0076944 
-0.0007121 0.0024161 0.0052308 
-0.0007097 0.0024202 0.0028858 
-0.0007072 0.0024220 0.0006804 
-0.0007048 0.0024216 -0.0013661 
-0.0007024 0.0024193 -0.0032363 
-0.0007000 0.0024152 -0.0049154 
-0.0006976 0.0024096 -0.0063915 
-0.0006952 0.0024026 -0.0076554 
-0.0006928 0.0023944 -0.0087013 
-0.0006904 0.0023853 -0.0095267 
-0.0006880 0.0023755 -0.0101320 
-0.0006856 0.0023651 -0.0105210 
-0.0006833 0.0023545 -0.0106998 
-0.0006809 0.0023438 -0.0106773 
-0.0006786 0.0023333 -0.0104645 
-0.0006762 0.0023230 -0.0100741 
-0.0006739 0.0023132 -0.0095202 
-0.0006716 0.0023040 -0.0088179 
-0.0006693 0.0022956 -0.0079832 
-0.0006670 0.0022881 -0.0070326 
-0.0006647 0.0022816 -0.0059829 
-0.0006625 0.0022762 -0.0048513 
-0.0006602 0.0022719 -0.0036548 
-0.0006579 0.0022689 -0.0024111 
-0.0006556 0.0022671 -0.0011376 
-0.0006534 0.0022666 0.0001478 
-0.0006511 0.0022674 0.0014269 
-0.0006488 0.0022695 0.0026815 
-0.0006466 0.0022728 0.0038928 
-0.0006443 0.0022772 0.0050421 
-0.0006420 0.0022828 0.0061105 
-0.0006397 0.0022894 0.0070794 
-0.0006374 0.0022969 0.0079305 
-0.0006351 0.0023052 0.0086461 
-0.0006328 0.0023141 0.0092099 
-0.0006305 0.0023235 0.0096069 
-0.0006282 0.0023332 0.0098237 
-0.0006258 0.0023431 0.0098493 
-0.0006235 0.0023528 0.0096752 
-0.0006211 0.0023623 0.0092955 
-0.0006188 0.0023713 0.0087073 
-0.0006164 0.0023796 0.0079106 
-0.0006140 0.0023870 0.0069086 
-0.0006116 0.0023934 0.0057072 
-0.0006092 0.0023984 0.0043151 
-0.0006068 0.0024019 0.0027435 
-0.0006044 0.0024038 0.0010059 
-0.0006020 0.0024038 -0.0008824 
-0.0005996 0.0024019 -0.0029049 
-0.0005972 0.0023980 -0.0050437 
-0.0005948 0.0023918 -0.0072802 
-0.0005924 0.0023834 -0.0095956 
-0.0005901 0.0023726 -0.0119707 
-0.0005877 0.0023594 -0.0143865 
-0.0005853 0.0023438 -0.0168242 
-0.0005830 0.0023258 -0.0192653 
-0.0005807 0.0023053 -0.0216918 
-0.0005784 0.0022824 -0.0240859 
-0.0005761 0.0022571 -0.0264304 
-0.0005739 0.0022296 -0.0287083 
-0.0005717 0.0021998 -0.0309032 
-0.0005695 0.0021678 -0.0329989 
-0.0005673 0.0021338 -0.0349798 
-0.0005652 0.0020979 -0.0368306 
-0.0005631 0.0020602 -0.0385371 
-0.0005611 0.0020209 -0.0400855 
-0.0005591 0.0019801 -0.0414635 
-0.0005571 0.0019381 -0.0426598 
-0.0005552 0.0018949 -0.0436649 
-0.0005533 0.0018508 -0.0444714 
-0.0005515 0.0018061 -0.0450736 
-0.0005497 0.0017608 -0.0454685 
-0.0005480 0.0017152 -0.0456557 
-0.0005463 0.0016696 -0.0456371 
-0.0005447 0.0016241 -0.0454178 
-0.0005431 0.0015789 -0.0450051 
-0.0005415 0.0015341 -0.0444093 
-0.0005400 0.0014901 -0.0436425 
-0.0005385 0.0014469 -0.0427195 
-0.0005371 0.0014048 -0.0416565 
-0.0005357 0.0013637 -0.0404711 
-0.0005344 0.0013239 -0.0391823 
-0.0005331 0.0012854 -0.0378096 
-0.0005318 0.0012483 -0.0363727 
-0.0005306 0.0012126 -0.0348915 
-0.0005294 0.0011785 -0.0333856 
-0.0005282 0.0011459 -0.0318742 
-0.0005271 0.0011147 -0.0303757 
-0.0005260 0.0010851 -0.0289076 
-0.0005249 0.0010569 -0.0274868 
-0.0005239 0.0010301 -0.0261291 
-0.0005228 0.0010046 -0.0248493 
-0.0005218 0.0009804 -0.0236615 
-0.0005209 0.0009572 -0.0225788 
-0.0005199 0.0009351 -0.0216133 
-0.0005190 0.0009139 -0.0207764 
-0.0005181 0.0008935 -0.0200783 
-0.0005172 0.0008737 -0.0195284 
-0.0005164 0.0008544 -0.0191346 
-0.0005155 0.0008354 -0.0189039 
-0.0005147 0.0008165 -0.0188415 
-0.0005139 0.0007976 -0.0189510 
-0.0005131 0.0007785 -0.0192344 
-0.0005123 0.0007590 -0.0196915 
-0.0005116 0.0007390 -0.0203198 
-0.0005108 0.0007183 -0.0211149 
-0.0005101 0.0006967 -0.0220698 
-0.0005095 0.0006741 -0.0231753 
-0.0005088 0.0006503 -0.0244201 
-0.0005082 0.0006252 -0.0257906 
-0.0005075 0.0005987 -0.0272715 
-0.0005070 0.0005706 -0.0288458 
-0.0005064 0.0005409 -0.0304953 
-0.0005059 0.0005096 -0.0322007 
-0.0005054 0.0004765 -0.0339422 
-0.0005049 0.0004417 -0.0356996 
-0.0005045 0.0004051 -0.0374530 
-0.0005041 0.0003668 -0.0391827 
-0.0005038 0.0003268 -0.0408699 
-0.0005035 0.0002851 -0.0424964 
-0.0005032 0.0002418 -0.0440454 
-0.0005030 0.0001970 -0.0455011 
-0.0005028 0.0001509 -0.0468492 
-0.0005027 0.0001034 -0.0480766 
-0.0005026 0.0000548 -0.0491714 
-0.0005026 0.0000051 -0.0501235 
-0.0005026 -0.0000454 -0.0509235 
-0.0005027 -0.0000966 -0.0515637 
-0.0005028 -0.0001484 -0.0520374 
-0.0005030 -0.0002006 -0.0523393 
-0.0005032 -0.0002530 -0.0524652 
-0.0005035 -0.0003055 -0.0524124 
-0.0005038 -0.0003578 -0.0521795 
-0.0005042 -0.0004097 -0.0517665 
-0.0005046 -0.0004612 -0.0511750 
-0.0005051 -0.0005120 -0.0504083 
-0.0005056 -0.0005619 -0.0494715 
-0.0005062 -0.0006108 -0.0483714 
-0.0005069 -0.0006586 -0.0471169 
-0.0005075 -0.0007050 -0.0457184 
-0.0005083 -0.0007500 -0.0441886 
-0.0005090 -0.0007933 -0.0425415 
-0.0005099 -0.0008350 -0.0407929 
-0.0005107 -0.0008749 -0.0389599 
-0.0005116 -0.0009129 -0.0370606 
-0.0005125 -0.0009490 -0.0351141 
-0.0005135 -0.0009831 -0.0331397 
-0.0005145 -0.0010152 -0.0311572 
-0.0005155 -0.0010454 -0.0291859 
-0.0005166 -0.0010736 -0.0272449 
-0.0005177 -0.0010999 -0.0253521 
-0.0005188 -0.0011244 -0.0235249 
-0.0005199 -0.0011470 -0.0217789 
-0.0005211 -0.0011680 -0.0201287 
-0.0005223 -0.0011873 -0.0185871 
-0.0005235 -0.0012052 -0.0171655 
-0.0005247 -0.0012217 -0.0158734 
-0.0005259 -0.0012370 -0.0147189 
-0.0005271 -0.0012512 -0.0137085 
-0.0005284 -0.0012645 -0.0128472 
-0.0005297 -0.0012770 -0.0121383 
-0.0005310 -0.0012889 -0.0115840 
-0.0005322 -0.0013003 -0.0111850 
-0.0005336 -0.0013113 -0.0109406 
-0.0005349 -0.0013222 -0.0108491 
-0.0005362 -0.0013331 -0.0109070 
-0.0005375 -0.0013441 -0.0111100 
-0.0005389 -0.0013554 -0.0114521 
-0.0005402 -0.0013671 -0.0119259 
-0.0005416 -0.0013793 -0.0125228 
-0.0005430 -0.0013922 -0.0132327 
-0.0005444 -0.0014058 -0.0140439 
-0.0005458 -0.0014203 -0.0149435 
-0.0005472 -0.0014357 -0.0159173 
-0.0005487 -0.0014522 -0.0169499 
-0.0005502 -0.0014697 -0.0180248 
-0.0005516 -0.0014882 -0.0191248 
-0.0005531 -0.0015079 -0.0202320 
-0.0005546 -0.0015287 -0.0213284 
-0.0005562 -0.0015506 -0.0223957 
-0.0005577 -0.0015735 -0.0234163 
-0.0005593 -0.0015974 -0.0243727 
-0.0005609 -0.0016222 -0.0252487 
-0.0005626 -0.0016478 -0.0260289 
-0.0005642 -0.0016742 -0.0266994 
-0.0005659 -0.0017011 -0.0272478 
-0.0005676 -0.0017286 -0.0276635 
-0.0005694 -0.0017564 -0.0279374 
-0.0005712 -0.0017844 -0.0280623 
-0.0005730 -0.0018124 -0.0280329 
-0.0005748 -0.0018404 -0.0278455 
-0.0005766 -0.0018681 -0.0274984 
-0.0005785 -0.0018953 -0.0269910 
-0.0005804 -0.0019220 -0.0263248 
-0.0005824 -0.0019479 -0.0255024 
-0.0005843 -0.0019729 -0.0245277 
-0.0005863 -0.0019969 -0.0234060 
-0.0005883 -0.0020196 -0.0221437 
-0.0005903 -0.0020411 -0.0207484 
-0.0005924 -0.0020611 -0.0192288 
-0.0005945 -0.0020795 -0.0175946 
-0.0005966 -0.0020962 -0.0158565 
-0.0005987 -0.0021111 -0.0140263 
-0.0006008 -0.0021242 -0.0121168 
-0.0006029 -0.0021353 -0.0101417 
-0.0006050 -0.0021445 -0.0081155 
-0.0006072 -0.0021516 -0.0060536 
-0.0006093 -0.0021566 -0.0039721 
-0.0006115 -0.0021595 -0.0018873 
-0.0006137 -0.0021603 0.0001839 
-0.0006158 -0.0021591 0.0022246 
-0.0006180 -0.0021559 0.0042182 
-0.0006201 -0.0021507 0.0061484 
-0.0006223 -0.0021437 0.0079995 
-0.0006244 -0.0021348 0.0097569 
-0.0006265 -0.0021242 0.0114069 
-0.0006287 -0.0021120 0.0129373 
-0.0006308 -0.0020984 0.0143377 
-0.0006329 -0.0020834 0.0155990 
-0.0006349 -0.0020673 0.0167140 
-0.0006370 -0.0020501 0.0176776 
-0.0006390 -0.0020320 0.0184864 
-0.0006411 -0.0020132 0.0191386 
-0.0006431 -0.0019938 0.0196347 
-0.0006450 -0.0019740 0.0199764 
-0.0006470 -0.0019539 0.0201672 
-0.0006490 -0.0019337 0.0202122 
-0.0006509 -0.0019136 0.0201176 
-0.0006528 -0.0018936 0.0198907 
-0.0006547 -0.0018738 0.0195403 
-0.0006565 -0.0018545 0.0190756 
-0.0006584 -0.0018357 0.0185071 
-0.0006602 -0.0018176 0.0178460 
-0.0006620 -0.0018001 0.0171040 
-0.0006638 -0.0017834 0.0162937 
-0.0006656 -0.0017675 0.0154282 
-0.0006673 -0.0017526 0.0145211 
-0.0006691 -0.0017385 0.0135864 
-0.0006708 -0.0017254 0.0126385 
-0.0006725 -0.0017132 0.0116923 
-0.0006742 -0.0017020 0.0107626 
-0.0006759 -0.0016917 0.0098643 
-0.0006776 -0.0016822 0.0090120 
-0.0006793 -0.0016736 0.0082202 
-0.0006810 -0.0016658 0.0075027 
-0.0006826 -0.0016586 0.0068725 
-0.0006843 -0.0016520 0.0063418 
-0.0006859 -0.0016458 0.0059215 
-0.0006876 -0.0016401 0.0056213 
-0.0006892 -0.0016345 0.0054491 
-0.0006909 -0.0016291 0.0054114 
-0.0006925 -0.0016236 0.0055128 
-0.0006941 -0.0016180 0.0057563 
-0.0006957 -0.0016121 0.0061427 
-0.0006973 -0.0016057 0.0066712 
-0.0006989 -0.0015986 0.0073394 
-0.0007005 -0.0015909 0.0081429 
-0.0007021 -0.0015823 0.0090758 
-0.0007037 -0.0015727 0.0101310 
-0.0007053 -0.0015620 0.0112999 
-0.0007068 -0.0015500 0.0125729 
-0.0007084 -0.0015368 0.0139395 
-0.0007099 -0.0015221 0.0153882 
-0.0007114 -0.0015060 0.0169070 
-0.0007129 -0.0014883 0.0184833 
-0.0007144 -0.0014690 0.0201041 
-0.0007158 -0.0014481 0.0217561 
-0.0007173 -0.0014255 0.0234256 
-0.0007187 -0.0014012 0.0250990 
-0.0007201 -0.0013753 0.0267624 
-0.0007214 -0.0013477 0.0284020 
-0.0007228 -0.0013185 0.0300042 
-0.0007241 -0.0012877 0.0315552 
-0.0007253 -0.0012554 0.0330420 
-0.0007266 -0.0012217 0.0344516 
-0.0007278 -0.0011865 0.0357717 
-0.0007289 -0.0011502 0.0369908 
-0.0007301 -0.0011126 0.0380980 
-0.0007312 -0.0010740 0.0390837 
-0.0007322 -0.0010345 0.0399393 
-0.0007332 -0.0009942 0.0406574 
-0.0007342 -0.0009533 0.0412324 
-0.0007351 -0.0009118 0.0416600 
-0.0007360 -0.0008700 0.0419376 
-0.0007369 -0.0008280 0.0420644 
-0.0007377 -0.0007860 0.0420412 
-0.0007385 -0.0007440 0.0418708 
-0.0007392 -0.0007023 0.0415574 
-0.0007399 -0.0006610 0.0411070 
-0.0007405 -0.0006202 0.0405268 
-0.0007411 -0.0005800 0.0398256 
-0.0007417 -0.0005406 0.0390132 
-0.0007422 -0.0005020 0.0381007 
-0.0007427 -0.0004644 0.0370997 
-0.0007431 -0.0004278 0.0360226 
-0.0007435 -0.0003924 0.0348823 
-0.0007439 -0.0003581 0.0336921 
-0.0007442 -0.0003250 0.0324653 
-0.0007446 -0.0002932 0.0312155 
-0.0007448 -0.0002626 0.0299561 
-0.0007451 -0.0002333 0.0287004 
-0.0007453 -0.0002052 0.0274615 
-0.0007455 -0.0001783 0.0262520 
-0.0007457 -0.0001527 0.0250843 
-0.0007458 -0.0001281 0.0239702 
-0.0007459 -0.0001047 0.0229212 
-0.0007460 -0.0000823 0.0219477 
-0.0007461 -0.0000608 0.0210598 
-0.0007461 -0.0000401 0.0202666 
-0.0007462 -0.0000202 0.0195762 
-0.0007462 -0.0000009 0.0189957 
-0.0007462 0.0000179 0.0185312 
-0.0007461 0.0000362 0.0181874 
-0.0007461 0.0000543 0.0179674 
-0.0007460 0.0000722 0.0178733 
-0.0007459 0.0000901 0.0179054 
-0.0007458 0.0001081 0.0180625 
-0.0007457 0.0001263 0.0183419 
-0.0007456 0.0001449 0.0187391 
-0.0007454 0.0001638 0.0192483 
-0.0007453 0.0001834 0.0198623 
-0.0007451 0.0002036 0.0205724 
-0.0007449 0.0002246 0.0213688 
-0.0007446 0.0002464 0.0222407 
-0.0007444 0.0002691 0.0231764 
-0.0007441 0.0002928 0.0241634 
-0.0007438 0.0003174 0.0251888 
-0.0007434 0.0003432 0.0262394 
-0.0007431 0.0003699 0.0273017 
-0.0007427 0.0003978 0.0283624 
-0.0007423 0.0004267 0.0294083 
-0.0007419 0.0004566 0.0304263 
-0.0007414 0.0004875 0.0314040 
-0.0007409 0.0005193 0.0323293 
-0.0007403 0.0005521 0.0331907 
-0.0007398 0.0005857 0.0339776 
-0.0007392 0.0006200 0.0346799 
-0.0007385 0.0006550 0.0352883 
-0.0007379 0.0006905 0.0357943 
-0.0007371 0.0007265 0.0361906 
-0.0007364 0.0007629 0.0364705 
-0.0007356 0.0007994 0.0366284 
-0.0007348 0.0008361 0.0366601 
-0.0007340 0.0008727 0.0365620 
-0.0007331 0.0009091 0.0363322 
-0.0007321 0.0009453 0.0359699 
-0.0007312 0.0009810 0.0354755 
-0.0007302 0.0010162 0.0348509 
-0.0007291 0.0010506 0.0340994 
-0.0007281 0.0010843 0.0332256 
-0.0007270 0.0011170 0.0322354 
-0.0007258 0.0011487 0.0311363 
-0.0007247 0.0011792 0.0299367 
-0.0007235 0.0012085 0.0286463 
-0.0007223 0.0012365 0.0272758 
-0.0007210 0.0012631 0.0258369 
-0.0007197 0.0012881 0.0243417 
-0.0007184 0.0013117 0.0228031 
-0.0007171 0.0013337 0.0212343 
-0.0007158 0.0013542 0.0196487 
-0.0007144 0.0013730 0.0180596 
-0.0007130 0.0013903 0.0164802 
-0.0007116 0.0014060 0.0149233 
-0.0007102 0.0014202 0.0134012 
-0.0007088 0.0014328 0.0119259 
-0.0007073 0.0014440 0.0105082 
-0.0007059 0.0014539 0.0091586 
-0.0007044 0.0014624 0.0078863 
-0.0007030 0.0014697 0.0067000 
-0.0007015 0.0014759 0.0056070 
-0.0007000 0.0014810 0.0046140 
-0.0006985 0.0014851 0.0037263 
-0.0006970 0.0014885 0.0029485 
-0.0006956 0.0014911 0.0022839 
-0.0006941 0.0014931 0.0017347 
-0.0006926 0.0014946 0.0013021 
-0.0006911 0.0014958 0.0009859 
-0.0006896 0.0014966 0.0007852 
-0.0006881 0.0014974 0.0006974 
-0.0006866 0.0014981 0.0007190 
-0.0006851 0.0014989 0.0008454 
-0.0006836 0.0014998 0.0010705 
-0.0006821 0.0015011 0.0013873 
-0.0006806 0.0015026 0.0017878 
-0.0006791 0.0015047 0.0022629 
-0.0006776 0.0015072 0.0028024 
-0.0006761 0.0015103 0.0033955 
-0.0006746 0.0015140 0.0040307 
-0.0006730 0.0015184 0.0046961 
-0.0006715 0.0015234 0.0053791 
-0.0006700 0.0015291 0.0060672 
-0.0006685 0.0015356 0.0067477 
-0.0006669 0.0015426 0.0074083 
-0.0006654 0.0015504 0.0080368 
-0.0006638 0.0015587 0.0086214 
-0.0006623 0.0015676 0.0091512 
-0.0006607 0.0015770 0.0096158 
-0.0006591 0.0015868 0.0100058 
-0.0006575 0.0015969 0.0103126 
-0.0006559 0.0016073 0.0105288 
-0.0006543 0.0016179 0.0106479 
-0.0006527 0.0016286 0.0106645 
-0.0006510 0.0016392 0.0105745 
-0.0006494 0.0016497 0.0103745 
-0.0006477 0.0016599 0.0100628 
-0.0006461 0.0016697 0.0096383 
-0.0006444 0.0016791 0.0091013 
-0.0006427 0.0016879 0.0084531 
-0.0006410 0.0016960 0.0076961 
-0.0006393 0.0017032 0.0068337 
-0.0006376 0.0017096 0.0058703 
-0.0006359 0.0017149 0.0048115 
-0.0006342 0.0017192 0.0036637 
-0.0006325 0.0017222 0.0024344 
-0.0006307 0.0017240 0.0011318 
-0.0006290 0.0017244 -0.0002350 
-0.0006273 0.0017235 -0.0016560 
-0.0006256 0.0017211 -0.0031206 
-0.0006239 0.0017172 -0.0046177 
-0.0006221 0.0017119 -0.0061357 
-0.0006204 0.0017050 -0.0076626 
-0.0006187 0.0016965 -0.0091864 
-0.0006170 0.0016866 -0.0106949 
-0.0006154 0.0016752 -0.0121760 
-0.0006137 0.0016623 -0.0136182 
-0.0006120 0.0016480 -0.0150100 
-0.0006104 0.0016323 -0.0163409 
-0.0006088 0.0016153 -0.0176008 
-0.0006072 0.0015971 -0.0187806 
-0.0006056 0.0015778 -0.0198722 
-0.0006040 0.0015574 -0.0208684 
-0.0006025 0.0015361 -0.0217631 
-0.0006009 0.0015139 -0.0225515 
-0.0005994 0.0014911 -0.0232299 
-0.0005980 0.0014675 -0.0237956 
-0.0005965 0.0014435 -0.0242472 
-0.0005951 0.0014191 -0.0245846 
-0.0005937 0.0013944 -0.0248085 
-0.0005923 0.0013695 -0.0249209 
-0.0005909 0.0013446 -0.0249249 
-0.0005896 0.0013197 -0.0248244 
-0.0005883 0.0012950 -0.0246243 
-0.0005870 0.0012705 -0.0243305 
-0.0005857 0.0012464 -0.0239496 
-0.0005845 0.0012227 -0.0234891 
-0.0005833 0.0011995 -0.0229572 
-0.0005821 0.0011768 -0.0223628 
-0.0005809 0.0011548 -0.0217152 
-0.0005798 0.0011334 -0.0210245 
-0.0005787 0.0011127 -0.0203011 
-0.0005776 0.0010928 -0.0195558 
-0.0005765 0.0010736 -0.0187996 
-0.0005754 0.0010552 -0.0180435 
-0.0005744 0.0010375 -0.0172988 
-0.0005734 0.0010206 -0.0165763 
-0.0005723 0.0010044 -0.0158867 
-0.0005713 0.0009888 -0.0152405 
-0.0005704 0.0009739 -0.0146473 
-0.0005694 0.0009595 -0.0141161 
-0.0005684 0.0009456 -0.0136554 
-0.0005675 0.0009321 -0.0132724 
-0.0005666 0.0009190 -0.0129735 
-0.0005657 0.0009061 -0.0127641 
-0.0005648 0.0008934 -0.0126484 
-0.0005639 0.0008808 -0.0126294 
-0.0005630 0.0008681 -0.0127088 
-0.0005621 0.0008553 -0.0128875 
-0.0005613 0.0008423 -0.0131648 
-0.0005605 0.0008289 -0.0135392 
-0.0005596 0.0008152 -0.0140079 
-0.0005588 0.0008009 -0.0145672 
-0.0005580 0.0007860 -0.0152123 
-0.0005573 0.0007704 -0.0159377 
-0.0005565 0.0007541 -0.0167370 
-0.0005557 0.0007369 -0.0176028 
-0.0005550 0.0007188 -0.0185275 
-0.0005543 0.0006998 -0.0195024 
-0.0005536 0.0006798 -0.0205187 
-0.0005530 0.0006588 -0.0215670 
-0.0005523 0.0006367 -0.0226373 
-0.0005517 0.0006135 -0.0237197 
-0.0005511 0.0005892 -0.0248037 
-0.0005505 0.0005639 -0.0258792 
-0.0005500 0.0005375 -0.0269355 
-0.0005494 0.0005100 -0.0279625 
-0.0005489 0.0004816 -0.0289498 
-0.0005485 0.0004522 -0.0298878 
-0.0005480 0.0004218 -0.0307668 
-0.0005476 0.0003907 -0.0315782 
-0.0005472 0.0003587 -0.0323134 
-0.0005469 0.0003261 -0.0329651 
-0.0005466 0.0002928 -0.0335266 
-0.0005463 0.0002591 -0.0339920 
-0.0005461 0.0002249 -0.0343567 
-0.0005459 0.0001904 -0.0346171 
-0.0005457 0.0001557 -0.0347704 
-0.0005456 0.0001209 -0.0348155 
-0.0005455 0.0000861 -0.0347521 
-0.0005454 0.0000515 -0.0345810 
-0.0005454 0.0000170 -0.0343044 
-0.0005454 -0.0000171 -0.0339254 
-0.0005454 -0.0000508 -0.0334481 
-0.0005455 -0.0000839 -0.0328776 
-0.0005456 -0.0001165 -0.0322200 
-0.0005457 -0.0001483 -0.0314820 
-0.0005458 -0.0001794 -0.0306711 
-0.0005460 -0.0002096 -0.0297955 
-0.0005463 -0.0002390 -0.0288637 
-0.0005465 -0.0002673 -0.0278848 
-0.0005468 -0.0002947 -0.0268681 
-0.0005471 -0.0003211 -0.0258235 
-0.0005474 -0.0003464 -0.0247605 
-0.0005478 -0.0003706 -0.0236892 
-0.0005482 -0.0003937 -0.0226194 
-0.0005486 -0.0004158 -0.0215609 
-0.0005490 -0.0004369 -0.0205233 
-0.0005495 -0.0004569 -0.0195160 
-0.0005499 -0.0004759 -0.0185479 
-0.0005504 -0.0004940 -0.0176277 
-0.0005509 -0.0005112 -0.0167634 
-0.0005514 -0.0005276 -0.0159623 
-0.0005520 -0.0005432 -0.0152312 
-0.0005525 -0.0005581 -0.0145761 
-0.0005531 -0.0005724 -0.0140018 
-0.0005537 -0.0005861 -0.0135127 
-0.0005543 -0.0005994 -0.0131116 
-0.0005549 -0.0006124 -0.0128008 
-0.0005555 -0.0006251 -0.0125813 
-0.0005561 -0.0006376 -0.0124528 
-0.0005568 -0.0006500 -0.0124142 
-0.0005574 -0.0006625 -0.0124633 
-0.0005581 -0.0006750 -0.0125967 
-0.0005588 -0.0006877 -0.0128101 
-0.0005595 -0.0007007 -0.0130983 
-0.0005602 -0.0007139 -0.0134553 
-0.0005609 -0.0007276 -0.0138741 
-0.0005616 -0.0007417 -0.0143472 
-0.0005624 -0.0007563 -0.0148666 
-0.0005631 -0.0007715 -0.0154237 
-0.0005639 -0.0007872 -0.0160096 
-0.0005647 -0.0008035 -0.0166150 
-0.0005655 -0.0008204 -0.0172306 
-0.0005664 -0.0008379 -0.0178470 
-0.0005672 -0.0008561 -0.0184548 
-0.0005681 -0.0008748 -0.0190447 
-0.0005689 -0.0008942 -0.0196075 
-0.0005699 -0.0009140 -0.0201345 
-0.0005708 -0.0009344 -0.0206172 
-0.0005717 -0.0009553 -0.0210474 
-0.0005727 -0.0009765 -0.0214178 
-0.0005737 -0.0009981 -0.0217213 
-0.0005747 -0.0010199 -0.0219514 
-0.0005757 -0.0010419 -0.0221027 
-0.0005768 -0.0010641 -0.0221702 
-0.0005778 -0.0010862 -0.0221499 
-0.0005789 -0.0011083 -0.0220385 
-0.0005801 -0.0011302 -0.0218339 
-0.0005812 -0.0011519 -0.0215348 
-0.0005824 -0.0011733 -0.0211408 
-0.0005835 -0.0011942 -0.0206527 
-0.0005848 -0.0012145 -0.0200722 
-0.0005860 -0.0012343 -0.0194020 
-0.0005872 -0.0012533 -0.0186459 
-0.0005885 -0.0012715 -0.0178084 
-0.0005898 -0.0012889 -0.0168951 
-0.0005911 -0.0013053 -0.0159123 
-0.0005924 -0.0013207 -0.0148670 
-0.0005937 -0.0013350 -0.0137670 
-0.0005950 -0.0013482 -0.0126205 
-0.0005964 -0.0013602 -0.0114361 
-0.0005978 -0.0013710 -0.0102229 
-0.0005991 -0.0013806 -0.0089902 
-0.0006005 -0.0013890 -0.0077472 
-0.0006019 -0.0013961 -0.0065033 
-0.0006033 -0.0014020 -0.0052678 
-0.0006047 -0.0014067 -0.0040499 
-0.0006061 -0.0014101 -0.0028583 
-0.0006075 -0.0014124 -0.0017016 
-0.0006089 -0.0014136 -0.0005877 
-0.0006104 -0.0014136 0.0004757 
-0.0006118 -0.0014126 0.0014816 
-0.0006132 -0.0014107 0.0024237 
-0.0006146 -0.0014078 0.0032961 
-0.0006160 -0.0014041 0.0040940 
-0.0006174 -0.0013997 0.0048131 
-0.0006188 -0.0013945 0.0054499 
-0.0006202 -0.0013888 0.0060019 
-0.0006216 -0.0013826 0.0064672 
-0.0006230 -0.0013759 0.0068451 
-0.0006243 -0.0013689 0.0071356 
-0.0006257 -0.0013617 0.0073397 
-0.0006271 -0.0013543 0.0074594 
-0.0006284 -0.0013468 0.0074973 
-0.0006297 -0.0013393 0.0074573 
-0.0006311 -0.0013319 0.0073439 
-0.0006324 -0.0013247 0.0071624 
-0.0006337 -0.0013176 0.0069189 
-0.0006350 -0.0013109 0.0066201 
-0.0006364 -0.0013044 0.0062736 
-0.0006377 -0.0012983 0.0058870 
-0.0006390 -0.0012927 0.0054688 
-0.0006402 -0.0012874 0.0050274 
-0.0006415 -0.0012826 0.0045716 
-0.0006428 -0.0012783 0.0041104 
-0.0006441 -0.0012744 0.0036525 
-0.0006454 -0.0012710 0.0032066 
-0.0006466 -0.0012680 0.0027813 
-0.0006479 -0.0012654 0.0023848 
-0.0006492 -0.0012632 0.0020248 
-0.0006504 -0.0012613 0.0017087 
-0.0006517 -0.0012597 0.0014433 

