 -1.3445828210396380e+000  6.2417354208022300e-001
 -1.4108911154807940e+000  1.1502577347229920e+000
 -1.5965543399161450e+000  1.0774153080493720e+000
 -1.7026476110222210e+000  1.2392873673240440e+000
 -1.7822175643516840e+000  1.3202233969614380e+000
 -1.8551566882369940e+000  1.4173466325262630e+000
 -1.5965543399161450e+000  1.3040361910338900e+000
 -1.5766618515838740e+000  1.5144698680910890e+000
 -1.6363393165808760e+000  1.5468442799459540e+000
 -1.6893859521339150e+000  1.6115931036559150e+000
 -1.6098159988044520e+000  1.6115931036559150e+000
 -1.4904610688102580e+000  1.6277803095833480e+000
 -1.3976294565926760e+000  1.4497210443811280e+000
 -1.2185970616012910e+000  1.2231001613966110e+000
 -1.1191346199395560e+000  1.1421641317592180e+000
 -1.0594571549423650e+000  1.2554745732514770e+000
 -9.2020973661589880e-001  1.3283169999250960e+000
 -1.0395646666100930e+000  1.1097897199042380e+000
 -8.4727061273040080e-001  1.0693217050855980e+000
 -9.0694807772759220e-001  9.9000439604100600e-001
 -9.6662554272459520e-001  9.8029207248454660e-001
 -9.8651803105705520e-001  1.0450408961943920e+000
 -1.0461954960540580e+000  1.0126664843395270e+000
 -1.1058729610512490e+000  1.0126664843395270e+000
 -1.1549410989376820e+000  1.0547532197508520e+000
 -1.2252278910454440e+000  1.0936025139768050e+000
 -1.2822530242648980e+000  1.1421641317592180e+000
 -1.2822530242648980e+000  1.0693217050855980e+000
 -1.3180595032632140e+000  1.0288536902669590e+000
 -1.3976294565926760e+000  9.9647927841197920e-001
 -1.1854429143807120e+000  1.0126664843395270e+000
 -1.2252278910454440e+000  9.7219846952077260e-001
 -1.1191346199395560e+000  9.7219846952077260e-001
 -1.0196721782776330e+000  9.6410486655711380e-001
 -1.0461954960540580e+000  8.9935604284715320e-001
 -7.4780817106866650e-001  8.6698163099228790e-001
 -6.4171489996277880e-001  9.3982405766590740e-001
 -6.9476153551562840e-001  1.1340705287954440e+000
 -4.8257499330385290e-001  1.1502577347229920e+000
 -5.7540660552143400e-001  1.5630314858735020e+000
 -3.4995840442135190e-001  1.7410907510756060e+000
 -6.9476153551562840e-001  1.9191500162778260e+000
 -7.0802319440393500e-001  1.7329971481119480e+000
 -1.0461954960540580e+000  1.7362345892974340e+000
 -1.1788120849365590e+000  1.6277803095833480e+000
 -1.1125037904954030e+000  1.4740018532723350e+000
 -1.2119662321571370e+000  1.4740018532723350e+000
 -1.3313211621513320e+000  1.5549378829097280e+000
 -1.3445828210396380e+000  1.6196867066195740e+000
 -1.3777369682602160e+000  1.6892916921077070e+000
 -1.3976294565926760e+000  1.9029628103503930e+000
 -1.2384895499337500e+000  1.9709490752457250e+000
 -1.3047978443749070e+000  2.0972092814799300e+000
 -1.0395646666100930e+000  2.0405540607338580e+000
 -5.1572914052443110e-001  2.5099830326304400e+000
 -1.2451203793777160e+000  2.6637614889414530e+000
 -1.6761242932456080e+000  2.5504510474491940e+000
 -1.6827551226897620e+000  2.5099830326304400e+000
 -1.5634001926955670e+000  2.0972092814799300e+000
 -1.5435077043632960e+000  1.8705883984954130e+000
 -1.6761242932456080e+000  1.9515244281328060e+000
 -1.6761242932456080e+000  1.7977459718217930e+000
 -1.7888483937958380e+000  1.8705883984954130e+000
 -1.9745116182311880e+000  1.9838988399876710e+000
 -2.6044404154227380e+000  2.0810220755524970e+000
 -1.5103352109769460e-001  2.0810220755524970e+000
  1.6724629222015700e-001  2.2024261200085300e+000
  4.4574112887327720e-001  1.9385746633907450e+000
  6.8445098886166590e-001  2.0000860459152190e+000
  7.2423596552639740e-001  1.7896523688580200e+000
  8.5685255440870990e-001  1.6115931036559150e+000
  7.0434347719393740e-001  1.3655475735583640e+000
  9.7620748440290420e-001  1.4335338384536960e+000
  8.8337587218532320e-001  1.2231001613966110e+000
  7.1760513608224410e-001  1.1745385436141980e+000
  5.7835771775558980e-001  1.1502577347229920e+000
  4.4574112887327720e-001  1.0855089110130310e+000
  2.6007790443773810e-001  1.1826321465778570e+000
  4.5237195831743050e-001  1.2716617791790240e+000
  4.5900278776139540e-001  1.4335338384536960e+000
  1.6061546277600370e-001  1.4820954562361090e+000
  1.6724629222015700e-001  1.5954058977283680e+000
  1.4735380388769700e-001  1.7734651629305870e+000
  1.4737215005384520e-002  1.6277803095833480e+000
 -1.7755683887411940e-001  1.4740018532723350e+000
 -8.4725226656538350e-002  1.3525978088163030e+000
 -3.1017342775662040e-001  1.4335338384536960e+000
 -2.3060347442715760e-001  1.1664449406504240e+000
 -1.9081849776242610e-001  1.0223788078959860e+000
 -2.9028093942434900e-001  1.0045728813757530e+000
 -3.4995840442135190e-001  8.9935604284715320e-001
 -1.8418766831827280e-001  8.9126243988349440e-001
 -4.4940249991806890e-002  1.0774153080493720e+000
  7.4414680002387480e-002  1.2878489851064570e+000
  6.7783850558234160e-002  1.0936025139768050e+000
  2.6007790443773810e-001  9.8838567544832040e-001
  3.7943283443193250e-001  9.8838567544832040e-001
  4.3247946998497060e-001  8.9126243988349440e-001
  5.5448673175690170e-001  8.4270082210108140e-001
  3.1312453999077620e-001  8.3460721913730750e-001
  1.3807064266599550e-001  6.1607993911644920e-001
  3.2638619887908280e-001  4.6230148280543640e-001
  3.2903853065663110e-001  5.6751832133403620e-001
  2.7333956332604480e-001  5.2705030651539710e-001
  1.6724629222015700e-001  5.1086310058784930e-001
  1.3011364733297380e-001  4.2183346798679720e-001
  7.7067011780124190e-002  4.3154579154325680e-001
 -1.4438434548777010e-002  4.8658229169664290e-001
 -1.8416932215193610e-002  5.5133111540660350e-001
  4.7891362225962660e-002  6.0798633615267540e-001
 -5.1552733270754350e-003  7.1320317468127510e-001
 -1.1787937387711650e-001  7.2129677764504900e-001
 -9.7986885544656520e-002  5.9179913022524270e-001
 -1.8020917065185620e-001  6.7273515986263600e-001
 -2.2264647909432430e-001  5.6266215955574890e-001
 -2.7701928053604230e-001  6.1607993911644920e-001
 -2.7038845109188900e-001  7.1805933645956240e-001
 -3.6985089275381180e-001  7.3748398357248160e-001
 -3.6985089275381180e-001  6.7273515986263600e-001
 -4.9583665219197110e-001  7.1320317468127510e-001
 -4.2554986008439820e-001  5.1571926236613670e-001
 -3.3404441375549700e-001  5.5133111540660350e-001
 -2.4784363098188080e-001  4.9467589466041670e-001
 -2.5712679220358240e-001  4.3802067391423000e-001
 -3.3934907731078200e-001  4.6230148280543640e-001
 -4.0035270819665320e-001  4.3154579154325680e-001
 -3.0619493009020380e-001  3.7327185020438430e-001
 -4.4940249991806890e-002  3.0852302649453860e-001
  2.1368044449537840e-002  3.0042942353076480e-001
  9.8285666001264040e-002  3.2956639420025860e-001
  1.6989862399770530e-001  3.6517824724061050e-001
  2.4681624554961990e-001  3.8136545316815810e-001
  2.4018541610546660e-001  3.8945905613181700e-001
  2.9986288110246960e-001  4.6230148280543640e-001
  2.6007790443773810e-001  3.8945905613181700e-001
  2.4681624554961990e-001  3.1985407064368400e-001
  1.5000613566543380e-001  2.7614861463955840e-001
  8.7676338890694110e-002  2.5996140871212570e-001
  7.4414680002387480e-002  1.7902537907473240e-001
  5.4540537834944920e-003  2.1949339389337150e-001
 -6.0854240657661780e-002  2.3891804100640580e-001
 -2.7700093437083640e-002  1.6283817314729970e-001
 -1.1124854443296320e-001  9.3233187659166820e-002
 -5.9528074768793430e-002  1.0618295240111290e-001
 -7.1463567768231710e-002  6.5714937582473790e-002
 -3.1678591103500250e-002  4.1434128691267310e-002
  3.4629703337656020e-002  7.3808540546132620e-002
 -1.1786102771228760e-002  9.3233187659166820e-002
  4.1278878948145960e-003  1.2237015832854560e-001
  2.1368044449537840e-002  1.0618295240111290e-001
  7.4414680002387480e-002  1.1589527595757250e-001
  7.7067011780124190e-002  6.5714937582473790e-002
  3.4629703337656020e-002  9.0597168362869840e-003
  1.0756882722296560e-001 -2.3314695018578320e-002
  1.3011364733297380e-001 -3.8900479056591400e-003
  1.5398463333185040e-001 -2.3314695018578320e-002
  1.3674447677712720e-001  5.7621334618699960e-002
  1.6724629222015700e-001  1.9521258500216500e-001
  1.4072297444354380e-001  1.3046376129231940e-001
  1.1419965666711890e-001  9.4851908251852560e-002
  1.8050795110827520e-001  8.0283422917220700e-002
  2.2692375721716000e-001  1.9035642322399280e-001
  2.7333956332604480e-001  1.3855736425609320e-001
  3.3301702832323620e-001  1.3855736425609320e-001
  4.6961211487215380e-001  1.6283817314729970e-001
  3.3964785776720100e-001  2.1139979092971270e-001
  2.7333956332604480e-001  2.2758699685714540e-001
  4.0065148865326080e-001  2.9233582056699100e-001
  2.3355458666131330e-001  2.6967373226858520e-001
  2.7997039277019810e-001  3.0204814412356560e-001
  3.2638619887908280e-001  3.2956639420025860e-001
  3.0251521288020620e-001  3.6517824724061050e-001
  4.0595615220854580e-001  4.0726498265205040e-001
  3.8606366387608580e-001  4.6230148280543640e-001
  3.5688801432192430e-001  5.0276949762419050e-001
  4.9878776442612680e-001  6.6464155689886220e-001
  7.4412845385866890e-001  6.2417354208022300e-001
  6.5792767108505270e-001  5.6266215955574890e-001
  5.3194191164689340e-001  4.9467589466041670e-001
  5.7835771775558980e-001  3.9431521791010420e-001
  5.7172688831162490e-001  2.9233582056699100e-001
  5.3326807753557340e-001  1.9035642322399280e-001
  5.8498854719974300e-001  1.9845002618776660e-001
  6.6455850052920600e-001  2.1949339389337150e-001
  7.3749762441451560e-001  2.1949339389337150e-001
  8.1043674830001370e-001  3.0042942353076480e-001
  7.3086679497055070e-001  4.4935171806349030e-001
  8.7011421329701650e-001  6.4845435097142940e-001
  1.1194334003959750e+000  6.2417354208022300e-001
  1.1751323677265620e+000  7.8766432194758030e-001
  8.6480954974173160e-001  8.6698163099228790e-001
  1.2215481738354460e+000  9.7219846952077260e-001
  1.0292541199559420e+000  1.0045728813757530e+000
  1.2745948093884840e+000  1.3525978088163030e+000
  1.4178207253815550e+000  1.4011594265987160e+000
  1.7586453588092270e+000  5.8370552726146880e-001
  2.1697567843448480e+000  8.9126243988349440e-001
  2.4349899621096620e+000  9.0744964581092700e-001
  2.1962801021212730e+000  1.1745385436141980e+000
  2.4880365976627000e+000  4.2183346798679720e-001
  2.7400081165393950e+000  9.8089349437339100e-002
  2.1498642960125770e+000 -3.3896521060426260e-001
  2.0901868310153850e+000  2.5246922763834660e-002
  1.8912619476917280e+000  2.5186780574835190e-001
  1.8912619476917280e+000 -1.7223698955141880e-001
  1.2082865149471400e+000  4.5420787984177760e-001
  1.2414406621679060e+000  2.3244315863543270e-001
  1.2281790032796000e+000  1.6769433492547200e-001
  1.2454191598343230e+000  8.9995746473680280e-002
  1.1486090499501370e+000  8.5139584695392970e-002
  1.1552398793942900e+000  2.0390760985547350e-002
  1.0823007555089800e+000  8.3520864102707220e-002
  1.0226232905117890e+000  1.3855736425609320e-001
  1.0756699260648270e+000  3.0852302649453860e-001
  9.3642250773817280e-001  3.0042942353076480e-001
  9.0326836051759480e-001  1.8226282026021890e-001
  7.9850125530057540e-001  1.0618295240111290e-001
  6.4466601219693450e-001  1.1427655536488680e-001
  4.8950460320442530e-001  8.9995746473680280e-002
  6.5792767108505270e-001  3.3340525727493470e-002
  7.1097430663809080e-001 -4.4358062724298280e-002
  8.5685255440870990e-001  2.5848344653139220e-003
  9.0989918996174800e-001 -4.9214224502585590e-002
  8.5420022263116170e-001  3.0103084542006940e-002
  7.1097430663809080e-001 -1.6899954836581720e-001
  5.9427170842163310e-001 -3.0659079874939740e-001
  8.6348338385286330e-001 -2.2565476911200400e-001
  7.9054425996755360e-001 -3.5191497534632380e-001
  7.1097430663809080e-001 -5.0893087284270810e-001
  8.3032923663228510e-001 -5.7853585833084100e-001
  9.7620748440290420e-001 -4.6036925506029510e-001
  9.5631499607063280e-001 -3.7943322542301680e-001
  1.1088240732854050e+000 -3.5353369593900960e-001
  1.0292541199559420e+000 -2.0137396022079760e-001
  1.0027308021795180e+000 -3.6264459760639460e-002
  1.0823007555089800e+000 -3.7883180353325220e-002
  1.2215481738354460e+000 -8.8063518728538970e-002
  1.2295051691684680e+000 -2.1756116614823020e-001
  1.9774627304653440e+000 -4.6846285802406900e-001
  1.9509394126889190e+000 -4.7655646098784280e-001
  1.8594339663600180e+000 -8.4886219731959890e-001
  2.0875344992378370e+000 -8.4076859435594010e-001
  2.1697567843448480e+000 -6.1900387314959520e-001
  2.3288966910037740e+000 -7.1127094693613380e-001
  2.4814057682185460e+000 -8.6504940324714650e-001
  2.6670689926538970e+000 -8.8447405036006580e-001
  2.7267464576510880e+000 -7.6792616768232060e-001
  2.5278215743274320e+000 -7.4688279997660070e-001
  2.6339148454333190e+000 -6.4328468204080170e-001
  2.5344524037715840e+000 -5.4939888766146230e-001
  2.4084666443332370e+000 -4.1180763727788210e-001
  2.4814057682185460e+000 -2.9525975460013700e-001
  2.8129472404247040e+000 -3.7133962245924300e-001
  2.9747394788611780e+000 -7.0803350575064730e-001
  3.0914420770778250e+000 -9.5407903584819860e-001
  2.8195780698688580e+000 -1.1046200509736100e+000
  2.2095417610095800e+000 -1.1564191099415090e+000
  1.5265846744298200e-001 -1.4795618066021230e-001
  2.1631443010659000e-001 -1.4148129828912420e-001
  2.6670873388189140e-001 -1.4471873947461080e-001
  3.1312453999077620e-001 -2.0137396022079760e-001
  2.9986288110246960e-001 -2.3374837207577790e-001
  3.5954034609966100e-001 -2.6612278393064320e-001
  2.4681624554961990e-001 -2.9849719578562350e-001
  1.9376960999658180e-001 -2.1756116614823020e-001
  1.8050795110827520e-001 -2.6612278393064320e-001
  2.1366209832904180e-001 -3.2277800467683000e-001
  3.7943283443193250e-001 -3.8752682838667560e-001
  4.7889527609385530e-001 -1.4471873947461080e-001
  5.5183439997916490e-001 -1.0107342565942700e+000
  4.0595615220854580e-001 -1.2211679336514700e+000
  4.9878776442612680e-001 -1.3101975662525220e+000
  5.5448673175690170e-001 -1.1645127129052830e+000
  8.0380591885586030e-001 -1.0592958743766830e+000
  9.8283831384705760e-001 -7.9220697657352710e-001
  1.0823007555089800e+000 -6.9832118219418770e-001
  1.1154549027295590e+000 -8.6181196206154500e-001
  1.2348098327237530e+000 -7.0317734397236000e-001
  1.1021932438412520e+000 -5.6882353477438140e-001
  1.2149173443912930e+000 -4.6036925506029510e-001
  1.4536272043796820e+000 -4.7655646098784280e-001
  1.7055987232563770e+000 -5.1216831402819460e-001
  1.6061362815944540e+000 -6.9508374100870120e-001
  1.5464588165974510e+000 -1.1159510951228700e+000
  1.6392904288152210e+000 -1.7148777144392590e+000
  2.0835560015712320e+000 -1.8848433766777040e+000
  1.8382153121386900e+000 -2.4109275693204730e+000
  1.2149173443912930e+000 -2.2490555100458020e+000
  1.0093616316234820e+000 -1.9819666122425300e+000
  1.3077489566090620e+000 -1.9172177885326840e+000
  1.0889315849529450e+000 -1.5044440373821740e+000
  1.0159924610676360e+000 -1.2244053748369560e+000
  6.7118932997335930e-001 -1.3878961547044290e+000
  6.9771264774978410e-001 -1.7229713174030320e+000
  8.1706757774397850e-001 -1.5335810080516680e+000
  9.8814297740234260e-001 -1.6161357582817470e+000
  9.4968416662647940e-001 -1.7100215526610860e+000
  8.5685255440870990e-001 -1.8443753618590650e+000
  8.4359089552059170e-001 -2.3299915396831940e+000
  5.7835771775558980e-001 -2.5485188197040530e+000
  6.2477352386447450e-001 -2.3138043337556470e+000
  4.1258698165269910e-001 -1.9657794063150970e+000
  8.1045509446540790e-002 -1.8524689648228390e+000
  3.9932532276439240e-001 -1.5610992581283610e+000
 -1.3114103276542310e-001 -1.1564191099415090e+000
  8.1063855612312030e-003 -1.0350150654854770e+000
 -1.5103352109769460e-001 -9.2979822695699220e-001
 -3.7648172219777670e-001 -9.7026624177563140e-001
 -5.6479727841086400e-001 -9.8645344770306400e-001
 -4.8124882741498450e-001 -9.1361102102955960e-001
 -5.3562162885670250e-001 -6.5461572618994700e-001
 -6.4834572940693200e-001 -6.2224131433508170e-001
 -5.4888328774500920e-001 -8.0030057953718590e-001
 -6.4834572940693200e-001 -8.9256765332383960e-001
 -7.4780817106866650e-001 -1.0269214625218180e+000
 -1.0196721782776330e+000 -9.4598543288442480e-001
 -9.0694807772759220e-001 -1.0997638891954380e+000
 -6.9476153551562840e-001 -1.1968871247602640e+000
 -6.1519158218616540e-001 -1.0754830803042310e+000
 -4.8257499330385290e-001 -1.0592958743766830e+000
 -6.3508407051862540e-001 -1.4154144047811220e+000
 -7.8096231828924460e-001 -1.3344783751437280e+000
 -8.8042475995116740e-001 -1.2907729191396030e+000
 -9.6795170861346360e-001 -1.2778231543975420e+000
 -8.8705558939513230e-001 -1.4558824195997610e+000
 -7.4780817106866650e-001 -1.7780078175564180e+000
 -7.5443900051281980e-001 -1.6015672729470000e+000
 -6.1519158218616540e-001 -1.5368184492371540e+000
 -3.8311255164193000e-001 -1.6744096996206200e+000
 -1.9744932720657940e-001 -1.6420352877656390e+000
 -4.1626669886250820e-001 -1.9172177885326840e+000
 -5.9529909385389390e-001 -2.1033706566985620e+000
 -8.0085480662170450e-001 -2.0548090389161500e+000
 -1.0196721782776330e+000 -1.8929369796414780e+000
 -1.2119662321571370e+000 -1.8686561707502710e+000
 -1.1456579377159810e+000 -1.6420352877656390e+000
 -1.0660879843865180e+000 -1.4316016107085540e+000
 -1.2756221948207450e+000 -1.4477888166359870e+000
 -1.2345110522671460e+000 -1.2794418749903430e+000
 -1.1788120849365590e+000 -1.1726063158690570e+000
 -1.2119662321571370e+000 -1.0706269185259440e+000
 -2.2397447959960020e+000 -1.1321383010503030e+000
 -1.8750491765692660e+000 -9.1361102102955960e-001
 -1.5832926810280270e+000 -1.1159510951228700e+000
 -1.6429701460250300e+000 -1.5125376403459480e+000
 -1.4506760921455260e+000 -2.3299915396831940e+000
 -1.4095649495919260e+000 -2.1681194804084080e+000
 -1.7092784404663750e+000 -2.2166810981908210e+000
 -1.8087408821281090e+000 -1.8589438471938120e+000
 -2.6707487098638940e+000 -1.3992271988535740e+000
 -2.9625052054053220e+000 -1.6420352877656390e+000
 -3.0022901820700520e+000 -2.2490555100458020e+000
 -3.2675233598348660e+000 -2.5485188197040530e+000
 -3.0022901820700520e+000 -2.7184844819424980e+000
 -2.6972720276405080e+000 -2.6618292611963120e+000
 -2.7039028570844720e+000 -3.0179477916006350e+000
  3.5290951665550770e-001  1.2297158021773510e-002
  5.1204942331443350e-001 -7.1876312800991300e-002
  5.8764087897747970e-001 -1.0425072465597160e-001
  4.8552610553800870e-001 -1.5281234243838460e-001
  4.5237195831743050e-001 -2.1270500437005790e-001
  3.9932532276439240e-001 -1.0425072465597160e-001
  3.2638619887908280e-001 -1.3662513651095200e-001
  3.9932532276439240e-001 -2.3314695018578320e-002
  3.4629703337656020e-002 -1.0748816584145820e-001
  4.1260532781809340e-002 -1.4471873947461080e-001
 -3.1678591103500250e-002 -1.8194931310787840e-001
 -7.4115899545968420e-002 -1.5281234243838460e-001
 -1.1124854443296320e-001 -9.6157121692197780e-002
 -8.8703724322954950e-002 -6.3782709837332470e-002
 -1.8816616598487780e-001 -3.3027018575152930e-002
 -1.9479699542884270e-001 -7.1274890911456710e-003
 -2.2132031320545600e-001  2.8484363949321180e-002
 -2.9823793475718220e-001  6.8952378767960330e-002
 -2.8895477353548060e-001  3.6577966912980000e-002
 -2.6110528987018740e-001  1.2237015832854560e-001
 -2.9691176886831380e-001  1.5474457018352590e-001
 -2.4386513331546420e-001  1.6283817314729970e-001
 -2.1734181553885090e-001  1.3531992307060670e-001
 -2.1734181553885090e-001  1.7902537907473240e-001
 -1.3777186220938800e-001  2.1949339389337150e-001
 -2.0408015665073270e-001  2.0330618796593890e-001
 -4.4279001663912140e-001  1.9845002618776660e-001
 -4.6268250497139300e-001  1.7093177611095860e-001
 -4.2289752830666150e-001  1.1427655536488680e-001
 -4.3615918719496810e-001  7.8664702324419910e-002
 -4.4544234841666970e-001  1.0780167299391370e-001
 -4.6268250497139300e-001  1.3531992307060670e-001
 -4.8920582274800620e-001  1.4665096721975210e-001
 -5.2501230174613260e-001  1.8873770263119200e-001
 -6.0325608918672710e-001  2.1949339389337150e-001
 -7.0139236495978160e-001  2.6805501167578450e-001
 -4.8257499330385290e-001  6.5714937582473790e-002
 -5.2633846763500090e-001 -2.4993557800321060e-001
 -4.8257499330385290e-001 -2.7745382807990360e-001
 -4.5605167552723960e-001 -2.7259766630173120e-001
 -4.0300503997439000e-001 -2.7745382807990360e-001
 -4.1626669886250820e-001 -2.2727348970480480e-001
 -4.4279001663912140e-001 -1.2043793058340430e-001
 -3.1017342775662040e-001 -2.1432372496274370e-001
 -3.1547809131190540e-001 -2.4831685741052480e-001
 -3.4995840442135190e-001 -2.4184197503943670e-001
 -3.4995840442135190e-001 -2.8554743104367740e-001
 -3.0752109597907220e-001 -2.9849719578562350e-001
 -2.9028093942434900e-001 -2.6450406333795740e-001
 -3.2343508664492710e-001 -1.7385571014410460e-001
 -2.3060347442715760e-001  5.4383893433213430e-002
 -1.8153533654072450e-001 -1.2043793058340430e-001
 -1.6827367765241780e-001 -1.8518675429336490e-001
 -1.4440269165354130e-001 -1.6899954836581720e-001
 -1.3511953043183970e-001 -1.4471873947461080e-001
 -1.0196538321126160e-001 -1.8842419547885140e-001
 -1.2451020332126980e-001 -2.1756116614823020e-001
 -1.4970735520882620e-001 -2.4184197503943670e-001
 -1.9081849776242610e-001 -2.9040359282184970e-001
 -1.4440269165354130e-001 -3.4220265178974920e-001
 -1.1522704209937980e-001 -3.2277800467683000e-001
 -8.7377558434086590e-002 -2.5479173978149780e-001
 -5.1571079435960210e-002 -2.8392871045087660e-001
  2.9325039782371060e-002 -2.6774150452344400e-001
  7.1762348224839220e-002 -2.8230998985819090e-001
  1.1419965666711890e-001 -2.3698581326126440e-001
  1.3409214499957890e-001 -3.1468440171305620e-001
  7.3088514113519120e-002 -3.5029625475352300e-001
  3.4629703337656020e-002 -3.9562043135044950e-001
  1.7389546782932770e-002 -3.1954056349134340e-001
 -7.8076051046236870e-003 -3.6810218127375640e-001
 -2.9026259325952000e-002 -3.2925288704780310e-001
 -5.6875742991245170e-002 -3.6324601949546920e-001
 -1.0461771498880980e-001 -3.9562043135044950e-001
 -2.2395429881798680e-002 -4.4418204913286240e-001
 -7.8094397212385020e-002 -4.6036925506029510e-001
 -5.8201908879925070e-002 -5.0245599047173510e-001
 -9.1356056100691660e-002 -5.6558609358889490e-001
 -1.1787937387711650e-001 -5.2188063758476920e-001
 -1.3777186220938800e-001 -4.8141262276601500e-001
 -1.4440269165354130e-001 -4.3932588735457510e-001
 -1.5766435054184790e-001 -4.0047659312873680e-001
 -1.5766435054184790e-001 -3.6648346068095560e-001
 -2.5712679220358240e-001 -3.6324601949546920e-001
 -3.2210892075605880e-001 -3.8752682838667560e-001
 -2.9028093942434900e-001 -5.0893087284270810e-001
 -2.9691176886831380e-001 -4.4418204913286240e-001
 -2.4651746509301240e-001 -4.4094460794737600e-001
 -2.1071098609488600e-001 -3.9562043135044950e-001
 -1.8418766831827280e-001 -4.4418204913286240e-001
 -2.3060347442715760e-001 -4.7979390217332930e-001
 -2.5712679220358240e-001 -5.2511807877025570e-001
 -2.1734181553885090e-001 -5.5749249062512110e-001
 -1.8020917065185620e-001 -5.1702447580648190e-001
 -1.3777186220938800e-001 -5.7367969655266870e-001
 -2.0408015665073270e-001 -5.9796050544387520e-001
 -2.9691176886831380e-001 -6.0605410840753400e-001
 -2.1734181553885090e-001 -6.3842852026251440e-001
 -1.4440269165354130e-001 -6.4166596144800090e-001
 -7.1463567768231710e-002 -6.2224131433508170e-001
 -6.2180406546530130e-002 -6.9508374100870120e-001
 -6.4832738324078390e-002 -7.5173896175477290e-001
 -1.1787937387711650e-001 -7.6792616768232060e-001
 -1.7755683887411940e-001 -7.6792616768232060e-001
 -1.7755683887411940e-001 -7.0641478515784650e-001
 -2.8365010998019560e-001 -6.7889653508115340e-001
 -3.3669674553304520e-001 -7.5983256471854680e-001
 -2.7304078286962570e-001 -7.9220697657352710e-001
 -1.5103352109769460e-001 -8.4886219731959890e-001
 -1.8416932215193610e-002 -8.3267499139216630e-001
 -1.8416932215193610e-002 -7.7601977064597950e-001
  1.2746131555542560e-001 -6.2224131433508170e-001
  1.8050795110827520e-001 -7.8411337360975330e-001
  1.6724629222015700e-001 -7.1127094693613380e-001
  2.3355458666131330e-001 -7.8411337360975330e-001
  3.4627868721135440e-001 -7.5497640294025950e-001
  3.5688801432192430e-001 -6.7080293211749460e-001
  2.2294525955074340e-001 -5.2511807877025570e-001
 -1.8416932215193610e-002 -5.4130528469768830e-001
 -7.0137401879363350e-002 -4.6198797565309590e-001
  1.4755561170778840e-003 -4.6036925506029510e-001
 -4.7592581769355140e-002 -3.9562043135044950e-001
 -7.8076051046236870e-003 -4.0695147549970980e-001
  1.4072297444354380e-001 -3.5515241653181040e-001
  5.8896704486634810e-001 -6.8699013804492740e-001
  5.1204942331443350e-001 -7.0317734397236000e-001
  4.4574112887327720e-001 -8.0839418250095970e-001
  5.4520357053501170e-001 -9.0066125628749840e-001
  3.1842920354606120e-001 -1.0107342565942700e+000
  2.4681624554961990e-001 -1.1483255069778510e+000
  2.0040043944073520e-001 -9.9454705066683780e-001
  1.1419965666711890e-001 -8.9742381510201190e-001
 -4.9716281808083950e-001  2.9071709997430520e-001
 -4.4544234841666970e-001  2.7614861463955840e-001
 -4.2289752830666150e-001  3.2956639420025860e-001
 -5.3562162885670250e-001  3.5222848249866440e-001
 -3.5393690208776850e-001  4.5744532102726420e-001
 -5.8203743496558740e-001  4.8172612991847060e-001
 -5.8203743496558740e-001  5.4323751244282970e-001
 -6.0856075274220060e-001  6.1931738030193570e-001
 -7.3454651218035980e-001  5.8370552726146880e-001
 -8.1809496317642780e-001  5.3676263007185670e-001
 -6.8149987662751020e-001  4.7039508576921020e-001
 -7.6770065940093790e-001  4.2992707095057110e-001
 -8.5390144217455420e-001  3.4899104131317780e-001
 -9.3347139550401700e-001  2.3891804100640580e-001
 -8.6716310106286080e-001  1.7902537907473240e-001
 -8.1676879728755950e-001  1.5474457018352590e-001
 -9.1357890717174560e-001  1.2237015832854560e-001
 -9.7988720161290180e-001  7.3808540546132620e-002
