F: Fock matrix
-18.74
-4.74 -1.74
-3.34 -1.65 -1.26
-0.01 -0.07 -0.07 -0.10
-0.02 -0.10 -0.10  0.02 -0.08
 0.00  0.00  0.00  0.00  0.00 -0.02
 0.00 -0.05 -0.10 -0.44  0.02  0.00 -0.06
 0.00 -0.06 -0.14  0.02 -0.43  0.00  0.04 -0.03
 0.00  0.00  0.00  0.00  0.00 -0.37  0.00  0.00  0.11
-0.63 -0.56 -0.51 -0.38 -0.02  0.00 -0.29 -0.02  0.00 -0.17
-1.34 -0.84 -0.70 -0.22 -0.05  0.00 -0.16 -0.07  0.00 -0.48 -0.44
-0.63 -0.56 -0.51  0.11 -0.36  0.00  0.08 -0.28  0.00 -0.11 -0.26 -0.17
-1.34 -0.84 -0.70  0.03 -0.22  0.00 -0.02 -0.18  0.00 -0.26 -0.39 -0.48 -0.44
S: overlap matrix
 1.00
 0.23  1.00
 0.17  0.76  1.00
 0.00  0.00  0.00  1.00
 0.00  0.00  0.00  0.00  1.00
 0.00  0.00  0.00  0.00  0.00  1.00
 0.00  0.00  0.00  0.50  0.00  0.00  1.00
 0.00  0.00  0.00  0.00  0.50  0.00  0.00  1.00
 0.00  0.00  0.00  0.00  0.00  0.50  0.00  0.00  1.00
 0.03  0.23  0.41  0.27  0.01  0.00  0.58  0.01  0.00  1.00
 0.07  0.37  0.67  0.15  0.00  0.00  0.49  0.01  0.00  0.66  1.00
 0.03  0.23  0.41 -0.08  0.26  0.00 -0.18  0.55  0.00  0.04  0.20  1.00
 0.07  0.37  0.67 -0.05  0.14  0.00 -0.15  0.46  0.00  0.20  0.49  0.66  1.00
