1960	1	5.2	4.72	4.35	4.61	5.34	1460	1092	24.1414	30.5
1960	2	4.8	4.49	3.96	4.56	5.34	1503	1088	23.9266	30.6
1960	3	5.4	4.25	3.31	4.49	5.25	1109	955	23.7118	30.6
1960	4	5.2	4.28	3.23	4.45	5.2	1289	1016	23.5238	30.6
1960	5	5.1	4.35	3.29	4.46	5.28	1271	1052	23.497	30.6
1960	6	5.4	4.15	2.46	4.45	5.26	1247	958	23.2016	30.7
1960	7	5.5	3.9	2.3	4.41	5.22	1197	999	23.121	30.6
1960	8	5.6	3.8	2.3	4.28	5.08	1344	994	23.0941	30.6
1960	9	5.5	3.8	2.48	4.25	5.01	1097	984	22.8525	30.6
1960	10	6.1	3.89	2.3	4.3	5.11	1246	972	22.8256	30.8
1960	11	6.1	3.93	2.37	4.31	5.08	1246	979	22.5034	30.8
1960	12	6.6	3.84	2.25	4.35	5.1	1063	951	22.0737	30.7
1961	1	6.6	3.84	2.24	4.32	5.1	1183	969	22.1006	30.8
1961	2	6.9	3.78	2.42	4.27	5.07	1226	961	22.0737	30.8
1961	3	6.9	3.74	2.39	4.22	5.02	1312	1000	22.208	30.9
1961	4	7	3.78	2.29	4.25	5.01	1166	1002	22.6645	30.9
1961	5	7.1	3.71	2.29	4.27	5.01	1228	1027	23.0136	30.9
1961	6	6.9	3.88	2.33	4.33	5.03	1382	1070	23.3358	31
1961	7	7	3.92	2.24	4.41	5.09	1335	1083	23.6044	31
1961	8	6.6	4.04	2.39	4.45	5.11	1312	1159	23.8192	31.1
1961	9	6.7	3.98	2.28	4.45	5.12	1429	1098	23.7924	31.1
1961	10	6.5	3.92	2.3	4.42	5.13	1415	1123	24.2489	31.1
1961	11	6.1	3.94	2.48	4.39	5.11	1385	1152	24.6248	31.2
1961	12	6	4.06	2.6	4.42	5.1	1365	1161	24.8396	31.2
1962	1	5.8	4.08	2.72	4.42	5.08	1361	1122	24.6248	31.2
1962	2	5.5	4.04	2.73	4.42	5.07	1278	1194	25.0276	31.2
1962	3	5.6	3.93	2.72	4.39	5.04	1443	1134	25.1619	31.3
1962	4	5.6	3.84	2.73	4.33	5.02	1524	1235	25.2156	31.3
1962	5	5.5	3.87	2.69	4.28	5	1483	1142	25.1887	31.4
1962	6	5.5	3.91	2.73	4.28	5.02	1404	1154	25.135	31.4
1962	7	5.4	4.01	2.92	4.34	5.05	1450	1189	25.3767	31.4
1962	8	5.7	3.98	2.82	4.35	5.06	1517	1200	25.4036	31.5
1962	9	5.6	3.98	2.78	4.32	5.03	1324	1223	25.5647	31.5
1962	10	5.4	3.93	2.74	4.28	4.99	1533	1181	25.5915	31.5
1962	11	5.7	3.92	2.83	4.25	4.96	1622	1236	25.6989	31.5
1962	12	5.5	3.86	2.87	4.24	4.92	1564	1236	25.699	31.6
1963	1	5.7	3.83	2.91	4.21	4.91	1244	1248	25.8869	31.5
1963	2	5.9	3.92	2.92	4.19	4.89	1456	1212	26.1823	31.6
1963	3	5.7	3.93	2.89	4.19	4.88	1534	1258	26.3435	31.7
1963	4	5.7	3.97	2.9	4.21	4.87	1689	1288	26.5851	31.7
1963	5	5.9	3.93	2.93	4.22	4.85	1641	1350	26.9074	31.7
1963	6	5.6	3.99	2.99	4.23	4.84	1588	1345	26.9879	31.8
1963	7	5.6	4.02	3.18	4.26	4.84	1614	1321	26.8805	31.8
1963	8	5.4	4	3.32	4.29	4.83	1639	1310	26.9342	31.9
1963	9	5.5	4.08	3.38	4.31	4.84	1763	1413	27.2028	31.9
1963	10	5.5	4.11	3.45	4.32	4.83	1779	1414	27.3907	32
1963	11	5.7	4.12	3.52	4.33	4.84	1622	1357	27.525	32
1963	12	5.5	4.13	3.52	4.35	4.85	1491	1423	27.4713	32.1
1964	1	5.6	4.17	3.52	4.39	4.83	1603	1296	27.713	32.2
1964	2	5.4	4.15	3.53	4.36	4.83	1820	1442	27.901	32.2
1964	3	5.4	4.22	3.54	4.38	4.83	1517	1313	27.901	32.2
1964	4	5.3	4.23	3.47	4.4	4.85	1448	1264	28.3575	32.2
1964	5	5.1	4.2	3.48	4.41	4.85	1467	1299	28.5186	32.2
1964	6	5.2	4.17	3.48	4.41	4.85	1550	1280	28.5992	32.3
1964	7	4.9	4.19	3.46	4.4	4.83	1562	1304	28.7871	32.3
1964	8	5	4.19	3.5	4.41	4.82	1569	1306	28.9751	32.3
1964	9	5.1	4.2	3.53	4.42	4.82	1455	1265	29.0825	32.3
1964	10	5.1	4.19	3.57	4.42	4.81	1524	1230	28.6797	32.4
1964	11	4.8	4.15	3.64	4.43	4.81	1486	1254	29.5659	32.5
1964	12	5	4.18	3.84	4.44	4.81	1484	1164	29.915	32.5
1965	1	4.9	4.19	3.81	4.43	4.8	1361	1264	30.2372	32.6
1965	2	5.1	4.21	3.93	4.41	4.78	1433	1185	30.4252	32.6
1965	3	4.7	4.21	3.93	4.42	4.78	1423	1211	30.828	32.6
1965	4	4.8	4.2	3.93	4.43	4.8	1438	1162	30.9623	32.7
1965	5	4.6	4.21	3.89	4.44	4.81	1478	1207	31.204	32.7
1965	6	4.6	4.21	3.8	4.46	4.85	1488	1241	31.4456	32.7
1965	7	4.4	4.2	3.84	4.48	4.88	1529	1237	31.741	32.7
1965	8	4.4	4.25	3.84	4.49	4.88	1432	1249	31.8753	32.7
1965	9	4.3	4.29	3.92	4.52	4.91	1482	1227	31.9559	32.8
1965	10	4.2	4.35	4.03	4.56	4.93	1452	1279	32.2781	32.8
1965	11	4.1	4.45	4.09	4.6	4.95	1460	1306	32.4124	32.9
1965	12	4	4.62	4.38	4.68	5.02	1656	1315	32.8152	33
1966	1	4	4.61	4.59	4.74	5.06	1370	1325	33.1374	33
1966	2	3.8	4.83	4.65	4.78	5.12	1378	1159	33.3523	33.1
1966	3	3.8	4.87	4.59	4.92	5.32	1394	1234	33.8088	33.1
1966	4	3.8	4.75	4.62	4.96	5.41	1352	1145	33.8625	33.3
1966	5	3.9	4.78	4.64	4.98	5.48	1265	1078	34.1847	33.4
1966	6	3.8	4.81	4.5	5.07	5.58	1194	956	34.3458	33.5
1966	7	3.8	5.02	4.8	5.16	5.68	1086	932	34.5338	33.6
1966	8	3.8	5.22	4.96	5.31	5.83	1119	877	34.5607	33.7
1966	9	3.7	5.18	5.37	5.49	6.09	1046	774	34.8829	33.8
1966	10	3.7	5.01	5.35	5.41	6.1	843	739	35.1246	34
1966	11	3.6	5.16	5.32	5.35	6.13	961	736	34.8829	34
1966	12	3.8	4.84	4.96	5.39	6.18	990	743	34.9635	34.1
1967	1	3.9	4.58	4.72	5.2	5.97	1067	995	35.1284	34.2
1967	2	3.8	4.63	4.56	5.03	5.82	1123	907	34.73	34.2
1967	3	3.8	4.54	4.26	5.13	5.85	1056	955	34.5342	34.3
1967	4	3.8	4.59	3.84	5.11	5.83	1091	1035	34.8599	34.4
1967	5	3.8	4.85	3.6	5.24	5.96	1304	1076	34.5558	34.5
1967	6	3.9	5.02	3.54	5.44	6.15	1248	1169	34.5515	34.6
1967	7	3.8	5.16	4.21	5.58	6.26	1364	1177	34.4728	34.7
1967	8	3.8	5.28	4.27	5.62	6.33	1407	1229	35.1332	34.9
1967	9	3.8	5.3	4.42	5.65	6.4	1421	1279	35.0762	35
1967	10	4	5.48	4.56	5.82	6.52	1491	1280	35.3619	35.1
1967	11	3.9	5.75	4.73	6.07	6.72	1538	1297	35.8676	35.2
1967	12	3.8	5.7	4.97	6.19	6.93	1308	1315	36.2539	35.4
1968	1	3.7	5.53	5	6.17	6.84	1380	1179	36.2149	35.5
1968	2	3.8	5.56	4.98	6.1	6.8	1520	1342	36.3447	35.7
1968	3	3.7	5.74	5.17	6.11	6.85	1466	1370	36.4581	35.8
1968	4	3.5	5.64	5.38	6.21	6.97	1554	1286	36.5109	35.9
1968	5	3.5	5.87	5.66	6.27	7.03	1408	1297	36.9204	36
1968	6	3.7	5.72	5.52	6.28	7.07	1405	1300	37.056	36.2
1968	7	3.7	5.5	5.31	6.24	6.98	1512	1344	36.9992	36.4
1968	8	3.5	5.42	5.09	6.02	6.82	1495	1357	37.1025	36.5
1968	9	3.4	5.46	5.19	5.97	6.79	1556	1464	37.243	36.7
1968	10	3.4	5.58	5.35	6.09	6.84	1569	1421	37.3169	36.9
1968	11	3.4	5.7	5.45	6.19	7.01	1630	1436	37.7996	37.1
1968	12	3.4	6.03	5.96	6.45	7.23	1548	1389	37.919	37.2
1969	1	3.4	6.04	6.14	6.59	7.32	1769	1459	38.1484	37.3
1969	2	3.4	6.19	6.12	6.66	7.3	1705	1495	38.3925	37.6
1969	3	3.4	6.3	6.02	6.85	7.51	1561	1438	38.6936	37.8
1969	4	3.4	6.17	6.11	6.89	7.54	1524	1441	38.5512	38.1
1969	5	3.4	6.32	6.04	6.79	7.52	1583	1328	38.4055	38.1
1969	6	3.5	6.57	6.44	6.98	7.7	1528	1349	38.7807	38.3
1969	7	3.5	6.72	7	7.08	7.84	1368	1278	38.9854	38.5
1969	8	3.5	6.69	6.98	6.97	7.86	1358	1317	39.075	38.7
1969	9	3.7	7.16	7.09	7.14	8.05	1507	1263	39.0662	38.9
1969	10	3.7	7.1	7	7.33	8.22	1381	1216	39.0777	39.1
1969	11	3.5	7.14	7.24	7.35	8.25	1229	1191	38.7093	39.2
1969	12	3.5	7.65	7.82	7.72	8.65	1327	1155	38.6054	39.4
1970	1	3.9	7.79	7.87	7.91	8.86	1085	1062	37.8906	39.6
1970	2	4.2	7.24	7.13	7.93	8.78	1305	1118	37.8656	39.8
1970	3	4.4	7.07	6.63	7.84	8.63	1319	1132	37.8164	40.1
1970	4	4.6	7.39	6.51	7.83	8.7	1264	1224	37.7192	40.4
1970	5	4.8	7.91	6.84	8.11	8.98	1290	1328	37.6752	40.5
1970	6	4.9	7.84	6.68	8.48	9.25	1385	1322	37.5534	40.8
1970	7	5	7.46	6.45	8.44	9.4	1517	1324	37.6456	40.9
1970	8	5.1	7.53	6.41	8.13	9.44	1399	1394	37.5785	41.1
1970	9	5.4	7.39	6.12	8.09	9.39	1534	1426	37.3194	41.3
1970	10	5.5	7.33	5.91	8.03	9.33	1580	1564	36.5729	41.5
1970	11	5.9	6.84	5.28	8.05	9.38	1647	1502	36.3514	41.8
1970	12	6.1	6.39	4.87	7.64	9.12	1893	1767	37.1862	42
1971	1	5.9	6.24	4.44	7.36	8.74	1828	1643	37.4722	42.1
1971	2	5.9	6.11	3.7	7.08	8.39	1741	1588	37.4008	42.2
1971	3	6	5.7	3.38	7.21	8.46	1910	1759	37.3603	42.2
1971	4	5.9	5.83	3.86	7.25	8.45	1986	1745	37.5701	42.4
1971	5	5.9	6.39	4.14	7.53	8.62	2049	1972	37.7608	42.6
1971	6	5.9	6.52	4.75	7.64	8.75	2026	1903	37.9191	42.8
1971	7	6	6.73	5.4	7.64	8.76	2083	2069	37.8091	42.9
1971	8	6.1	6.58	4.94	7.59	8.76	2158	2004	37.5896	43
1971	9	6	6.14	4.69	7.44	8.59	2041	1996	38.2005	43
1971	10	5.8	5.93	4.46	7.39	8.48	2128	2026	38.4865	43.1
1971	11	6	5.81	4.22	7.26	8.38	2182	2079	38.6498	43.2
1971	12	6	5.93	4.01	7.25	8.38	2295	2133	39.096	43.3
1972	1	5.8	5.95	3.38	7.19	8.23	2494	2238	40.0366	43.5
1972	2	5.7	6.08	3.2	7.27	8.23	2390	2169	40.4106	43.6
1972	3	5.8	6.07	3.73	7.24	8.24	2334	2105	40.7166	43.6
1972	4	5.7	6.19	3.71	7.3	8.24	2249	2139	41.1331	43.8
1972	5	5.7	6.13	3.69	7.3	8.23	2221	2067	41.1169	43.9
1972	6	5.7	6.11	3.91	7.23	8.2	2254	2183	41.2277	44
1972	7	5.6	6.11	3.98	7.21	8.23	2252	2195	41.2156	44.1
1972	8	5.6	6.21	4.02	7.19	8.19	2382	2263	41.7568	44.3
1972	9	5.5	6.55	4.66	7.22	8.09	2481	2393	42.0634	44.3
1972	10	5.6	6.48	4.74	7.21	8.06	2485	2354	42.6444	44.4
1972	11	5.3	6.28	4.78	7.12	7.99	2421	2234	43.1437	44.4
1972	12	5.2	6.36	5.07	7.08	7.93	2366	2419	43.6363	44.6
1973	1	4.9	6.46	5.41	7.15	7.9	2481	2271	43.935	44.6
1973	2	5	6.64	5.6	7.22	7.97	2289	2226	44.5965	44.8
1973	3	4.9	6.71	6.09	7.29	8.03	2365	2062	44.6051	45
1973	4	5	6.67	6.26	7.26	8.09	2084	1908	44.5285	45.1
1973	5	4.9	6.85	6.36	7.29	8.06	2266	1931	44.8198	45.3
1973	6	4.9	6.9	7.19	7.37	8.13	2067	2051	44.8416	45.4
1973	7	4.8	7.13	8.01	7.45	8.24	2123	1819	45.0375	45.5
1973	8	4.8	7.4	8.67	7.68	8.53	2051	1809	44.9582	45.7
1973	9	4.8	7.09	8.29	7.63	8.63	1874	1704	45.3602	46
1973	10	4.6	6.79	7.22	7.6	8.41	1677	1411	45.6748	46.3
1973	11	4.8	6.73	7.83	7.67	8.42	1724	1402	45.8995	46.5
1973	12	4.9	6.74	7.45	7.68	8.48	1526	1288	45.7826	46.7
1974	1	5.1	6.99	7.77	7.83	8.48	1451	1331	45.4571	46.9
1974	2	5.2	6.96	7.12	7.85	8.53	1752	1360	45.3244	47.2
1974	3	5.1	7.21	7.96	8.01	8.62	1555	1440	45.3185	47.6
1974	4	5.1	7.51	8.33	8.25	8.87	1607	1254	45.2008	47.9
1974	5	5.1	7.58	8.23	8.37	9.05	1426	1138	45.5261	48.5
1974	6	5.4	7.54	7.9	8.47	9.27	1513	1086	45.4993	49
1974	7	5.5	7.81	7.55	8.72	9.48	1316	1002	45.4944	49.5
1974	8	5.5	8.04	8.96	9	9.77	1142	917	45.0631	50.2
1974	9	5.9	8.04	8.06	9.24	10.18	1150	840	45.0971	50.7
1974	10	6	7.9	7.46	9.27	10.48	1070	824	44.9307	51.2
1974	11	6.6	7.68	7.47	8.89	10.6	1026	783	43.4493	51.6
1974	12	7.2	7.43	7.15	8.89	10.63	975	869	41.9102	52
1975	1	8.1	7.5	6.26	8.83	10.81	1032	726	41.3541	52.3
1975	2	8.1	7.39	5.5	8.62	10.65	904	729	40.3934	52.8
1975	3	8.6	7.73	5.49	8.67	10.48	993	709	39.9738	53
1975	4	8.8	8.23	5.61	8.95	10.58	1005	866	39.9894	53.3
1975	5	9	8.06	5.23	8.9	10.69	1121	914	39.9037	53.5
1975	6	8.8	7.86	5.34	8.77	10.62	1087	946	40.181	53.8
1975	7	8.6	8.06	6.13	8.84	10.55	1226	1020	40.6075	54
1975	8	8.4	8.4	6.44	8.95	10.59	1260	994	40.9685	54.2
1975	9	8.4	8.43	6.42	8.95	10.61	1264	1064	41.4881	54.5
1975	10	8.4	8.14	5.96	8.86	10.62	1344	1096	41.6488	54.8
1975	11	8.3	8.05	5.48	8.78	10.56	1360	1110	41.758	55.2
1975	12	8.2	8	5.44	8.79	10.56	1321	1091	42.2782	55.5
1976	1	7.9	7.74	4.87	8.6	10.41	1367	1195	42.8986	55.9
1976	2	7.7	7.79	4.88	8.55	10.24	1538	1190	43.3025	56.2
1976	3	7.6	7.73	5	8.52	10.12	1421	1164	43.3471	56.5
1976	4	7.7	7.56	4.86	8.4	9.94	1395	1132	43.6001	56.7
1976	5	7.4	7.9	5.2	8.58	9.86	1459	1194	43.8063	57
1976	6	7.6	7.86	5.41	8.62	9.89	1495	1188	43.8105	57.2
1976	7	7.8	7.83	5.23	8.56	9.82	1401	1245	44.0631	57.6
1976	8	7.8	7.77	5.14	8.45	9.64	1550	1309	44.3675	57.9
1976	9	7.6	7.59	5.08	8.38	9.4	1720	1481	44.4946	58.2
1976	10	7.7	7.41	4.92	8.32	9.29	1629	1425	44.5257	58.5
1976	11	7.8	7.29	4.75	8.25	9.23	1641	1531	45.1865	58.7
1976	12	7.8	6.87	4.35	7.98	9.12	1804	1511	45.6449	58.9
1977	1	7.5	7.21	4.62	7.96	9.08	1527	1466	45.3849	59.3
1977	2	7.6	7.39	4.67	8.04	9.12	1943	1560	46.0537	59.7
1977	3	7.4	7.46	4.6	8.1	9.12	2063	1660	46.6254	60
1977	4	7.2	7.37	4.54	8.04	9.07	1892	1660	47.0805	60.3
1977	5	7.0	7.46	4.96	8.05	9.01	1971	1668	47.4718	60.6
1977	6	7.2	7.28	5.02	7.95	8.91	1893	1752	47.8266	61
1977	7	6.9	7.33	5.19	7.94	8.87	2058	1687	47.8995	61.2
1977	8	7.0	7.4	5.49	7.98	8.82	2020	1780	47.9211	61.5
1977	9	6.8	7.34	5.81	7.92	8.8	1949	1674	48.15	61.8
1977	10	6.8	7.52	6.16	8.04	8.89	2042	1758	48.2814	62
1977	11	6.8	7.58	6.1	8.08	8.95	2042	1771	48.2984	62.3
1977	12	6.4	7.69	6.07	8.19	8.99	2142	1754	48.3563	62.7
1978	1	6.4	7.96	6.44	8.41	9.17	1718	1740	47.7012	63.1
1978	2	6.3	8.03	6.45	8.47	9.2	1738	1736	47.9462	63.4
1978	3	6.3	8.04	6.29	8.47	9.22	2032	1799	48.8652	63.8
1978	4	6.1	8.15	6.29	8.56	9.32	2197	1948	49.8332	64.3
1978	5	6.0	8.35	6.41	8.69	9.49	2075	1766	50.0241	64.7
1978	6	5.9	8.46	6.73	8.76	9.6	2070	1983	50.3739	65.2
1978	7	6.2	8.64	7.01	8.88	9.6	2092	1786	50.3567	65.6
1978	8	5.9	8.41	7.08	8.69	9.48	1996	1691	50.549	66.1
1978	9	6.0	8.42	7.85	8.69	9.42	1970	1751	50.6873	66.7
1978	10	5.8	8.64	7.99	8.89	9.59	1981	1781	51.107	67.2
1978	11	5.9	8.81	8.64	9.03	9.83	2094	1795	51.4706	67.6
1978	12	6.0	9.01	9.08	9.16	9.94	2044	1818	51.7636	68
1979	1	5.9	9.1	9.35	9.25	10.13	1630	1461	51.4172	68.5
1979	2	5.9	9.1	9.32	9.26	10.08	1520	1492	51.7119	69.2
1979	3	5.8	9.12	9.48	9.37	10.26	1847	1720	51.8729	69.8
1979	4	5.8	9.18	9.46	9.38	10.33	1748	1597	51.3136	70.3
1979	5	5.6	9.25	9.61	9.5	10.47	1876	1684	51.7058	70.8
1979	6	5.7	8.91	9.06	9.29	10.38	1913	1640	51.7186	71.3
1979	7	5.7	8.95	9.24	9.2	10.29	1760	1534	51.6257	71.9
1979	8	6.0	9.03	9.52	9.23	10.35	1778	1591	51.2791	72.7
1979	9	5.9	9.33	10.26	9.44	10.54	1832	1638	51.3539	73.3
1979	10	6.0	10.3	11.7	10.13	11.4	1681	1481	51.6336	74
1979	11	5.9	10.65	11.79	10.76	11.99	1524	1276	51.581	74.8
1979	12	6.0	10.39	12.04	10.74	12.06	1498	1254	51.6193	75.7
1980	1	6.3	10.8	12	11.09	12.42	1341	1280	51.8379	76.7
1980	2	6.3	12.41	12.86	12.38	13.57	1350	1199	51.8795	77.5
1980	3	6.3	12.75	15.2	12.96	14.45	1047	988	51.7177	78.6
1980	4	6.9	11.47	13.2	12.04	14.19	1051	808	50.6891	79.5
1980	5	7.5	10.18	8.58	10.99	13.17	927	861	49.4292	80.1
1980	6	7.6	9.78	7.07	10.58	12.71	1196	1118	48.8248	81
1980	7	7.8	10.25	8.06	11.07	12.65	1269	1259	48.4916	80.8
1980	8	7.7	11.1	9.13	11.64	13.15	1436	1367	48.6382	81.3
1980	9	7.5	11.51	10.27	12.02	13.7	1471	1484	49.4248	82.1
1980	10	7.5	11.75	11.62	12.31	14.23	1523	1366	50.0471	83
1980	11	7.5	12.68	13.73	12.97	14.64	1510	1383	50.9164	83.9
1980	12	7.2	12.84	15.49	13.21	15.14	1482	1249	51.2129	84.9
1981	1	7.5	12.57	15.02	12.81	15.03	1547	1221	50.9245	85.4
1981	2	7.4	13.19	14.79	13.35	15.37	1246	1199	50.6868	85.9
1981	3	7.4	13.12	13.36	13.33	15.34	1306	1183	50.952	86.4
1981	4	7.2	13.68	13.69	13.88	15.56	1360	1190	50.7365	87
1981	5	7.5	14.1	16.3	14.32	15.95	1140	1173	51.0459	87.8
1981	6	7.5	13.47	14.73	13.75	15.8	1045	976	51.2824	88.6
1981	7	7.2	14.28	14.95	14.38	16.17	1041	935	51.5993	89.8
1981	8	7.4	14.94	15.51	14.89	16.34	940	889	51.6053	90.7
1981	9	7.6	15.32	14.7	15.49	16.92	911	847	51.2813	91.8
1981	10	7.9	15.15	13.54	15.4	17.11	873	731	50.9184	92.1
1981	11	8.3	13.39	10.86	14.22	16.39	837	748	50.3612	92.5
1981	12	8.5	13.72	10.85	14.23	16.55	910	796	49.8013	93
1982	1	8.6	14.59	12.28	15.18	17.1	843	794	48.8162	93.3
1982	2	8.9	14.43	13.48	15.27	17.18	866	808	49.7716	93.8
1982	3	9.0	13.86	12.68	14.58	16.82	931	891	49.4063	93.9
1982	4	9.3	13.87	12.7	14.46	16.78	917	888	48.9813	94.7
1982	5	9.4	13.62	12.09	14.26	16.64	1025	953	48.6756	95.4
1982	6	9.6	14.3	12.47	14.81	16.92	902	913	48.5142	96.1
1982	7	9.8	13.95	11.35	14.61	16.8	1166	1044	48.3535	96.7
1982	8	9.8	13.06	8.68	13.71	16.32	1046	926	47.9622	97.1
1982	9	10.1	12.34	7.92	12.94	15.63	1144	1042	47.7904	97.2
1982	10	10.4	10.91	7.71	12.12	14.73	1173	1149	47.3848	97.5
1982	11	10.8	10.55	8.07	11.68	14.3	1372	1229	47.2048	97.3
1982	12	10.8	10.54	7.94	11.83	14.14	1303	1351	46.8538	97.2
1983	1	10.4	10.46	7.86	11.79	13.94	1586	1426	47.7547	97.6
1983	2	10.4	10.72	8.11	12.01	13.95	1699	1471	47.4638	98
1983	3	10.3	10.51	8.35	11.73	13.61	1606	1475	47.8625	98.2
1983	4	10.2	10.4	8.21	11.51	13.29	1472	1566	48.4322	98.6
1983	5	10.1	10.38	8.19	11.46	13.09	1776	1669	48.776	98.9
1983	6	10.1	10.85	8.79	11.74	13.37	1733	1769	49.0398	99.2
1983	7	9.4	11.38	9.08	12.15	13.39	1785	1795	49.7891	99.8
1983	8	9.5	11.85	9.34	12.51	13.64	1910	1713	50.3334	100.1
1983	9	9.2	11.65	9	12.37	13.55	1710	1585	51.09	100.5
1983	10	8.8	11.54	8.64	12.25	13.46	1715	1716	51.5094	101
1983	11	8.5	11.69	8.76	12.41	13.61	1785	1668	51.6723	101.5
1983	12	8.3	11.83	9	12.57	13.75	1688	1627	51.9276	101.8
1984	1	8.0	11.67	8.9	12.2	13.65	1897	1816	52.9855	102.5
1984	2	7.8	11.84	9.09	12.08	13.59	2260	1987	53.2472	102.8
1984	3	7.8	12.32	9.52	12.57	13.99	1663	1725	53.4899	103.2
1984	4	7.7	12.63	9.69	12.81	14.31	1851	1776	53.8194	103.7
1984	5	7.4	13.41	9.83	13.28	14.74	1774	1741	54.0873	104.1
1984	6	7.2	13.56	9.87	13.55	15.05	1843	1814	54.2774	104.5
1984	7	7.5	13.36	10.12	13.44	15.15	1732	1605	54.4653	105
1984	8	7.5	12.72	10.47	12.87	14.63	1586	1530	54.4958	105.4
1984	9	7.3	12.52	10.37	12.66	14.35	1698	1523	54.4133	105.8
1984	10	7.4	12.16	9.74	12.63	13.94	1590	1490	54.3398	106.2
1984	11	7.2	11.57	8.61	12.29	13.48	1689	1643	54.5448	106.4
1984	12	7.3	11.5	8.06	12.13	13.4	1612	1626	54.6039	106.8
1985	1	7.3	11.38	7.76	12.08	13.26	1711	1660	54.4731	107.1
1985	2	7.2	11.51	8.27	12.13	13.23	1632	1662	54.7053	107.7
1985	3	7.2	11.86	8.52	12.56	13.69	1800	1727	54.7653	108.1
1985	4	7.3	11.43	7.95	12.23	13.51	1821	1664	54.6532	108.4
1985	5	7.2	10.85	7.48	11.72	13.15	1680	1709	54.7041	108.8
1985	6	7.4	10.16	6.95	10.94	12.4	1676	1716	54.7428	109.1
1985	7	7.4	10.31	7.08	10.97	12.43	1684	1697	54.3679	109.4
1985	8	7.1	10.33	7.14	11.05	12.5	1743	1808	54.5982	109.8
1985	9	7.1	10.37	7.1	11.07	12.48	1676	1916	54.8353	110
1985	10	7.1	10.24	7.16	11.02	12.36	1834	1743	54.6154	110.5
1985	11	7.0	9.78	7.24	10.55	11.99	1698	1692	54.8013	111.1
1985	12	7.0	9.26	7.1	10.16	11.58	1942	1794	55.3694	111.4
1986	1	6.7	9.19	7.07	10.05	11.44	1972	1847	55.6384	111.9
1986	2	7.2	8.7	7.06	9.67	11.11	1848	1767	55.2301	112.2
1986	3	7.2	7.78	6.56	9	10.5	1876	1780	54.8869	112.5
1986	4	7.1	7.3	6.06	8.79	10.19	1933	1858	54.922	112.9
1986	5	7.2	7.71	6.15	9.09	10.29	1854	1797	55.0222	113.1
1986	6	7.2	7.8	6.21	9.13	10.34	1847	1790	54.845	113.4
1986	7	7.0	7.3	5.83	8.88	10.16	1782	1780	55.1881	113.8
1986	8	6.9	7.17	5.53	8.72	10.18	1807	1726	55.0737	114.2
1986	9	7.0	7.45	5.21	8.89	10.2	1687	1686	55.1761	114.6
1986	10	7.0	7.43	5.18	8.86	10.24	1681	1675	55.4285	115
1986	11	6.9	7.25	5.35	8.68	10.07	1623	1644	55.6897	115.3
1986	12	6.6	7.11	5.53	8.49	9.97	1833	1903	56.1765	115.6
1987	1	6.6	7.08	5.43	8.36	9.72	1774	1690	55.9899	115.9
1987	2	6.6	7.25	5.59	8.38	9.65	1784	1689	56.7106	116.2
1987	3	6.6	7.25	5.59	8.36	9.61	1726	1704	56.804	116.6
1987	4	6.3	8.02	5.64	8.85	10.04	1614	1601	57.1561	117.3
1987	5	6.3	8.61	5.66	9.33	10.51	1628	1500	57.5384	117.7
1987	6	6.2	8.4	5.67	9.32	10.52	1594	1522	57.8381	117.9
1987	7	6.1	8.45	5.69	9.42	10.61	1575	1516	58.1952	118.3
1987	8	6.0	8.76	6.04	9.67	10.8	1605	1511	58.6234	118.7
1987	9	5.9	9.42	6.4	10.18	11.31	1695	1514	58.789	119.2
1987	10	6.0	9.52	6.13	10.52	11.62	1515	1447	59.6711	119.8
1987	11	5.8	8.86	5.69	10.01	11.23	1656	1457	59.9881	120.1
1987	12	5.7	8.99	5.77	10.11	11.29	1400	1345	60.265	120.4
1988	1	5.7	8.67	5.81	9.88	11.07	1271	1244	60.2976	120.9
1988	2	5.7	8.21	5.66	9.4	10.62	1473	1438	60.5406	121.2
1988	3	5.7	8.37	5.7	9.39	10.57	1532	1525	60.6879	121.7
1988	4	5.4	8.72	5.91	9.67	10.9	1573	1429	61.0017	122.3
1988	5	5.6	9.09	6.26	9.9	11.04	1421	1444	60.9577	122.7
1988	6	5.4	8.92	6.46	9.86	11	1478	1485	61.1043	123.2
1988	7	5.4	9.06	6.73	9.96	11.11	1467	1439	61.1806	123.6
1988	8	5.6	9.26	7.06	10.11	11.21	1493	1460	61.4564	124
1988	9	5.4	8.98	7.24	9.82	10.9	1492	1436	61.2286	124.7
1988	10	5.4	8.8	7.35	9.51	10.41	1522	1516	61.5528	125.2
1988	11	5.3	8.96	7.76	9.45	10.48	1569	1508	61.6617	125.6
1988	12	5.3	9.11	8.07	9.57	10.65	1563	1501	61.9242	126
1989	1	5.4	9.09	8.27	9.62	10.65	1621	1466	62.1	126.5
1989	2	5.2	9.17	8.53	9.64	10.61	1425	1383	61.8299	126.9
1989	3	5.0	9.36	8.82	9.8	10.67	1422	1214	62.0048	127.4
1989	4	5.2	9.18	8.65	9.79	10.61	1339	1376	62.0213	127.8
1989	5	5.2	8.86	8.43	9.57	10.46	1331	1381	61.6105	128.3
1989	6	5.3	8.28	8.15	9.1	10.03	1397	1322	61.6518	128.8
1989	7	5.2	8.02	7.88	8.93	9.87	1427	1283	61.0576	129.2
1989	8	5.2	8.11	7.9	8.96	9.88	1332	1334	61.5919	129.5
1989	9	5.3	8.19	7.75	9.01	9.91	1279	1314	61.4228	129.9
1989	10	5.3	8.01	7.64	8.92	9.81	1410	1365	61.361	130.6
1989	11	5.4	7.87	7.69	8.89	9.81	1351	1344	61.539	131.1
1989	12	5.4	7.84	7.63	8.86	9.82	1251	1422	61.9024	131.6
1990	1	5.4	8.21	7.64	8.99	9.94	1551	1748	61.5534	132.1
1990	2	5.3	8.47	7.74	9.22	10.14	1437	1329	62.1122	132.7
1990	3	5.2	8.59	7.9	9.37	10.21	1289	1246	62.4351	133.5
1990	4	5.4	8.79	7.77	9.46	10.3	1248	1136	62.3542	134
1990	5	5.4	8.76	7.74	9.47	10.41	1212	1067	62.4748	134.4
1990	6	5.2	8.48	7.73	9.26	10.22	1177	1108	62.6733	135.1
1990	7	5.5	8.47	7.62	9.24	10.2	1171	1078	62.6147	135.8
1990	8	5.7	8.75	7.45	9.41	10.41	1115	1069	62.7649	136.6
1990	9	5.9	8.89	7.36	9.56	10.64	1110	976	62.8974	137.1
1990	10	5.9	8.72	7.17	9.53	10.74	1014	925	62.4105	137.6
1990	11	6.2	8.39	7.06	9.3	10.62	1145	941	61.6631	138
1990	12	6.3	8.08	6.74	9.05	10.43	969	861	61.2273	138.6
1991	1	6.4	8.09	6.22	9.04	10.45	798	786	60.9634	139.5
1991	2	6.6	7.85	5.94	8.83	10.07	965	853	60.5672	140.2
1991	3	6.8	8.11	5.91	8.93	10.09	921	911	60.2532	140.5
1991	4	6.7	8.04	5.65	8.86	9.94	1001	916	60.3484	140.9
1991	5	6.9	8.07	5.46	8.86	9.86	996	991	60.9695	141.3
1991	6	6.9	8.28	5.57	9.01	9.96	1036	964	61.5723	141.8
1991	7	6.8	8.27	5.58	9	9.89	1063	973	61.553	142.3
1991	8	6.9	7.9	5.33	8.75	9.65	1049	944	61.6333	142.9
1991	9	6.9	7.65	5.22	8.61	9.51	1015	974	62.1757	143.4
1991	10	7.0	7.53	4.99	8.55	9.49	1079	991	62.0364	143.7
1991	11	7.0	7.42	4.56	8.48	9.45	1103	984	61.9567	144.2
1991	12	7.3	7.09	4.07	8.31	9.26	1079	1061	61.7426	144.7
1992	1	7.3	7.03	3.8	8.2	9.13	1176	1077	61.3536	145.1
1992	2	7.4	7.34	3.84	8.29	9.23	1250	1146	61.826	145.4
1992	3	7.4	7.54	4.04	8.35	9.25	1297	1082	62.3277	145.9
1992	4	7.4	7.48	3.75	8.33	9.21	1099	1054	62.7799	146.3
1992	5	7.6	7.39	3.63	8.28	9.13	1214	1056	63.0001	146.8
1992	6	7.8	7.26	3.66	8.22	9.05	1145	1057	63.0058	147.1
1992	7	7.7	6.84	3.21	8.07	8.84	1139	1089	63.5448	147.6
1992	8	7.6	6.59	3.13	7.95	8.65	1226	1075	63.2376	147.9
1992	9	7.6	6.42	2.91	7.92	8.62	1186	1114	63.3679	148.1
1992	10	7.3	6.59	2.86	7.99	8.84	1244	1132	63.8433	148.8
1992	11	7.4	6.87	3.13	8.1	8.96	1214	1118	64.0962	149.2
1992	12	7.4	6.77	3.22	7.98	8.81	1227	1176	64.1093	149.6
1993	1	7.3	6.6	3	7.91	8.67	1210	1177	64.4234	150.1
1993	2	7.1	6.26	2.93	7.71	8.39	1210	1148	64.6576	150.6
1993	3	7.0	5.98	2.95	7.58	8.15	1083	1056	64.6362	150.8
1993	4	7.1	5.97	2.87	7.46	8.14	1258	1104	64.8425	151.4
1993	5	7.1	6.04	2.96	7.43	8.21	1260	1112	64.6133	151.8
1993	6	7.0	5.96	3.07	7.33	8.07	1280	1130	64.7686	152.1
1993	7	6.9	5.81	3.04	7.17	7.93	1254	1174	64.9695	152.3
1993	8	6.8	5.68	3.02	6.85	7.6	1300	1230	64.9561	152.8
1993	9	6.7	5.36	2.95	6.66	7.34	1343	1251	65.2683	152.9
1993	10	6.8	5.33	3.02	6.67	7.31	1392	1287	65.7433	153.4
1993	11	6.6	5.72	3.1	6.93	7.66	1376	1357	66.007	153.9
1993	12	6.5	5.77	3.06	6.93	7.69	1533	1461	66.3443	154.3
1994	1	6.6	5.75	2.98	6.92	7.65	1272	1390	66.6148	154.5
1994	2	6.6	5.97	3.25	7.08	7.76	1337	1269	66.6423	154.8
1994	3	6.5	6.48	3.5	7.48	8.13	1564	1342	67.3365	155.3
1994	4	6.4	6.97	3.68	7.88	8.52	1465	1392	67.6783	155.5
1994	5	6.1	7.18	4.14	7.99	8.62	1526	1396	68.0514	155.9
1994	6	6.1	7.1	4.14	7.97	8.65	1409	1357	68.5111	156.4
1994	7	6.1	7.3	4.33	8.11	8.8	1439	1335	68.6287	156.7
1994	8	6.0	7.24	4.48	8.07	8.74	1450	1377	69.0084	157.1
1994	9	5.9	7.46	4.62	8.34	8.98	1474	1412	69.1779	157.5
1994	10	5.8	7.74	4.95	8.57	9.2	1450	1397	69.7608	157.8
1994	11	5.6	7.96	5.29	8.68	9.32	1511	1340	70.1909	158.2
1994	12	5.5	7.81	5.6	8.46	9.1	1455	1396	70.9527	158.3
1995	1	5.6	7.78	5.71	8.46	9.08	1407	1282	71.1395	159
1995	2	5.4	7.47	5.77	8.26	8.85	1316	1254	71.12	159.4
1995	3	5.4	7.2	5.73	8.12	8.7	1249	1226	71.2375	159.9
1995	4	5.8	7.06	5.65	8.03	8.6	1267	1259	71.1802	160.4
1995	5	5.6	6.63	5.67	7.65	8.2	1314	1271	71.3506	160.7
1995	6	5.6	6.17	5.47	7.3	7.9	1281	1305	71.5971	161.1
1995	7	5.7	6.28	5.42	7.41	8.04	1461	1354	71.3228	161.4
1995	8	5.7	6.49	5.4	7.57	8.19	1416	1386	72.2719	161.8
1995	9	5.6	6.2	5.28	7.32	7.93	1369	1421	72.5495	162.2
1995	10	5.5	6.04	5.28	7.12	7.75	1369	1400	72.417	162.7
1995	11	5.6	5.93	5.36	7.02	7.68	1452	1430	72.5863	163
1995	12	5.6	5.71	5.14	6.82	7.49	1431	1442	72.8397	163.1
1996	1	5.6	5.65	5	6.81	7.47	1467	1387	72.3583	163.7
1996	2	5.5	5.81	4.83	6.99	7.63	1491	1420	73.5009	164
1996	3	5.5	6.27	4.96	7.35	8.03	1424	1437	73.402	164.4
1996	4	5.6	6.51	4.95	7.5	8.19	1516	1463	74.0571	164.6
1996	5	5.6	6.74	5.02	7.62	8.3	1504	1457	74.575	165
1996	6	5.3	6.91	5.09	7.71	8.4	1467	1429	75.2617	165.4
1996	7	5.5	6.87	5.15	7.65	8.35	1472	1450	75.1819	165.7
1996	8	5.1	6.64	5.05	7.46	8.18	1557	1413	75.6653	166
1996	9	5.2	6.83	5.09	7.66	8.35	1475	1392	76.0611	166.5
1996	10	5.2	6.53	4.99	7.39	8.07	1392	1358	76.0523	166.8
1996	11	5.4	6.2	5.03	7.1	7.79	1489	1412	76.6693	167.2
1996	12	5.4	6.3	4.91	7.2	7.89	1370	1411	77.1534	167.4
1997	1	5.3	6.58	5.03	7.42	8.09	1355	1382	77.2352	167.8
1997	2	5.2	6.42	5.01	7.31	7.94	1486	1445	78.1589	168.1
1997	3	5.2	6.69	5.14	7.55	8.18	1457	1436	78.7709	168.4
1997	4	5.1	6.89	5.16	7.73	8.34	1492	1421	78.7963	168.9
1997	5	4.9	6.71	5.05	7.58	8.2	1442	1414	79.3434	169.2
1997	6	5.0	6.49	4.93	7.41	8.02	1494	1402	79.7184	169.4
1997	7	4.9	6.22	5.05	7.14	7.75	1437	1440	80.1964	169.7
1997	8	4.8	6.3	5.14	7.22	7.82	1390	1449	81.274	169.8
1997	9	4.9	6.21	4.95	7.15	7.7	1546	1494	81.9885	170.2
1997	10	4.7	6.03	4.97	7	7.57	1520	1499	82.5336	170.6
1997	11	4.6	5.88	5.14	6.87	7.42	1510	1469	83.2629	170.8
1997	12	4.7	5.81	5.16	6.76	7.32	1566	1456	83.57	171.2
1998	1	4.6	5.54	5.04	6.61	7.19	1525	1555	83.975	171.6
1998	2	4.6	5.57	5.09	6.67	7.25	1584	1647	84.0245	171.9
1998	3	4.7	5.65	5.03	6.72	7.32	1567	1605	84.0895	172.2
1998	4	4.3	5.64	4.95	6.69	7.33	1540	1547	84.3978	172.5
1998	5	4.4	5.65	5	6.69	7.3	1536	1554	84.9846	172.9
1998	6	4.5	5.5	4.98	6.53	7.13	1641	1551	84.512	173.2
1998	7	4.5	5.46	4.96	6.55	7.15	1698	1610	84.1351	173.5
1998	8	4.5	5.34	4.9	6.52	7.14	1614	1654	85.9416	174
1998	9	4.6	4.81	4.61	6.4	7.09	1582	1577	85.6633	174.2
1998	10	4.5	4.53	3.96	6.37	7.18	1715	1719	86.3256	174.4
1998	11	4.4	4.83	4.41	6.41	7.34	1660	1672	86.2564	174.8
1998	12	4.4	4.65	4.39	6.22	7.23	1792	1742	86.5583	175.4
1999	1	4.3	4.72	4.34	6.24	7.29	1748	1732	86.9392	175.6
1999	2	4.4	5	4.44	6.4	7.39	1670	1720	87.3052	175.6
1999	3	4.2	5.23	4.44	6.62	7.53	1710	1665	87.4957	175.7
1999	4	4.3	5.18	4.29	6.64	7.48	1553	1600	87.6981	176.3
1999	5	4.2	5.54	4.5	6.93	7.72	1611	1640	88.3532	176.5
1999	6	4.3	5.9	4.57	7.23	8.02	1559	1702	88.2127	176.6
1999	7	4.3	5.79	4.55	7.19	7.95	1669	1682	88.7903	177.1
1999	8	4.2	5.94	4.72	7.4	8.15	1648	1671	89.1769	177.3
1999	9	4.2	5.92	4.68	7.39	8.2	1635	1551	88.9229	177.8
1999	10	4.1	6.11	4.86	7.55	8.38	1608	1649	90.0556	178.1
1999	11	4.1	6.03	5.07	7.36	8.15	1648	1672	90.4979	178.4
1999	12	4.0	6.28	5.2	7.55	8.19	1708	1683	91.2144	178.7
2000	1	4.0	6.66	5.32	7.78	8.33	1636	1727	91.3003	179.3
2000	2	4.1	6.52	5.55	7.68	8.29	1737	1692	91.6338	179.4
2000	3	4.0	6.26	5.69	7.68	8.37	1604	1651	92.001	180
2000	4	3.8	5.99	5.66	7.64	8.4	1626	1597	92.5724	180.3
2000	5	4.0	6.44	5.79	7.99	8.9	1575	1543	92.7012	180.7
2000	6	4.0	6.1	5.69	7.67	8.48	1559	1572	92.7786	181.1
2000	7	4.0	6.05	5.96	7.65	8.35	1463	1542	92.5586	181.5
2000	8	4.1	5.83	6.09	7.55	8.26	1541	1552	92.3195	181.9
2000	9	3.9	5.8	6	7.62	8.35	1507	1570	92.7587	182.3
2000	10	3.9	5.74	6.11	7.55	8.34	1549	1577	92.3431	182.6
2000	11	3.9	5.72	6.17	7.45	8.28	1551	1614	92.3405	183.1
2000	12	3.9	5.24	5.77	7.21	8.02	1532	1543	92.046	183.3
2001	1	4.2	5.16	5.15	7.15	7.93	1600	1699	91.3911	183.9
2001	2	4.2	5.1	4.88	7.1	7.87	1625	1656	90.8202	184.4
2001	3	4.3	4.89	4.42	6.98	7.84	1590	1659	90.5558	184.7
2001	4	4.4	5.14	3.87	7.2	8.07	1649	1666	90.3198	185.1
2001	5	4.3	5.39	3.62	7.29	8.07	1605	1665	89.6483	185.3
2001	6	4.5	5.28	3.49	7.18	7.97	1636	1626	89.0779	186
2001	7	4.6	5.24	3.51	7.13	7.97	1670	1598	88.674	186.4
2001	8	4.9	4.97	3.36	7.02	7.85	1567	1615	88.449	186.7
2001	9	5.0	4.73	2.64	7.17	8.03	1562	1565	88.1514	187.1
2001	10	5.3	4.57	2.16	7.03	7.91	1540	1566	87.7031	187.4
2001	11	5.5	4.65	1.87	6.97	7.81	1602	1651	87.2363	188.1
2001	12	5.7	5.09	1.69	6.77	8.05	1568	1680	87.2539	188.4
2002	1	5.7	5.04	1.65	6.55	7.87	1698	1665	87.7665	188.7
2002	2	5.7	4.91	1.73	6.51	7.89	1829	1787	87.7367	189.1
2002	3	5.7	5.28	1.79	6.81	8.11	1642	1691	88.4206	189.2
2002	4	5.9	5.21	1.72	6.76	8.03	1592	1669	88.7642	189.7
2002	5	5.8	5.16	1.73	6.75	8.09	1764	1716	89.267	190
2002	6	5.8	4.93	1.7	6.63	7.95	1717	1758	90.1089	190.2
2002	7	5.8	4.65	1.68	6.53	7.9	1655	1738	89.7996	190.5
2002	8	5.7	4.26	1.62	6.37	7.58	1633	1695	89.9376	191.1
2002	9	5.7	3.87	1.63	6.15	7.4	1804	1803	89.9938	191.3
2002	10	5.7	3.94	1.58	6.32	7.73	1648	1799	89.6757	191.5
2002	11	5.9	4.05	1.23	6.31	7.62	1753	1771	90.1424	191.9
2002	12	6.0	4.03	1.19	6.21	7.45	1788	1896	89.662	192.1
2003	1	5.8	4.05	1.17	6.17	7.35	1853	1808	90.3606	192.4
2003	2	5.9	3.9	1.17	5.95	7.06	1629	1854	90.6969	192.5
2003	3	5.9	3.81	1.13	5.89	6.95	1726	1757	90.54	192.5
2003	4	6.0	3.96	1.13	5.74	6.85	1643	1803	89.7862	192.5
2003	5	6.1	3.57	1.07	5.22	6.38	1751	1835	89.7988	192.9
2003	6	6.3	3.33	0.92	4.97	6.19	1867	1875	89.8305	193
2003	7	6.2	3.98	0.9	5.49	6.62	1897	1885	90.1022	193.4
2003	8	6.1	4.45	0.95	5.88	7.01	1833	1966	90.0256	193.6
2003	9	6.1	4.27	0.94	5.72	6.79	1939	1961	90.552	193.7
2003	10	6.0	4.29	0.92	5.7	6.73	1967	2012	90.4909	194
2003	11	5.8	4.3	0.93	5.65	6.66	2083	1918	91.1972	194
2003	12	5.7	4.27	0.9	5.62	6.6	2057	1987	91.1677	194.2
2004	1	5.7	4.15	0.88	5.54	6.44	1911	1952	91.4129	194.6
2004	2	5.6	4.08	0.93	5.5	6.27	1846	1966	91.9478	194.9
2004	3	5.8	3.83	0.94	5.33	6.11	1998	2066	91.4088	195.5
2004	4	5.6	4.35	0.94	5.73	6.46	2003	2070	91.8053	195.9
2004	5	5.6	4.72	1.02	6.04	6.75	1981	2150	92.4737	196.2
2004	6	5.6	4.73	1.27	6.01	6.78	1828	2020	91.6612	196.6
2004	7	5.5	4.5	1.33	5.82	6.62	2002	2112	92.333	196.8
2004	8	5.4	4.28	1.48	5.65	6.46	2024	2056	92.58	196.9
2004	9	5.4	4.13	1.65	5.46	6.27	1905	2041	92.5496	197.5
2004	10	5.5	4.1	1.76	5.47	6.21	2072	2097	93.4621	197.9
2004	11	5.4	4.19	2.07	5.52	6.2	1782	2079	93.6507	198.3
2004	12	5.4	4.23	2.19	5.47	6.15	2042	2082	94.2834	198.6
2005	1	5.3	4.22	2.33	5.36	6.02	2144	2139	94.7802	199
2005	2	5.4	4.17	2.54	5.2	5.82	2207	2114	95.3804	199.4
2005	3	5.2	4.5	2.74	5.4	6.06	1864	2062	95.3013	200.1
2005	4	5.2	4.34	2.78	5.33	6.05	2061	2150	95.3483	200.2
2005	5	5.1	4.14	2.84	5.15	6.01	2025	2085	95.5193	200.5
2005	6	5.0	4	2.97	4.96	5.86	2068	2178	95.8865	200.6
2005	7	5.0	4.18	3.22	5.06	5.95	2054	2203	95.7483	200.9
2005	8	4.9	4.26	3.44	5.09	5.96	2095	2219	95.8894	201.1
2005	9	5.0	4.2	3.42	5.13	6.03	2151	2263	93.9872	201.3
2005	10	5.0	4.46	3.71	5.35	6.3	2065	2170	95.163	202
2005	11	5.0	4.54	3.88	5.42	6.39	2147	2218	96.0617	202.5
2005	12	4.9	4.47	3.89	5.37	6.32	1994	2120	96.6672	202.8
2006	1	4.7	4.42	4.24	5.29	6.24	2273	2212	96.7924	203.2
2006	2	4.8	4.57	4.43	5.35	6.27	2119	2141	96.8809	203.6
2006	3	4.7	4.72	4.51	5.53	6.41	1969	2118	97.0768	204.3
2006	4	4.7	4.99	4.6	5.84	6.68	1821	1998	97.5199	204.8
2006	5	4.6	5.11	4.72	5.95	6.75	1942	1905	97.3547	205.4
2006	6	4.6	5.11	4.79	5.89	6.78	1802	1867	97.7055	205.9
2006	7	4.7	5.09	4.95	5.85	6.76	1737	1763	97.8175	206.3
2006	8	4.7	4.88	4.96	5.68	6.59	1650	1722	98.0079	206.8
2006	9	4.5	4.72	4.81	5.51	6.43	1720	1655	97.8451	207.2
2006	10	4.4	4.73	4.92	5.51	6.42	1491	1570	97.7651	207.6
2006	11	4.5	4.6	4.94	5.33	6.2	1570	1535	97.6484	207.8
2006	12	4.4	4.56	4.85	5.32	6.22	1649	1638	98.6644	208.1
2007	1	4.6	4.76	4.98	5.4	6.34	1409	1626	98.2311	208.6
2007	2	4.5	4.72	5.03	5.39	6.28	1480	1598	99.3974	209.135
2007	3	4.4	4.56	4.94	5.3	6.27	1495	1596	99.3941	209.418
2007	4	4.5	4.69	4.87	5.47	6.39	1490	1470	100.1649	209.747
2007	5	4.4	4.75	4.73	5.47	6.39	1415	1493	100.1037	210.058
2007	6	4.6	5.1	4.61	5.79	6.7	1448	1407	100.097	210.392
2007	7	4.7	5	4.82	5.73	6.65	1354	1361	100.1781	210.773
2007	8	4.6	4.67	4.2	5.79	6.65	1330	1321	100.2117	211.119
2007	9	4.7	4.52	3.89	5.74	6.59	1183	1261	100.7018	211.554
2007	10	4.7	4.53	3.9	5.66	6.48	1264	1192	100.1437	212.077
2007	11	4.7	4.15	3.27	5.44	6.4	1197	1224	100.6346	212.66
2007	12	5.0	4.1	3	5.49	6.65	1037	1149	100.742	213.168
2008	1	5.0	3.74	2.75	5.33	6.54	1084	1094	100.437	213.756
2008	2	4.8	3.74	2.12	5.53	6.82	1103	1014	100.2821	213.926
2008	3	5.1	3.51	1.26	5.51	6.89	1005	967	99.9291	214.419
2008	4	4.9	3.68	1.29	5.55	6.97	1013	1008	99.1459	214.559
2008	5	5.4	3.88	1.73	5.57	6.93	973	995	98.6404	214.934
2008	6	5.6	4.1	1.86	5.68	7.07	1046	1180	98.3635	215.441
2008	7	5.8	4.01	1.63	5.67	7.16	923	921	97.897	216.006
2008	8	6.1	3.89	1.72	5.64	7.15	844	858	96.2339	216.44
2008	9	6.2	3.69	1.13	5.65	7.31	820	797	92.264	216.711
2008	10	6.6	3.81	0.67	6.28	8.88	777	736	93.0181	216.762
2008	11	6.8	3.53	0.19	6.12	9.21	652	626	91.8795	216.923
2008	12	7.3	2.42	0.03	5.05	8.43	560	554	89.3744	216.892
2009	1	7.8	2.52	0.13	5.05	8.14	490	545	87.3778	217.328
2009	2	8.2	2.87	0.3	5.27	8.08	582	558	86.8767	217.777
2009	3	8.6	2.82	0.21	5.5	8.42	505	513	85.4401	218.253
2009	4	8.9	2.93	0.16	5.39	8.39	478	521	84.7067	218.715
2009	5	9.4	3.29	0.18	5.54	8.06	540	556	83.8149	218.9
2009	6	9.5	3.72	0.18	5.61	7.5	585	601	83.4577	219.165
2009	7	9.5	3.56	0.18	5.41	7.09	594	595	84.2633	219.313
2009	8	9.7	3.59	0.17	5.26	6.58	586	616	85.142	219.529
2009	9	9.8	3.4	0.12	5.13	6.31	585	609	85.6805	219.931
2009	10	10.1	3.39	0.07	5.15	6.29	534	583	85.8546	220.468
2009	11	9.9	3.4	0.05	5.19	6.32	588	623	86.1649	220.63
2009	12	9.9	3.59	0.05	5.26	6.37	581	664	86.5639	220.806
2010	1	9.7	3.73	0.06	5.26	6.25	614	636	87.4142	220.517
2010	2	9.7	3.69	0.11	5.35	6.34	604	650	87.7686	220.636
2010	3	9.7	3.73	0.15	5.27	6.27	636	687	88.3369	220.759
2010	4	9.8	3.85	0.16	5.29	6.25	687	637	88.6987	220.85
2010	5	9.6	3.42	0.16	4.96	6.05	583	575	90.0893	221.042
2010	6	9.5	3.2	0.12	4.88	6.23	536	587	90.2423	221.314
2010	7	9.5	3.01	0.16	4.72	6.01	546	579	90.8695	221.491
2010	8	9.6	2.7	0.16	4.49	5.66	599	580	91.0646	221.617
2010	9	9.6	2.65	0.15	4.53	5.66	594	563	91.4408	221.719
2010	10	9.7	2.54	0.13	4.68	5.72	543	558	91.0978	221.799
2010	11	9.8	2.76	0.14	4.87	5.92	545	560	91.364	222.067
2010	12	9.4	3.29	0.14	5.02	6.1	539	632	92.3987	222.218
2011	1	9.1	3.39	0.15	5.04	6.09	632	566	92.4721	222.628
2011	2	9.0	3.58	0.13	5.22	6.15	518	536	92.2938	223.063
2011	3	8.9	3.41	0.1	5.13	6.03	600	590	93.0542	223.405
2011	4	9.0	3.46	0.06	5.16	6.02	552	578	92.6332	223.818
2011	5	9.0	3.17	0.04	4.96	5.78	551	624	92.9421	224.381
2011	6	9.1	3	0.04	4.99	5.75	615	633	93.0705	224.914
2011	7	9.1	3	0.04	4.93	5.76	614	627	93.9305	225.366
2011	8	9.1	2.3	0.02	4.37	5.36	581	645	94.1845	225.908
2011	9	9.0	1.98	0.01	4.09	5.27	647	616	94.38	226.085
2011	10	8.9	2.15	0.02	3.98	5.37	630	667	94.9389	226.465
2011	11	8.7	2.01	0.01	3.87	5.14	708	709	95.1217	226.856
2011	12	8.5	1.98	0.01	3.93	5.25	697	701	95.939	227.188
2012	1	8.3	1.97	0.03	3.85	5.23	720	684	96.5925	227.684
2012	2	8.3	1.97	0.09	3.85	5.14	718	707	97.0097	227.907
2012	3	8.2	2.17	0.08	3.99	5.23	706	769	96.477	228.432
2012	4	8.1	2.05	0.08	3.96	5.19	747	723	97.2424	228.984
2012	5	8.2	1.8	0.09	3.8	5.07	711	784	97.0173	229.446
2012	6	8.2	1.62	0.09	3.64	5.02	760	755	97.4298	229.916
