month day year ff    tb03    cm10     cm30 discount    prime   aaa    xxx
02  16  77    4.70    4.62    7.36    7.69    5.25    6.25    8.04  105.30
02  23  77    4.74    4.67    7.39    7.75    5.25    6.25    8.08  105.24
03  02  77    4.68    4.70    7.47    7.81    5.25    6.25    8.10  105.30
03  09  77    4.63    4.64    7.49    7.82    5.25    6.25    8.12  105.26
03  16  77    4.62    4.59    7.45    7.80    5.25    6.25    8.09  105.40
03  23  77    4.77    4.57    7.44    7.77    5.25    6.25    8.00  105.14
03  30  77    4.74    4.59    7.46    7.79    5.25    6.25    8.10  105.00
04  06  77    4.60    4.56    7.44    7.78    5.25    6.25    8.10  104.96
04  13  77    4.65    4.58    7.39    7.77    5.25    6.25    8.05  104.69
04  20  77    4.71    4.51    7.27    7.66    5.25    6.25    7.99  104.62
04  27  77    4.82    4.50    7.37    7.73    5.25    6.25    8.01  104.69
05  04  77    5.15    4.65    7.44    7.79    5.25    6.25    8.04  104.40
05  11  77    5.31    4.87    7.50    7.85    5.25    6.25    8.07  104.48
05  18  77    5.34    4.99    7.46    7.80    5.25    6.46    8.06  104.57
05  25  77    5.45    5.11    7.45    7.78    5.25    6.50    8.04  104.51
06  01  77    5.36    5.02    7.39    7.75    5.25    6.57    8.00  104.48
06  08  77    5.31    5.04    7.37    7.70    5.25    6.75    7.98  104.37
06  15  77    5.37    5.04    7.27    7.63    5.25    6.75    7.94  104.35
06  22  77    5.43    5.01    7.25    7.62    5.25    6.75    7.94  104.41
06  29  77    5.43    4.97    7.20    7.58    5.25    6.75    7.91  104.26
07  06  77    5.35    5.06    7.32    7.61    5.25    6.75    7.93  103.50
07  13  77    5.33    5.14    7.31    7.64    5.25    6.75    7.94  102.79
07  20  77    5.35    5.20    7.33    7.64    5.25    6.75    7.94  102.34
07  27  77    5.45    5.19    7.31    7.65    5.25    6.75    7.96  101.95
08  03  77    5.80    5.37    7.42    7.71    5.25    6.75    8.00  102.71
08  10  77    5.70    5.40    7.43    7.72    5.25    6.75    8.00  102.95
08  17  77    5.94    5.57    7.47    7.74    5.25    6.75    7.99  103.51
08  24  77    5.99    5.52    7.38    7.67    5.25    6.86    7.96  103.27
08  31  77    6.02    5.56    7.28    7.59    5.32    7.00    7.92  103.51
09  07  77    5.97    5.57    7.26    7.59    5.75    7.00    7.90  103.71
09  14  77    6.05    5.80    7.35    7.64    5.75    7.00    7.89  103.87
09  21  77    6.10    5.87    7.34    7.64    5.75    7.21    7.92  103.84
09  28  77    6.35    5.93    7.39    7.68    5.75    7.25    7.96  103.80
10  05  77    6.41    5.98    7.40    7.69    5.75    7.25    7.99  103.05
10  12  77    6.41    6.22    7.50    7.75    5.75    7.46    8.04  102.64
10  19  77    6.50    6.27    7.54    7.79    5.75    7.50    8.05  102.03
10  26  77    6.49    6.11    7.56    7.80    5.79    7.61    8.06  101.90
11  02  77    6.50    6.14    7.61    7.84    6.00    7.75    8.08  101.11
11  09  77    6.58    6.17    7.64    7.89    6.00    7.75    8.10  101.29
11  16  77    6.42    6.10    7.57    7.84    6.00    7.75    8.08  100.95
11  23  77    6.51    6.06    7.54    7.82    6.00    7.75    8.07  100.57
11  30  77    6.55    6.04    7.54    7.83    6.00    7.75    8.08  100.21
12  07  77    6.51    6.05    7.61    7.87    6.00    7.75    8.13   99.58
12  14  77    6.49    6.06    7.64    7.90    6.00    7.75    8.18   98.88
12  21  77    6.54    5.99    7.70    7.95    6.00    7.75    8.23   97.68
12  28  77    6.65    6.14    7.76    8.02    6.00    7.75    8.28   98.02
01  04  78    6.69    6.16    7.81    8.06    6.00    7.75    8.30   95.80
01  11  78    6.58    6.48    7.95    8.16    6.21    7.82    8.40   97.23
01  18  78    6.78    6.50    7.99    8.20    6.50    8.00    8.44   97.03
01  25  78    6.72    6.46    7.98    8.20    6.50    8.00    8.47   96.67
02  01  78    6.80    6.42    7.96    8.20    6.50    8.00    8.46   96.67
02  08  78    6.75    6.44    7.98    8.23    6.50    8.00    8.46   97.03
02  15  78    6.76    6.46    8.04    8.25    6.50    8.00    8.47   96.71
02  22  78    6.78    6.48    8.10    8.30    6.50    8.00    8.49   95.55
03  01  78    6.80    6.41    8.05    8.26    6.50    8.00    8.49   95.03
03  08  78    6.76    6.33    8.04    8.24    6.50    8.00    8.48   94.72
03  15  78    6.77    6.27    8.00    8.21    6.50    8.00    8.45   95.45
03  22  78    6.77    6.22    7.98    8.19    6.50    8.00    8.45   94.88
03  29  78    6.82    6.27    8.09    8.27    6.50    8.00    8.48   94.56
04  05  78    6.86    6.39    8.13    8.31    6.50    8.00    8.53   93.78
04  12  78    6.74    6.35    8.15    8.34    6.50    8.00    8.56   93.52
04  19  78    6.78    6.20    8.11    8.32    6.50    8.00    8.57   94.45
04  26  78    7.00    6.22    8.18    8.35    6.50    8.00    8.59   95.99
05  03  78    7.27    6.38    8.25    8.39    6.50    8.00    8.62   95.59
05  10  78    7.32    6.39    8.33    8.44    6.50    8.21    8.65   95.79
05  17  78    7.34    6.30    8.34    8.42    7.00    8.25    8.69   96.67
05  24  78    7.43    6.43    8.38    8.44    7.00    8.25    8.76   96.86
05  31  78    7.36    6.59    8.41    8.49    7.00    8.46    8.79   96.27
06  07  78    7.47    6.61    8.38    8.46    7.00    8.50    8.74   95.45
06  14  78    7.49    6.63    8.40    8.45    7.00    8.50    8.72   95.09
06  21  78    7.53    6.73    8.45    8.48    7.00    8.71    8.76   94.80
06  28  78    7.78    6.87    8.56    8.57    7.00    8.75    8.82   94.10
07  05  78    7.72    6.99    8.60    8.61    7.11    8.96    8.85   93.25
07  12  78    7.72    7.15    8.66    8.67    7.25    9.00    8.90   92.81
07  19  78    7.94    7.08    8.65    8.67    7.25    9.00    8.89   92.92
07  26  78    7.88    6.95    8.67    8.67    7.25    9.00    8.88   92.05
08  02  78    7.89    6.78    8.53    8.54    7.25    9.00    8.76   91.17
08  09  78    7.83    6.76    8.36    8.43    7.25    9.00    8.66   90.39
08  16  78    7.87    6.96    8.47    8.52    7.25    9.00    8.70   88.53
08  23  78    8.14    7.25    8.42    8.49    7.46    9.00    8.69   90.24
08  30  78    8.28    7.35    8.37    8.44    7.75    9.00    8.67   90.54
09  06  78    8.30    7.60    8.37    8.43    7.75    9.25    8.67   89.82
09  13  78    8.33    7.70    8.32    8.38    7.75    9.25    8.63   90.19
09  20  78    8.36    7.92    8.38    8.43    7.75    9.46    8.70   89.63
09  27  78    8.62    8.04    8.54    8.57    7.96    9.50    8.77   88.87
10  04  78    8.85    8.03    8.57    8.62    8.00    9.75    8.81   88.53
10  11  78    8.71    8.17    8.58    8.62    8.00    9.75    8.85   87.70
10  18  78    8.78    7.91    8.57    8.62    8.21    9.96    8.88   86.59
10  25  78    9.24    7.67    8.65    8.68    8.50   10.00    8.94   85.35
11  01  78    9.29    8.35    8.80    8.77    8.64   10.25    9.04   83.77
11  08  78    9.77    8.85    8.83    8.77    9.50   10.61    9.06   87.80
11  15  78    9.68    8.38    8.83    8.76    9.50   10.75    9.02   88.05
11  22  78    9.68    8.36    8.74    8.70    9.50   10.96    9.00   89.81
11  29  78    9.85    8.98    8.86    8.79    9.50   11.43    9.04   90.02
12  06  78    9.87    8.93    8.84    8.78    9.50   11.50    9.06   90.11
12  13  78    9.79    8.90    8.92    8.83    9.50   11.50    9.12   89.48
12  20  78    9.75    9.14    9.08    8.95    9.50   11.50    9.24   88.04
12  27  78   10.25    9.30    9.13    8.95    9.50   11.57    9.27   87.43
01  03  79   10.59    9.30    9.16    8.97    9.50   11.75    9.26   86.81
01  10  79    9.97    9.31    9.13    8.97    9.50   11.75    9.26   87.50
01  17  79   10.05    9.39    9.16    8.98    9.50   11.75    9.28   87.94
01  24  79   10.05    9.38    9.13    8.95    9.50   11.75    9.24   87.62
01  31  79   10.12    9.32    8.95    8.84    9.50   11.75    9.19   88.38
02  07  79   10.06    9.23    8.97    8.90    9.50   11.75    9.23   88.53
02  14  79   10.15    9.28    9.11    9.01    9.50   11.75    9.25   88.02
02  21  79    9.97    9.34    9.13    9.02    9.50   11.75    9.28   88.27
02  28  79   10.06    9.45    9.19    9.08    9.50   11.75    9.36   88.15
03  07  79   10.07    9.41    9.14    9.06    9.50   11.75    9.35   88.35
03  14  79   10.21    9.50    9.11    9.03    9.50   11.75    9.38   88.31
03  21  79   10.09    9.52    9.13    9.04    9.50   11.75    9.38   88.51
03  28  79   10.00    9.51    9.11    9.02    9.50   11.75    9.35   88.37
04  04  79    9.95    9.48    9.09    9.01    9.50   11.75    9.31   88.85
04  11  79    9.93    9.64    9.14    9.04    9.50   11.75    9.37   89.22
04  18  79    9.96    9.54    9.18    9.08    9.50   11.75    9.39   89.62
04  25  79   10.09    9.20    9.20    9.11    9.50   11.75    9.44   89.69
05  02  79   10.22    9.48    9.33    9.20    9.50   11.75    9.51   89.97
05  09  79   10.25    9.65    9.38    9.28    9.50   11.75    9.52   89.83
05  16  79   10.25    9.58    9.33    9.24    9.50   11.75    9.51   90.00
05  23  79   10.17    9.69    9.19    9.17    9.50   11.75    9.49   90.71
05  30  79   10.28    9.54    9.03    9.04    9.50   11.75    9.48   90.83
06  06  79   10.23    9.48    9.03    9.05    9.50   11.75    9.41   90.71
06  13  79   10.23    9.06    8.87    8.89    9.50   11.75    9.25   90.60
06  20  79   10.28    8.98    8.93    8.92    9.50   11.68    9.23   89.65
06  27  79   10.32    8.85    8.89    8.89    9.50   11.50    9.23   88.02
07  04  79   10.42    8.96    8.79    8.82    9.50   11.50    9.16   87.89
07  11  79   10.28    9.25    8.87    8.87    9.50   11.50    9.17   87.48
07  18  79   10.35    9.29    8.98    8.95    9.50   11.50    9.19   86.80
07  25  79   10.63    9.34    9.02    8.98    9.93   11.50    9.23   86.31
08  01  79   10.75    9.16    9.00    8.99   10.00   11.71    9.24   86.78
08  08  79   10.67    9.37    8.92    8.92   10.00   11.75    9.20   87.17
08  15  79   10.80    9.47    8.99    8.96   10.00   11.75    9.20   87.14
08  22  79   11.04    9.54    9.02    8.97   10.43   12.00    9.23   87.38
08  29  79   11.16    9.67    9.12    9.03   10.50   12.07    9.30   87.37
09  05  79   11.02    9.91    9.27    9.11   10.50   12.25    9.34   87.21
09  12  79   11.30   10.43    9.32    9.16   10.50   12.68    9.42   86.86
09  19  79   11.37   10.35    9.33    9.17   10.57   12.96    9.49   87.40
09  26  79   11.61   10.12    9.31    9.15   11.00   13.21    9.50   86.25
10  03  79   11.91   10.26    9.47    9.28   11.00   13.46    9.66   85.68
10  10  79   12.00   11.21    9.80    9.50   11.43   13.79    9.91   86.78
10  17  79   13.22   11.61   10.22    9.79   12.00   14.50   10.09   87.77
10  24  79   15.14   12.60   10.78   10.16   12.00   14.64   10.50   88.34
10  31  79   15.61   12.13   10.78   10.20   12.00   15.00   10.73   88.85
11  07  79   13.77   12.16   10.87   10.42   12.00   15.25   10.83   88.58
11  14  79   13.30   12.11   10.76   10.39   12.00   15.46   10.75   88.81
11  21  79   13.10   11.87   10.74   10.38   12.00   15.71   10.83   88.02
11  28  79   12.46   11.22   10.37   10.11   12.00   15.75   10.63   87.71
12  05  79   13.77   11.58   10.35   10.06   12.00   15.54   10.58   86.71
12  12  79   13.79   12.11   10.35   10.09   12.00   15.29   10.70   86.63
12  19  79   13.90   12.21   10.41   10.15   12.00   15.25   10.79   86.38
12  26  79   13.49   12.01   10.43   10.17   12.00   15.25   10.87   86.19
01  02  80   14.04   12.03   10.43   10.17   12.00   15.25   10.88   85.62
01  09  80   13.94   11.92   10.61   10.31   12.00   15.25   10.91   85.07
01  16  80   13.91   11.75   10.64   10.37   12.00   15.25   10.99   85.36
01  23  80   13.77   12.08   10.83   10.64   12.00   15.25   11.22   85.60
01  30  80   13.54   12.21   11.13   11.03   12.00   15.25   11.49   85.95
02  06  80   12.80   12.09   11.49   11.41   12.00   15.25   11.95   85.99
02  13  80   13.64   12.10   11.85   11.80   12.00   15.25   12.19   85.84
02  20  80   14.87   12.93   12.47   12.30   12.86   15.39   12.74   86.23
02  27  80   14.62   13.63   13.33   12.73   13.00   16.29   12.88   86.87
03  05  80   16.17   14.62   12.87   12.32   13.00   16.84   13.00   87.72
03  12  80   16.45   15.51   12.73   12.38   13.00   17.68   13.00   88.67
03  19  80   16.24   14.80   12.47   12.11   13.00   18.46   12.83   90.56
03  26  80   17.78   15.61   12.93   12.48   13.00   19.00   13.00   91.46
04  02  80   19.39   14.80   12.73   12.36   13.00   19.50   12.95   93.44
04  09  80   19.04   14.54   12.23   11.95   13.00   20.00   12.57   93.82
04  16  80   18.35   13.89   11.59   11.43   13.00   20.00   11.87   91.14
04  23  80   17.56   12.78   10.96   10.98   13.00   19.57   11.51   90.11
04  30  80   15.12   11.17   10.79   10.99   13.00   19.50   11.38   88.34
05  07  80   12.96    9.67   10.15   10.39   13.00   18.39   10.93   87.91
05  14  80   10.85    8.52   10.21   10.35   13.00   17.50   10.96   87.35
05  21  80   10.71    8.58   10.30   10.49   13.00   16.64   11.02   87.04
05  28  80    9.46    7.67   10.00   10.19   13.00   14.79   10.90   85.74
06  04  80   10.74    7.71   10.21   10.32   12.14   14.07   10.88   85.96
06  11  80    9.68    6.89    9.82    9.87   12.00   13.14   10.53   85.28
06  18  80    8.99    6.49    9.51    9.54   11.14   12.36   10.34   84.74
06  25  80    9.08    7.12    9.63    9.64   11.00   12.04   10.53   85.23
07  02  80    9.41    7.82   10.06   10.02   11.00   12.00   10.84   85.12
07  09  80    9.26    8.02   10.11   10.11   11.00   11.79   10.94   84.41
07  16  80    8.98    8.02   10.21   10.22   11.00   11.50   11.09   84.36
07  23  80    8.68    7.90   10.17   10.16   11.00   11.50   11.11   84.41
07  30  80    8.98    8.19   10.41   10.38   10.57   11.07   11.33   84.96
08  06  80    9.60    8.65   10.74   10.73   10.00   11.00   11.44   85.99
08  13  80    8.85    8.60   10.90   10.91   10.00   11.00   11.57   85.85
08  20  80    9.35    8.96   11.07   11.01   10.00   11.00   11.70   86.23
08  27  80   10.03    9.81   11.38   11.17   10.00   11.25   11.88   86.40
09  03  80   10.47    9.97   11.46   11.18   10.00   11.50   11.89   85.47
09  10  80   10.22    9.92   11.20   11.06   10.00   11.71   11.90   85.29
09  17  80   10.64   10.29   11.48   11.29   10.00   12.21   12.00   85.17
09  24  80   10.85   10.25   11.61   11.45   10.00   12.46   12.15   85.81
10  01  80   12.38   11.05   11.92   11.76   10.86   13.00   12.30   85.90
10  08  80   12.59   11.34   11.50   11.39   11.00   13.50   12.18   85.68
10  15  80   12.64   11.12   11.37   11.19   11.00   13.50   12.11   85.74
10  22  80   12.55   11.39   11.66   11.48   11.00   13.93   12.27   86.71
10  29  80   13.17   12.17   12.10   11.92   11.00   14.07   12.72   87.63
11  05  80   13.99   12.96   12.50   12.27   11.00   14.50   12.96   88.66
11  12  80   14.65   13.30   12.74   12.54   11.00   15.50   12.93   89.25
11  19  80   15.22   13.62   12.67   12.35   11.43   15.82   12.96   89.08
11  26  80   17.43   14.21   12.71   12.29   12.00   17.00   13.03   89.55
12  03  80   17.72   14.67   12.88   12.44   12.00   17.96   13.15   90.38
12  10  80   18.82   16.17   12.98   12.53   12.86   19.07   13.47   91.04
12  17  80   19.83   16.73   13.36   12.91   13.00   20.29   13.49   92.15
12  24  80   19.44   15.03   12.55   12.09   13.00   21.43   12.89   90.75
12  31  80   18.45   14.26   12.32   11.91   13.00   21.50   12.83   90.16
01  07  81   20.06   14.06   12.27   11.81   13.00   20.64   12.59   89.51
01  14  81   19.64   15.10   12.49   12.05   13.00   20.07   12.76   90.73
01  21  81   19.35   15.44   12.61   12.21   13.00   20.00   12.91   91.12
01  28  81   18.12   15.41   12.78   12.35   13.00   20.00   12.98   92.63
02  04  81   17.19   14.78   12.84   12.44   13.00   19.86   13.07   94.78
02  11  81   16.51   15.32   13.19   12.83   13.00   19.50   13.41   95.58
02  18  81   15.81   15.22   13.43   13.00   13.00   19.50   13.51   97.88
02  25  81   14.96   14.23   13.14   12.75   13.00   19.29   13.45   95.77
03  04  81   15.73   14.35   13.48   13.03   13.00   19.00   13.61   97.26
03  11  81   15.53   14.17   13.18   12.76   13.00   18.71   13.31   96.71
03  18  81   14.13   13.06   12.80   12.37   13.00   17.86   13.06   95.65
03  25  81   13.48   12.64   13.02   12.59   13.00   17.50   13.32   95.16
04  01  81   14.93   12.70   13.24   12.79   13.00   17.50   13.41   96.60
04  08  81   15.43   13.37   13.48   13.03   13.00   17.00   13.72   97.54
04  15  81   15.33   13.58   13.61   13.16   13.00   17.00   13.89   98.77
04  22  81   15.55   13.70   13.75   13.24   13.00   17.00   14.02   99.60
04  29  81   16.28   14.16   13.92   13.38   13.00   17.43   14.26   99.54
05  06  81   18.91   15.73   14.38   13.86   13.29   18.43   14.50  101.41
05  13  81   18.21   16.72   14.37   13.88   14.00   19.21   14.53  103.09
05  20  81   18.89   16.52   14.01   13.49   14.00   19.64   14.18  104.19
05  27  81   18.71   16.41   13.81   13.35   14.00   20.43   14.00  104.89
06  03  81   18.40   15.46   13.53   13.09   14.00   20.43   13.84  105.35
06  10  81   19.33   15.30   13.42   12.95   14.00   20.00   13.73  107.93
06  17  81   19.10   14.16   13.21   12.72   14.00   20.00   13.61  106.43
06  24  81   19.20   14.69   13.54   12.97   14.00   20.00   13.77  106.42
07  01  81   18.84   14.25   13.79   13.23   14.00   20.00   14.04  107.71
07  08  81   19.93   14.68   13.98   13.35   14.00   20.07   14.19  109.34
07  15  81   18.76   14.74   14.05   13.38   14.00   20.50   14.25  109.51
07  22  81   19.05   15.17   14.41   13.68   14.00   20.50   14.55  109.90
07  29  81   18.54   15.23   14.51   13.77   14.00   20.50   14.61  110.45
08  05  81   18.25   15.21   14.84   14.10   14.00   20.50   14.82  112.84
08  12  81   18.29   15.23   14.67   13.89   14.00   20.50   14.62  113.76
08  19  81   18.19   15.61   14.73   13.93   14.00   20.50   14.78  112.31
08  26  81   17.41   15.70   15.17   14.40   14.00   20.50   15.21  110.94
09  02  81   16.89   15.57   15.37   14.65   14.00   20.50   15.50  110.53
09  09  81   16.50   15.55   15.53   14.85   14.00   20.50   15.61  110.03
09  16  81   16.09   14.52   15.15   14.51   14.00   20.36   15.30  108.37
09  23  81   15.33   14.32   14.98   14.30   14.00   19.86   15.35  105.46
09  30  81   15.00   14.23   15.65   15.03   14.00   19.50   15.85  107.65
10  07  81   15.46   14.25   15.31   14.74   14.00   19.29   15.40  106.18
10  14  81   14.93   13.44   14.86   14.39   14.00   18.71   15.18  104.70
10  21  81   15.32   13.43   15.04   14.61   14.00   18.00   15.36  106.16
10  28  81   14.87   13.29   15.45   15.01   14.00   18.00   15.51  107.92
11  04  81   14.79   12.70   14.61   14.35   13.57   17.86   14.88  105.71
11  11  81   14.01   11.55   13.73   13.76   13.00   17.29   14.18  104.97
11  18  81   13.17   10.54   13.12   13.18   13.00   16.93   13.91  104.68
11  25  81   12.42   10.20   13.15   13.08   13.00   16.39   13.92  104.46
12  02  81   12.48   10.41   13.23   12.99   13.00   15.93   13.99  103.73
12  09  81   12.04   10.26   13.45   13.19   12.14   15.75   14.16  104.32
12  16  81   12.26   10.84   13.67   13.42   12.00   15.75   14.11  105.76
12  23  81   12.43   11.09   13.84   13.57   12.00   15.75   14.36  105.97
12  30  81   12.54   11.36   14.08   13.81   12.00   15.75   14.50  105.74
01  06  82   12.98   11.46   14.30   13.99   12.00   15.75   14.81  104.91
01  13  82   12.42   11.85   14.67   14.32   12.00   15.75   15.29  106.27
01  20  82   12.96   12.36   14.78   14.33   12.00   15.75   15.36  107.32
01  27  82   13.98   12.99   14.60   14.20   12.00   15.75   15.27  108.00
02  03  82   14.77   13.17   14.43   14.18   12.00   15.96   15.34  108.96
02  10  82   15.19   13.92   14.81   14.63   12.00   16.50   15.49  109.86
02  17  82   15.61   14.41   14.58   14.39   12.00   16.50   15.34  111.11
02  24  82   13.86   12.82   14.04   13.82   12.00   16.86   14.92  110.54
03  03  82   14.07   12.32   13.84   13.60   12.00   16.50   14.61  111.63
03  10  82   14.35   12.25   13.66   13.42   12.00   16.50   14.55  110.89
03  17  82   14.89   12.77   13.93   13.59   12.00   16.50   14.55  112.03
03  24  82   14.48   12.75   13.83   13.46   12.00   16.50   14.53  113.14
03  31  82   14.99   13.17   14.09   13.68   12.00   16.50   14.66  114.24
04  07  82   15.15   13.17   14.14   13.67   12.00   16.50   14.68  114.49
04  14  82   14.68   12.85   13.90   13.38   12.00   16.50   14.53  115.06
04  21  82   15.01   12.53   13.74   13.21   12.00   16.50   14.31  114.54
04  28  82   14.72   12.42   13.71   13.20   12.00   16.50   14.31  113.18
05  05  82   15.53   12.57   13.87   13.39   12.00   16.50   14.36  111.59
05  12  82   14.97   12.32   13.51   13.13   12.00   16.50   14.22  109.92
05  19  82   14.67   12.27   13.58   13.25   12.00   16.50   14.23  110.93
05  26  82   13.70   11.53   13.59   13.20   12.00   16.50   14.21  111.28
06  02  82   13.43   11.79   13.81   13.50   12.00   16.50   14.50  113.17
06  09  82   13.60   12.13   13.96   13.70   12.00   16.50   14.62  114.16
06  16  82   14.24   12.20   14.13   13.80   12.00   16.50   14.79  116.54
06  23  82   14.17   12.70   14.63   14.18   12.00   16.50   15.10  119.18
06  30  82   14.81   13.01   14.65   14.13   12.00   16.50   15.07  119.59
07  07  82   14.47   12.59   14.47   13.96   12.00   16.50   14.96  120.03
07  14  82   13.18   11.88   14.04   13.60   12.00   16.50   14.65  120.09
07  21  82   12.14   11.06   13.69   13.36   11.86   16.36   14.32  118.79
07  28  82   11.02   10.51   13.76   13.40   11.50   16.00   14.39  116.67
08  04  82   11.15    9.92   13.62   13.33   11.29   15.29   14.22  118.72
08  11  82   10.90    9.99   13.73   13.31   11.00   15.00   14.14  120.76
08  18  82   10.11    8.68   13.01   12.73   10.79   14.71   13.48  120.80
08  25  82    9.04    7.43   12.39   12.22   10.50   13.79   13.15  118.16
09  01  82   10.15    8.00   12.74   12.46   10.07   13.50   13.20  119.57
09  08  82   10.14    8.31   12.53   12.21   10.00   13.50   13.03  119.49
09  15  82   10.27    8.16   12.61   12.27   10.00   13.50   13.08  120.94
09  22  82   10.31    7.75   12.36   12.00   10.00   13.50   12.83  120.90
09  29  82   10.12    7.50   11.93   11.80   10.00   13.50   12.66  122.05
10  06  82   10.77    7.82   11.63   11.75   10.00   13.50   12.49  122.84
10  13  82    9.60    7.58   10.66   11.02    9.86   13.00   11.94  122.24
10  20  82    9.53    7.51   10.64   10.91    9.50   12.00   11.95  122.72
10  27  82    9.44    7.81   10.88   11.12    9.50   12.00   12.00  123.89
11  03  82    9.43    7.85   10.63   10.92    9.50   12.00   11.68  124.60
11  10  82    9.45    7.90   10.49   10.53    9.50   12.00   11.62  125.36
11  17  82    9.61    8.37   10.62   10.52    9.50   12.00   11.70  125.20
11  24  82    8.91    8.04   10.49   10.42    9.29   11.79   11.67  123.93
12  01  82    8.69    8.19   10.71   10.65    9.00   11.50   11.83  121.64
12  08  82    8.84    7.93   10.54   10.49    9.00   11.50   11.79  119.69
12  15  82    8.86    7.86   10.56   10.55    8.93   11.50   11.82  120.60
12  22  82    8.69    7.88   10.60   10.64    8.50   11.50   11.91  119.17
12  29  82    8.79    8.01   10.46   10.47    8.50   11.50   11.82  117.75
01  05  83   10.21    7.97   10.37   10.44    8.50   11.50   11.77  116.94
01  12  83    8.42    7.76   10.36   10.49    8.50   11.36   11.70  116.00
01  19  83    8.49    7.63   10.31   10.54    8.50   11.00   11.70  116.99
01  26  83    8.44    8.01   10.61   10.81    8.50   11.00   11.94  119.59
02  02  83    8.53    8.09   10.77   10.93    8.50   11.00   12.06  120.73
02  09  83    8.50    8.24   10.97   11.11    8.50   11.00   12.11  120.54
02  16  83    8.62    8.20   10.82   10.96    8.50   11.00   12.08  118.76
02  23  83    8.47    7.99   10.55   10.72    8.50   11.00   11.82  118.93
03  02  83    8.44    7.93   10.29   10.51    8.50   10.79   11.63  120.01
03  09  83    8.59    8.14   10.39   10.56    8.50   10.50   11.72  119.68
03  16  83    8.57    8.26   10.52   10.68    8.50   10.50   11.79  119.49
03  23  83    8.75    8.47   10.59   10.69    8.50   10.50   11.76  121.21
03  30  83    8.88    8.61   10.61   10.67    8.50   10.50   11.75  122.24
04  06  83    9.43    8.55   10.55   10.61    8.50   10.50   11.66  121.79
04  13  83    8.76    8.25   10.45   10.50    8.50   10.50   11.51  121.61
04  20  83    8.70    8.12   10.34   10.41    8.50   10.50   11.46  122.01
04  27  83    8.58    8.14   10.38   10.49    8.50   10.50   11.43  121.77
05  04  83    8.80    8.06   10.24   10.37    8.50   10.50   11.29  122.04
05  11  83    8.48    8.03   10.18   10.32    8.50   10.50   11.29  121.20
05  18  83    8.59    8.09   10.33   10.50    8.50   10.50   11.54  121.60
05  25  83    8.72    8.34   10.55   10.69    8.50   10.50   11.67  122.74
06  01  83    8.77    8.56   10.71   10.86    8.50   10.50   11.76  123.32
06  08  83    8.84    8.67   10.83   10.95    8.50   10.50   11.77  125.15
06  15  83    8.84    8.73   10.80   10.89    8.50   10.50   11.66  125.77
06  22  83    9.14    8.84   10.75   10.82    8.50   10.50   11.71  125.21
06  29  83    8.90    8.97   11.01   11.07    8.50   10.50   11.85  124.66
07  06  83    9.39    8.89   11.07   11.12    8.50   10.50   12.02  125.42
07  13  83    9.21    9.10   11.34   11.37    8.50   10.50   12.13  126.31
07  20  83    9.43    9.11   11.39   11.37    8.50   10.50   12.17  126.60
07  27  83    9.46    9.08   11.43   11.45    8.50   10.50   12.31  126.98
08  03  83    9.59    9.31   11.79   11.79    8.50   10.50   12.62  128.83
08  10  83    9.66    9.49   12.14   12.11    8.50   10.71   12.71  130.45
08  17  83    9.67    9.43   11.82   11.78    8.50   11.00   12.40  130.51
08  24  83    9.41    9.22   11.61   11.60    8.50   11.00   12.32  128.43
08  31  83    9.44    9.21   11.80   11.77    8.50   11.00   12.54  129.97
09  07  83    9.53    9.19   11.88   11.86    8.50   11.00   12.47  130.56
09  14  83    9.54    9.10   11.69   11.67    8.50   11.00   12.40  130.07
09  21  83    9.48    9.02   11.67   11.65    8.50   11.00   12.31  129.72
09  28  83    9.04    8.81   11.49   11.47    8.50   11.00   12.22  129.27
10  05  83   10.00    8.69   11.44   11.45    8.50   11.00   12.20  128.19
10  12  83    9.46    8.69   11.45   11.49    8.50   11.00   12.22  126.97
10  19  83    9.36    8.63   11.54   11.58    8.50   11.00   12.21  127.36
10  26  83    9.36    8.62   11.60   11.63    8.50   11.00   12.34  127.43
11  02  83    9.40    8.55   11.69   11.75    8.50   11.00   12.42  128.51
11  09  83    9.36    8.75   11.82   11.88    8.50   11.00   12.47  129.74
11  16  83    9.42    8.78   11.70   11.74    8.50   11.00   12.42  129.82
11  23  83    9.26    8.81   11.65   11.71    8.50   11.00   12.36  130.80
11  30  83    9.27    8.85   11.60   11.66    8.50   11.00   12.39  131.14
12  07  83    9.49    8.92   11.74   11.78    8.50   11.00   12.51  131.69
12  14  83    9.52    9.04   11.92   11.97    8.50   11.00   12.66  133.15
12  21  83    9.62    9.08   11.88   11.94    8.50   11.00   12.61  133.80
12  28  83    8.96    8.94   11.78   11.84    8.50   11.00   12.56  133.17
01  04  84   10.06    8.98   11.81   11.87    8.50   11.00   12.53  132.78
01  11  84    9.53    8.91   11.74   11.82    8.50   11.00   12.43  135.24
01  18  84    9.54    8.84   11.61   11.69    8.50   11.00   12.01  135.05
01  25  84    9.53    8.93   11.63   11.70    8.50   11.00   11.98  135.25
02  01  84    9.41    8.90   11.65   11.74    8.50   11.00   11.97  135.22
02  08  84    9.58    9.02   11.67   11.77    8.50   11.00   11.96  133.46
02  15  84    9.53    9.06   11.80   11.91    8.50   11.00   12.06  132.52
02  22  84    9.60    9.13   11.90   12.01    8.50   11.00   12.22  131.08
02  29  84    9.62    9.20   12.04   12.16    8.50   11.00   12.30  129.21
03  07  84    9.74    9.22   12.09   12.18    8.50   11.00   12.46  127.12
03  14  84    9.79    9.37   12.27   12.36    8.50   11.00   12.58  127.37
03  21  84   10.04    9.65   12.40   12.48    8.50   11.21   12.65  129.08
03  28  84    9.97    9.76   12.46   12.49    8.50   11.50   12.71  128.63
04  04  84   10.41    9.73   12.56   12.56    8.50   11.50   12.74  128.52
04  11  84   10.13    9.66   12.53   12.54    8.71   12.00   12.71  129.12
04  18  84   10.37    9.74   12.57   12.60    9.00   12.00   12.79  129.56
04  25  84    9.98    9.67   12.75   12.77    9.00   12.00   12.95  130.82
05  02  84   10.70    9.67   12.79   12.83    9.00   12.00   13.00  132.46
05  09  84   10.46    9.90   13.08   13.11    9.00   12.14   13.15  133.74
05  16  84   10.52    9.94   13.44   13.48    9.00   12.50   13.33  134.37
05  23  84    9.75    9.85   13.50   13.52    9.00   12.50   13.42  134.48
05  30  84   10.30    9.69   13.84   13.81    9.00   12.50   13.56  133.80
06  06  84   10.72    9.78   13.57   13.52    9.00   12.50   13.46  132.27
06  13  84   10.85    9.94   13.51   13.41    9.00   12.50   13.48  133.18
06  20  84   11.49    9.91   13.38   13.27    9.00   12.50   13.55  134.60
06  27  84   11.27    9.81   13.75   13.56    9.00   12.71   13.71  136.36
07  04  84   10.91    9.87   13.83   13.59    9.00   13.00   13.69  136.78
07  11  84   11.25   10.03   13.62   13.40    9.00   13.00   13.53  138.86
07  18  84   11.21   10.06   13.35   13.15    9.00   13.00   13.36  139.13
07  25  84   11.19   10.20   13.27   13.17    9.00   13.00   13.32  139.76
08  01  84   11.53   10.34   12.92   12.89    9.00   13.00   13.05  140.77
08  08  84   11.59   10.49   12.69   12.65    9.00   13.00   12.84  140.54
08  15  84   11.63   10.36   12.69   12.51    9.00   13.00   12.86  140.56
08  22  84   11.77   10.37   12.67   12.43    9.00   13.00   12.85  139.62
08  29  84   11.50   10.58   12.76   12.53    9.00   13.00   12.88  139.81
09  05  84   11.68   10.65   12.86   12.56    9.00   13.00   12.87  141.30
09  12  84   11.52   10.47   12.64   12.39    9.00   13.00   12.72  143.99
09  19  84   11.46   10.33   12.37   12.17    9.00   13.00   12.52  146.91
09  26  84   10.73   10.26   12.45   12.24    9.00   13.00   12.56  147.19
10  03  84   11.20   10.21   12.48   12.29    9.00   12.75   12.62  146.52
10  10  84   10.01   10.11   12.41   12.22    9.00   12.75   12.60  147.13
10  17  84   10.22    9.93   12.31   12.13    9.00   12.71   12.82  149.41
10  24  84    9.45    9.49   11.89   11.71    9.00   12.50   12.54  147.78
10  31  84    9.73    9.20   11.86   11.69    9.00   12.29   12.50  146.63
11  07  84    9.87    8.81   11.66   11.55    9.00   12.00   12.43  143.15
11  14  84    9.55    8.72   11.78   11.74    9.00   11.79   12.42  142.93
11  21  84    9.47    8.60   11.59   11.60    8.93   11.75   12.20  144.66
11  28  84    9.00    8.42   11.30   11.36    8.50   11.68   12.05  146.48
12  05  84    8.83    8.43   11.52   11.53    8.50   11.25   12.20  148.47
12  12  84    8.70    8.36   11.62   11.63    8.50   11.25   12.21  148.32
12  19  84    7.99    7.98   11.48   11.49    8.50   11.25   12.04  148.89
12  26  84    7.95    7.71   11.37   11.41    8.29   10.75   12.05  150.04
01  02  85    8.75    7.77   11.54   11.55    8.00   10.75   12.21  151.46
01  09  85    8.27    7.78   11.54   11.57    8.00   10.75   12.16  152.24
01  16  85    8.23    7.73   11.53   11.60    8.00   10.68   12.20  153.05
01  23  85    8.19    7.71   11.34   11.45    8.00   10.50   11.97  153.31
01  30  85    8.45    7.73   11.09   11.19    8.00   10.50   11.85  152.96
02  06  85    8.59    8.14   11.30   11.31    8.00   10.50   11.95  154.36
02  13  85    8.44    8.21   11.40   11.31    8.00   10.50   12.01  157.11
02  20  85    8.57    8.20   11.39   11.37    8.00   10.50   12.21  158.34
02  27  85    8.40    8.40   11.75   11.71    8.00   10.50   12.47  162.26
03  06  85    8.63    8.65   11.90   11.87    8.00   10.50   12.55  161.82
03  13  85    8.52    8.60   11.81   11.78    8.00   10.50   12.58  161.48
03  20  85    8.75    8.54   11.95   11.89    8.00   10.50   12.62  159.46
03  27  85    8.38    8.41   11.83   11.78    8.00   10.50   12.50  153.98
04  03  85    8.68    8.18   11.70   11.68    8.00   10.50   12.44  150.76
04  10  85    8.45    8.11   11.69   11.67    8.00   10.50   12.34  152.40
04  17  85    8.46    7.98   11.35   11.36    8.00   10.50   12.09  147.53
04  24  85    7.69    7.74   11.18   11.28    8.00   10.50   12.09  147.00
05  01  85    8.35    7.82   11.37   11.45    8.00   10.50   12.15  150.89
05  08  85    8.19    7.76   11.22   11.33    8.00   10.50   12.03  153.32
05  15  85    8.14    7.64   11.01   11.18    8.00   10.50   11.77  149.16
05  22  85    7.91    7.32   10.69   10.93    7.79   10.29   11.50  148.27
05  29  85    7.60    7.22   10.53   10.80    7.50   10.00   11.27  149.25
06  05  85    7.75    7.04   10.12   10.46    7.50   10.00   10.93  147.91
06  12  85    7.62    7.12   10.10   10.43    7.50   10.00   10.88  148.64
06  19  85    7.13    6.77   10.02   10.34    7.50    9.86   10.86  147.33
06  26  85    7.46    7.00   10.39   10.60    7.50    9.50   11.09  147.59
07  03  85    8.06    6.91   10.25   10.47    7.50    9.50   10.91  146.52
07  10  85    8.07    6.90   10.03   10.29    7.50    9.50   10.85  143.39
07  17  85    7.77    7.03   10.19   10.39    7.50    9.50   10.87  139.74
07  24  85    7.88    7.21   10.42   10.57    7.50    9.50   11.07  139.91
07  31  85    7.64    7.23   10.60   10.73    7.50    9.50   11.21  138.21
08  07  85    7.92    7.26   10.60   10.72    7.50    9.50   11.20  139.04
08  14  85    7.88    7.13   10.40   10.64    7.50    9.50   11.08  138.19
08  21  85    8.06    7.12   10.23   10.52    7.50    9.50   10.95  136.53
08  28  85    7.78    7.05   10.14   10.42    7.50    9.50   10.90  136.45
09  04  85    7.88    7.09   10.20   10.43    7.50    9.50   10.94  138.67
09  11  85    7.80    7.22   10.45   10.68    7.50    9.50   11.13  142.89
09  18  85    7.85    7.19   10.43   10.65    7.50    9.50   11.11  142.12
09  25  85    7.96    6.94   10.36   10.61    7.50    9.50   11.05  136.61
10  02  85    8.12    7.01   10.28   10.55    7.50    9.50   11.07  131.64
10  09  85    7.84    7.08   10.37   10.63    7.50    9.50   11.12  130.63
10  16  85    8.03    7.21   10.31   10.58    7.50    9.50   11.03  131.30
10  23  85    8.14    7.20   10.16   10.43    7.50    9.50   10.94  130.60
10  30  85    7.89    7.22   10.14   10.41    7.50    9.50   10.87  130.33
11  06  85    8.30    7.22    9.97   10.22    7.50    9.50   10.67  128.80
11  13  85    7.95    7.26    9.82   10.10    7.50    9.50   10.56  129.28
11  20  85    8.13    7.27    9.79   10.07    7.50    9.50   10.47  128.71
11  27  85    7.71    7.21    9.65    9.95    7.50    9.50   10.43  126.70
12  04  85    8.49    7.22    9.65    9.90    7.50    9.50   10.43  125.54
12  11  85    8.03    7.19    9.46    9.75    7.50    9.50   10.26  126.33
12  18  85    8.05    7.04    9.16    9.46    7.50    9.50   10.05  126.09
12  25  85    8.02    7.07    9.07    9.34    7.50    9.50    9.97  126.05
01  01  86    9.55    6.99    9.01    9.28    7.50    9.50    9.92  124.64
01  08  86    8.20    7.09    9.05    9.29    7.50    9.50    9.95  123.90
01  15  86    7.94    7.21    9.38    9.52    7.50    9.50   10.18  124.27
01  22  86    7.87    7.05    9.26    9.42    7.50    9.50   10.13  124.57
01  29  86    7.83    6.97    9.15    9.38    7.50    9.50   10.00  122.92
02  05  86    7.97    7.00    9.03    9.30    7.50    9.50    9.90  122.04
02  12  86    7.85    7.15    9.00    9.22    7.50    9.50    9.84  121.14
02  19  86    7.84    7.06    8.72    8.96    7.50    9.50    9.64  118.58
02  26  86    7.82    7.05    8.46    8.67    7.50    9.50    9.29  116.21
03  05  86    7.89    6.94    8.06    8.22    7.50    9.50    9.08  114.96
03  12  86    7.52    6.62    7.83    8.04    7.07    9.07    8.98  115.94
03  19  86    7.47    6.54    7.78    7.97    7.00    9.00    9.03  115.44
03  26  86    7.25    6.41    7.72    7.91    7.00    9.00    8.94  116.34
04  02  86    7.39    6.34    7.40    7.49    7.00    9.00    8.74  118.14
04  09  86    7.05    6.19    7.37    7.45    7.00    9.00    8.75  119.87
04  16  86    6.97    5.89    7.18    7.29    7.00    9.00    8.66  117.19
04  23  86    6.92    5.92    7.15    7.25    6.79    8.79    8.90  113.31
04  30  86    6.88    6.11    7.47    7.53    6.50    8.50    8.97  111.58
05  07  86    6.87    6.08    7.46    7.54    6.50    8.50    8.98  112.41
05  14  86    6.82    6.08    7.57    7.40    6.50    8.50    9.12  111.32
05  21  86    6.87    6.20    7.91    7.60    6.50    8.50    9.17  113.12
05  28  86    6.85    6.18    7.80    7.45    6.50    8.50    9.14  115.26
06  04  86    6.95    6.38    8.19    7.81    6.50    8.50    9.29  116.63
06  11  86    6.89    6.36    8.09    7.76    6.50    8.50    9.19  113.59
06  18  86    6.87    6.15    7.71    7.50    6.50    8.50    9.08  113.20
06  25  86    6.86    6.10    7.55    7.43    6.50    8.50    9.01  113.73
07  02  86    7.02    6.01    7.38    7.26    6.50    8.50    8.93  112.06
07  09  86    6.87    5.90    7.34    7.18    6.50    8.50    8.89  111.22
07  16  86    6.51    5.78    7.24    7.16    6.07    8.07    8.84  111.22
07  23  86    6.42    5.74    7.19    7.24    6.00    8.00    8.86  109.75
07  30  86    6.32    5.84    7.41    7.48    6.00    8.00    8.88  109.60
08  06  86    6.36    5.74    7.37    7.50    6.00    8.00    8.85  108.25
08  13  86    6.31    5.65    7.28    7.39    6.00    8.00    8.74  107.71
08  20  86    6.38    5.56    7.09    7.24    6.00    8.00    8.66  107.33
08  27  86    5.87    5.32    7.02    7.24    5.50    7.86    8.62  107.06
09  03  86    5.83    5.22    7.06    7.28    5.50    7.50    8.74  106.80
09  10  86    5.82    5.20    7.31    7.52    5.50    7.50    8.85  107.43
09  17  86    5.88    5.16    7.54    7.69    5.50    7.50    8.95  107.64
09  24  86    5.81    5.24    7.59    7.75    5.50    7.50    8.97  106.28
10  01  86    6.08    5.22    7.47    7.63    5.50    7.50    8.90  107.16
10  08  86    5.75    5.09    7.33    7.56    5.50    7.50    8.86  106.04
10  15  86    5.83    5.11    7.42    7.72    5.50    7.50    8.88  105.65
10  22  86    5.91    5.28    7.56    7.84    5.50    7.50    8.89  105.64
10  29  86    5.86    5.22    7.44    7.73    5.50    7.50    8.80  107.79
11  05  86    6.02    5.22    7.30    7.59    5.50    7.50    8.73  109.27
11  12  86    5.98    5.35    7.36    7.60    5.50    7.50    8.77  108.61
11  19  86    6.13    5.38    7.26    7.51    5.50    7.50    8.65  107.34
11  26  86    6.00    5.38    7.15    7.43    5.50    7.50    8.55  107.43
12  03  86    6.25    5.41    7.12    7.37    5.50    7.50    8.52  105.99
12  10  86    5.97    5.46    7.07    7.33    5.50    7.50    8.48  107.31
12  17  86    6.30    5.54    7.13    7.39    5.50    7.50    8.51  107.73
12  24  86    6.31    5.55    7.09    7.36    5.50    7.50    8.47  106.48
12  31  86    9.20    5.65    7.18    7.43    5.50    7.50    8.49  104.67
01  07  87    7.62    5.51    7.10    7.37    5.50    7.50    8.40  103.93
01  14  87    6.01    5.38    7.06    7.34    5.50    7.50    8.33  102.51
01  21  87    6.01    5.33    7.03    7.35    5.50    7.50    8.31  100.45
01  28  87    6.13    5.45    7.11    7.44    5.50    7.50    8.37   99.04
02  04  87    6.22    5.58    7.20    7.50    5.50    7.50    8.38   98.90
02  11  87    6.14    5.73    7.27    7.54    5.50    7.50    8.39   99.59
02  18  87    6.21    5.67    7.31    7.60    5.50    7.50    8.40   99.57
02  25  87    5.95    5.44    7.22    7.52    5.50    7.50    8.36   99.67
03  04  87    6.06    5.49    7.18    7.47    5.50    7.50    8.34   99.42
03  11  87    6.12    5.63    7.22    7.51    5.50    7.50    8.36   99.86
03  18  87    6.08    5.61    7.21    7.51    5.50    7.50    8.36   99.42
03  25  87    6.14    5.56    7.24    7.55    5.50    7.50    8.36   98.44
04  01  87    6.21    5.60    7.44    7.75    5.50    7.54    8.50   97.74
04  08  87    6.13    5.50    7.59    7.89    5.50    7.75    8.56   97.91
04  15  87    6.41    5.84    8.04    8.25    5.50    7.75    8.82   96.94
04  22  87    6.26    5.51    8.17    8.36    5.50    7.75    9.07   97.18
04  29  87    6.50    5.71    8.37    8.57    5.50    7.75    9.21   96.17
05  06  87    7.30    5.62    8.42    8.63    5.50    7.96    9.21   95.53
05  13  87    6.75    5.57    8.52    8.69    5.50    8.00    9.25   95.93
05  20  87    6.77    5.80    8.78    8.93    5.50    8.21    9.49   95.62
05  27  87    6.80    5.61    8.70    8.86    5.50    8.25    9.40   96.62
06  03  87    6.65    5.69    8.57    8.74    5.50    8.25    9.38   97.60
06  10  87    6.70    5.60    8.55    8.71    5.50    8.25    9.36   97.14
06  17  87    6.75    5.60    8.33    8.51    5.50    8.25    9.30   97.57
06  24  87    6.79    5.70    8.27    8.44    5.50    8.25    9.25   98.34
07  01  87    6.61    5.73    8.34    8.48    5.50    8.25    9.33   98.38
07  08  87    6.64    5.63    8.30    8.43    5.50    8.25    9.31   98.89
07  15  87    6.52    5.59    8.37    8.53    5.50    8.25    9.36   99.03
07  22  87    6.57    5.61    8.44    8.65    5.50    8.25    9.46   99.81
07  29  87    6.63    5.79    8.59    8.84    5.50    8.25    9.56   99.75
08  05  87    6.75    5.98    8.72    8.95    5.50    8.25    9.65  100.33
08  12  87    6.58    5.88    8.72    8.95    5.50    8.25    9.63  101.31
08  19  87    6.74    5.99    8.65    8.86    5.50    8.25    9.68   99.96
08  26  87    6.76    6.16    8.76    8.97    5.50    8.25    9.70   97.74
09  02  87    6.85    6.21    9.05    9.23    5.50    8.25    9.87   97.08
09  09  87    6.95    6.36    9.39    9.56    5.93    8.68   10.15   96.40
09  16  87    7.21    6.34    9.41    9.59    6.00    8.75   10.28   97.23
09  23  87    7.26    6.45    9.42    9.58    6.00    8.75   10.25   97.30
09  30  87    7.56    6.55    9.57    9.72    6.00    8.75   10.34   97.96
10  07  87    7.43    6.62    9.68    9.78    6.00    8.82   10.48   98.43
10  14  87    7.59    6.84    9.96    9.97    6.00    9.25   10.73   97.28
10  21  87    7.37    6.37    9.85    9.93    6.00    9.25   10.68   96.57
10  28  87    7.03    5.24    8.94    9.08    6.00    9.00   10.25   95.70
11  04  87    6.43    5.42    8.90    9.04    6.00    9.00   10.08   93.29
11  11  87    6.68    5.67    8.76    8.85    6.00    8.75    9.97   90.92
11  18  87    6.77    5.85    8.83    8.92    6.00    8.75    9.97   92.01
11  25  87    6.78    5.73    8.86    8.95    6.00    8.75   10.01   91.22
12  02  87    6.89    5.47    9.03    9.15    6.00    8.75   10.06   89.90
12  09  87    6.84    5.66    9.02    9.18    6.00    8.75   10.14   90.50
12  16  87    6.58    5.90    9.17    9.33    6.00    8.75   10.19   88.66
12  23  87    6.75    5.88    8.92    9.02    6.00    8.75   10.08   88.44
12  30  87    6.81    5.75    8.85    8.94    6.00    8.75   10.06   87.10
01  06  88    7.02    5.83    8.81    8.94    6.00    8.75   10.00   87.29
01  13  88    6.81    5.79    8.91    9.07    6.00    8.75   10.00   88.76
01  20  88    6.89    5.88    8.68    8.85    6.00    8.75    9.88   89.76
01  27  88    6.66    5.80    8.48    8.65    6.00    8.75    9.64   90.02
02  03  88    6.77    5.68    8.25    8.41    6.00    8.68    9.46   90.42
02  10  88    6.38    5.63    8.16    8.40    6.00    8.50    9.42   90.01
02  17  88    6.65    5.72    8.27    8.49    6.00    8.50    9.41   91.53
02  24  88    6.64    5.66    8.23    8.46    6.00    8.50    9.33   91.26
03  02  88    6.60    5.61    8.17    8.41    6.00    8.50    9.27   90.69
03  09  88    6.51    5.70    8.27    8.52    6.00    8.50    9.34   90.11
03  16  88    6.61    5.68    8.32    8.58    6.00    8.50    9.36   89.36
03  23  88    6.51    5.72    8.42    8.70    6.00    8.50    9.44   90.34
03  30  88    6.62    5.74    8.54    8.79    6.00    8.50    9.53   89.03
04  06  88    6.82    5.90    8.63    8.87    6.00    8.50    9.61   88.59
04  13  88    6.81    5.98    8.57    8.79    6.00    8.50    9.61   89.68
04  20  88    6.93    5.82    8.77    9.01    6.00    8.50    9.73   88.46
04  27  88    6.85    5.86    8.80    9.04    6.00    8.50    9.73   88.95
05  04  88    6.82    6.06    8.89    9.13    6.00    8.50    9.78   89.17
05  11  88    7.02    6.28    9.02    9.18    6.00    8.57    9.85   89.28
05  18  88    7.04    6.22    9.07    9.19    6.00    9.00    9.94   89.66
05  25  88    7.14    6.26    9.21    9.33    6.00    9.00   10.02   90.04
06  01  88    7.41    6.44    9.17    9.27    6.00    9.00   10.00   90.73
06  08  88    7.37    6.44    8.99    9.09    6.00    9.00    9.93   91.13
06  15  88    7.43    6.40    8.84    8.95    6.00    9.00    9.80   91.43
06  22  88    7.54    6.42    8.97    9.05    6.00    9.00    9.79   92.52
06  29  88    7.63    6.55    8.88    8.91    6.00    9.00    9.82   95.03
07  06  88    7.81    6.55    8.83    8.89    6.00    9.00    9.84   95.80
07  13  88    7.59    6.65    9.04    9.09    6.00    9.00    9.95   96.21
07  20  88    7.83    6.70    9.11    9.21    6.00    9.50   10.03   97.37
07  27  88    7.80    6.84    9.11    9.22    6.00    9.50   10.03   96.16
08  03  88    7.84    6.93    9.08    9.17    6.00    9.50   10.00   97.34
08  10  88    7.75    6.93    9.15    9.18    6.14    9.50   10.10   98.58
08  17  88    8.19    7.02    9.36    9.42    6.50   10.00   10.15   98.27
08  24  88    8.02    7.10    9.35    9.41    6.50   10.00   10.16   98.71
08  31  88    8.15    7.30    9.32    9.38    6.50   10.00   10.14   97.92
09  07  88    8.15    7.27    9.06    9.11    6.50   10.00    9.95   97.66
09  14  88    8.13    7.23    8.94    9.01    6.50   10.00    9.84   98.02
09  21  88    8.17    7.17    8.94    9.03    6.50   10.00    9.73   98.02
09  28  88    8.24    7.28    9.00    9.09    6.50   10.00    9.67   98.36
10  05  88    8.38    7.25    8.89    8.99    6.50   10.00    9.58   97.71
10  12  88    8.27    7.29    8.79    8.90    6.50   10.00    9.54   96.87
10  19  88    8.27    7.36    8.81    8.90    6.50   10.00    9.49   94.74
10  26  88    8.29    7.45    8.81    8.90    6.50   10.00    9.44   93.77
11  02  88    8.36    7.36    8.69    8.79    6.50   10.00    9.39   93.44
11  09  88    8.31    7.50    8.85    8.92    6.50   10.00    9.38   93.38
11  16  88    8.26    7.83    8.93    9.03    6.50   10.00    9.45   91.84
11  23  88    8.33    7.97    9.06    9.12    6.50   10.00    9.52   90.92
11  30  88    8.44    7.96    9.13    9.13    6.50   10.21    9.55   90.60
12  07  88    8.59    7.97    9.05    9.05    6.50   10.50    9.52   90.79
12  14  88    8.51    8.00    9.10    8.98    6.50   10.50    9.57   91.20
12  21  88    8.87    8.16    9.13    9.02    6.50   10.50    9.59   92.34
12  28  88    8.86    8.13    9.12    8.96    6.50   10.50    9.60   92.95
01  04  89    9.22    8.16    9.19    9.05    6.50   10.50    9.66   92.84
01  11  89    9.08    8.28    9.25    9.06    6.50   10.50    9.69   94.54
01  18  89    9.13    8.24    9.06    8.90    6.50   10.50    9.61   95.50
01  25  89    9.06    8.25    8.99    8.84    6.50   10.50    9.56   95.60
02  01  89    9.16    8.34    8.99    8.81    6.50   10.50    9.56   96.20
02  08  89    9.10    8.49    8.98    8.83    6.50   10.50    9.56   96.72
02  15  89    9.27    8.53    9.19    9.06    6.50   10.93    9.65   95.86
02  22  89    9.39    8.50    9.23    9.07    6.50   11.00    9.70   95.25
03  01  89    9.80    8.66    9.36    9.17    6.93   11.43    9.75   94.88
03  08  89    9.83    8.62    9.27    9.10    7.00   11.50    9.73   96.13
03  15  89    9.83    8.71    9.31    9.13    7.00   11.50    9.79   96.74
03  22  89    9.86    8.93    9.46    9.26    7.00   11.50    9.85   97.24
03  29  89    9.88    9.04    9.41    9.20    7.00   11.50    9.88   97.67
04  05  89    9.71    8.86    9.24    9.07    7.00   11.50    9.81   97.73
04  12  89    9.82    8.74    9.26    9.09    7.00   11.50    9.80   97.64
04  19  89    9.95    8.57    9.17    9.03    7.00   11.50    9.80   96.97
04  26  89    9.86    8.62    9.15    8.99    7.00   11.50    9.75   96.87
05  03  89    9.88    8.51    9.07    8.95    7.00   11.50    9.73   97.97
05  10  89    9.86    8.49    9.08    9.03    7.00   11.50    9.69   98.75
05  17  89    9.75    8.28    8.87    8.88    7.00   11.50    9.54  100.41
05  24  89    9.74    8.34    8.66    8.67    7.00   11.50    9.41  103.15
05  31  89    9.84    8.56    8.64    8.63    7.00   11.50    9.37  103.29
06  07  89    9.68    8.31    8.41    8.46    7.00   11.29    9.16  102.47
06  14  89    9.35    8.16    8.21    8.19    7.00   11.00    9.02  104.69
06  21  89    9.48    8.13    8.35    8.31    7.00   11.00    9.09  103.67
06  28  89    9.58    8.08    8.22    8.18    7.00   11.00    9.02  101.92
07  05  89    9.58    7.92    8.11    8.09    7.00   11.00    8.97  101.14
07  12  89    9.31    7.75    8.02    8.05    7.00   11.00    8.94   98.67
07  19  89    9.24    7.87    8.06    8.11    7.00   11.00    8.93   99.53
07  26  89    9.14    8.05    8.03    8.13    7.00   11.00    8.91   99.47
08  02  89    8.95    7.76    7.82    7.92    7.00   10.79    8.81   97.75
08  09  89    8.98    7.86    7.98    8.05    7.00   10.50    8.92   98.87
08  16  89    9.04    7.97    8.14    8.15    7.00   10.50    8.99  100.71
08  23  89    9.01    7.94    8.21    8.19    7.00   10.50    9.02  101.72
08  30  89    8.96    7.93    8.24    8.20    7.00   10.50    9.05  101.57
09  06  89    8.96    7.86    8.20    8.15    7.00   10.50    9.02  102.83
09  13  89    8.96    7.70    8.15    8.10    7.00   10.50    8.98  103.30
09  20  89    9.05    7.64    8.11    8.11    7.00   10.50    8.98  102.47
09  27  89    9.02    7.80    8.27    8.24    7.00   10.50    9.03  100.32
10  04  89    9.18    7.85    8.27    8.21    7.00   10.50    9.02   98.92
10  11  89    8.93    7.67    8.07    8.04    7.00   10.50    8.94  100.13
10  18  89    8.76    7.54    7.98    7.98    7.00   10.50    8.88   99.37
10  25  89    8.72    7.55    7.92    7.93    7.00   10.50    8.85   98.24
11  01  89    8.80    7.73    7.91    7.92    7.00   10.50    8.91   97.98
11  08  89    8.69    7.78    7.92    7.91    7.00   10.50    8.90   98.46
11  15  89    8.46    7.68    7.88    7.89    7.00   10.50    8.86   98.57
11  22  89    8.46    7.65    7.84    7.90    7.00   10.50    8.89   98.13
11  29  89    8.51    7.64    7.85    7.91    7.00   10.50    8.88   96.86
12  06  89    8.52    7.57    7.83    7.89    7.00   10.50    8.86   96.31
12  13  89    8.47    7.66    7.84    7.90    7.00   10.50    8.85   95.63
12  20  89    8.52    7.62    7.78    7.85    7.00   10.50    8.85   94.72
12  27  89    8.38    7.66    7.87    7.93    7.00   10.50    8.88   93.59
01  03  90    8.32    7.61    7.94    8.00    7.00   10.50    8.89   93.73
01  10  90    8.22    7.54    8.01    8.08    7.00   10.29    8.92   92.59
01  17  90    8.20    7.60    8.13    8.20    7.00   10.00    8.98   92.72
01  24  90    8.23    7.72    8.30    8.33    7.00   10.00    9.05   93.52
01  31  90    8.24    7.72    8.47    8.51    7.00   10.00    9.15   92.59
02  07  90    8.22    7.80    8.51    8.53    7.00   10.00    9.22   92.04
02  14  90    8.21    7.70    8.38    8.42    7.00   10.00    9.21   92.21
02  21  90    8.25    7.74    8.52    8.56    7.00   10.00    9.27   92.19
02  28  90    8.27    7.72    8.49    8.52    7.00   10.00    9.26   92.55
03  07  90    8.28    7.84    8.59    8.60    7.00   10.00    9.35   93.88
03  14  90    8.27    7.96    8.65    8.63    7.00   10.00    9.40   94.23
03  21  90    8.27    7.94    8.59    8.53    7.00   10.00    9.39   93.96
03  28  90    8.26    7.88    8.52    8.48    7.00   10.00    9.37   94.49
04  04  90    8.33    7.80    8.62    8.59    7.00   10.00    9.38   94.00
04  11  90    8.25    7.78    8.59    8.55    7.00   10.00    9.38   93.64
04  18  90    8.27    7.77    8.74    8.71    7.00   10.00    9.45   93.21
04  25  90    8.24    7.75    8.96    8.94    7.00   10.00    9.59   93.48
05  02  90    8.12    7.84    9.07    9.03    7.00   10.00    9.62   93.20
05  09  90    8.20    7.80    8.89    8.88    7.00   10.00    9.54   92.30
05  16  90    8.16    7.66    8.68    8.66    7.00   10.00    9.39   91.20
05  23  90    8.22    7.71    8.69    8.65    7.00   10.00    9.39   91.75
05  30  90    8.19    7.74    8.65    8.63    7.00   10.00    9.38   92.25
06  06  90    8.26    7.71    8.48    8.47    7.00   10.00    9.27   92.91
06  13  90    8.30    7.71    8.46    8.43    7.00   10.00    9.21   92.92
06  20  90    8.28    7.70    8.48    8.45    7.00   10.00    9.26   92.39
06  27  90    8.28    7.78    8.54    8.51    7.00   10.00    9.27   91.99
07  04  90    8.33    7.73    8.43    8.42    7.00   10.00    9.23   91.12
07  11  90    8.28    7.76    8.53    8.52    7.00   10.00    9.26   90.30
07  18  90    8.14    7.61    8.47    8.49    7.00   10.00    9.24   90.01
07  25  90    8.05    7.53    8.50    8.56    7.00   10.00    9.26   89.33
08  01  90    8.03    7.50    8.38    8.44    7.00   10.00    9.19   88.25
08  08  90    8.07    7.35    8.62    8.71    7.00   10.00    9.34   87.59
08  15  90    8.13    7.42    8.67    8.78    7.00   10.00    9.37   87.07
08  22  90    8.30    7.53    8.82    8.95    7.00   10.00    9.50   85.97
08  29  90    8.08    7.50    8.95    9.06    7.00   10.00    9.56   85.45
09  05  90    8.25    7.40    8.87    9.00    7.00   10.00    9.57   86.42
09  12  90    8.12    7.40    8.83    8.96    7.00   10.00    9.54   86.49
09  19  90    8.18    7.37    8.87    9.02    7.00   10.00    9.51   85.64
09  26  90    8.26    7.36    8.99    9.13    7.00   10.00    9.63   86.01
10  03  90    8.23    7.17    8.77    8.91    7.00   10.00    9.54   85.55
10  10  90    8.20    7.14    8.76    8.90    7.00   10.00    9.59   83.87
10  17  90    7.96    7.16    8.82    8.97    7.00   10.00    9.57   83.03
10  24  90    7.99    7.23    8.65    8.79    7.00   10.00    9.45   82.76
10  31  90    8.17    7.14    8.66    8.79    7.00   10.00    9.47   83.11
11  07  90    7.97    7.08    8.55    8.68    7.00   10.00    9.38   82.22
11  14  90    7.94    7.06    8.45    8.60    7.00   10.00    9.30   82.03
11  21  90    7.80    7.08    8.32    8.48    7.00   10.00    9.25   81.78
11  28  90    7.56    7.04    8.28    8.44    7.00   10.00    9.20   82.04
12  05  90    7.60    7.02    8.23    8.38    7.00   10.00    9.13   83.38
12  12  90    7.25    6.88    8.01    8.17    7.00   10.00    9.03   82.41
12  19  90    7.29    6.77    8.01    8.17    6.93   10.00    9.02   82.70
12  26  90    7.16    6.54    8.13    8.29    6.50   10.00    9.04   84.67
01  02  91    7.17    6.46    8.08    8.24    6.50    9.93    9.02   83.69
01  09  91    6.40    6.43    8.10    8.29    6.50    9.50    9.05   83.90
01  16  91    6.77    6.10    8.21    8.40    6.50    9.50    9.08   84.82
01  23  91    6.88    6.10    8.05    8.20    6.50    9.50    9.05   83.05
01  30  91    7.46    6.19    8.04    8.22    6.50    9.50    9.00   82.54
02  06  91    6.32    6.01    7.89    8.08    6.07    9.29    8.87   81.50
02  13  91    6.29    5.89    7.79    7.97    6.00    9.00    8.77   80.85
02  20  91    6.26    5.92    7.81    7.99    6.00    9.00    8.81   82.24
02  27  91    6.31    5.99    7.93    8.09    6.00    9.00    8.85   83.51
03  06  91    6.47    6.06    8.09    8.26    6.00    9.00    8.92   84.78
03  13  91    6.17    5.92    8.07    8.24    6.00    9.00    8.91   86.30
03  20  91    6.10    5.83    8.14    8.33    6.00    9.00    8.97   88.63
03  27  91    6.10    5.86    8.13    8.31    6.00    9.00    8.92   90.46
04  03  91    6.00    5.76    8.05    8.24    6.00    9.00    8.86   91.18
04  10  91    5.90    5.66    8.02    8.20    6.00    9.00    8.87   90.29
04  17  91    5.69    5.57    7.99    8.16    6.00    9.00    8.81   90.05
04  24  91    5.92    5.69    8.09    8.24    6.00    9.00    8.89   92.86
05  01  91    5.92    5.57    8.05    8.21    5.86    8.93    8.83   92.95
05  08  91    5.79    5.48    8.03    8.21    5.50    8.50    8.83   92.78
05  15  91    5.78    5.47    8.10    8.30    5.50    8.50    8.89   92.13
05  22  91    5.79    5.44    8.08    8.29    5.50    8.50    8.86   92.24
05  29  91    5.72    5.41    8.09    8.30    5.50    8.50    8.87   91.84
06  05  91    5.91    5.55    8.11    8.31    5.50    8.50    8.93   93.13
06  12  91    5.75    5.57    8.29    8.48    5.50    8.50    9.01   94.74
06  19  91    5.78    5.59    8.32    8.51    5.50    8.50    9.05   95.97
06  26  91    5.79    5.57    8.32    8.50    5.50    8.50    9.04   95.59
07  03  91    6.34    5.56    8.27    8.44    5.50    8.50    9.04   96.58
07  10  91    5.79    5.58    8.35    8.52    5.50    8.50    9.04   96.53
07  17  91    5.85    5.58    8.28    8.46    5.50    8.50    8.99   95.69
07  24  91    5.75    5.58    8.28    8.48    5.50    8.50    8.97   93.89
07  31  91    5.79    5.56    8.20    8.38    5.50    8.50    8.93   93.84
08  07  91    5.83    5.46    8.04    8.24    5.50    8.50    8.82   92.81
08  14  91    5.62    5.32    7.93    8.18    5.50    8.50    8.73   92.92
08  21  91    5.68    5.21    7.82    8.09    5.50    8.50    8.69   94.67
08  28  91    5.58    5.36    7.86    8.11    5.50    8.50    8.70   93.42
09  04  91    5.60    5.32    7.80    8.04    5.50    8.50    8.67   93.34
09  11  91    5.56    5.28    7.76    8.03    5.50    8.50    8.63   91.99
09  18  91    5.44    5.19    7.64    7.94    5.07    8.07    8.60   90.63
09  25  91    5.29    5.19    7.57    7.90    5.00    8.00    8.56   90.68
10  02  91    5.33    5.11    7.49    7.84    5.00    8.00    8.49   90.14
10  09  91    5.19    5.02    7.44    7.83    5.00    8.00    8.50   90.34
10  16  91    5.28    4.99    7.50    7.91    5.00    8.00    8.54   91.08
10  23  91    5.24    5.04    7.61    8.04    5.00    8.00    8.63   90.97
10  30  91    5.10    4.92    7.59    7.98    5.00    8.00    8.58   90.94
11  06  91    5.05    4.74    7.50    7.96    4.93    7.93    8.55   88.97
11  13  91    4.74    4.63    7.41    7.87    4.50    7.50    8.43   88.60
11  20  91    4.89    4.56    7.35    7.86    4.50    7.50    8.46   87.82
11  27  91    4.68    4.41    7.42    7.97    4.50    7.50    8.46   86.94
12  04  91    4.79    4.35    7.29    7.90    4.50    7.50    8.39   87.93
12  11  91    4.54    4.21    7.22    7.80    4.50    7.50    8.35   86.32
12  18  91    4.49    4.13    7.20    7.77    4.50    7.50    8.31   86.26
12  25  91    4.22    3.84    6.96    7.58    3.64    7.07    8.22   84.47
01  01  92    4.19    3.86    6.79    7.47    3.50    6.50    8.17   83.65
01  08  92    4.19    3.80    6.80    7.44    3.50    6.50    8.14   83.77
01  15  92    4.01    3.81    6.93    7.50    3.50    6.50    8.20   86.44
01  22  92    3.87    3.77    7.09    7.61    3.50    6.50    8.22   86.89
01  29  92    4.01    3.82    7.22    7.71    3.50    6.50    8.25   86.80
02  05  92    4.17    3.84    7.30    7.78    3.50    6.50    8.25   87.15
02  12  92    3.93    3.76    7.23    7.78    3.50    6.50    8.27   86.39
02  19  92    4.20    3.81    7.43    7.93    3.50    6.50    8.33   88.84
02  26  92    3.96    3.93    7.42    7.92    3.50    6.50    8.31   89.38
03  04  92    4.08    3.99    7.37    7.88    3.50    6.50    8.32   89.61
03  11  92    3.95    4.02    7.47    7.92    3.50    6.50    8.34   90.64
03  18  92    4.04    4.05    7.65    8.04    3.50    6.50    8.38   90.54
03  25  92    3.94    4.05    7.58    7.99    3.50    6.50    8.36   90.76
04  01  92    4.09    4.02    7.53    7.95    3.50    6.50    8.35   90.09
04  08  92    3.98    3.94    7.43    7.90    3.50    6.50    8.32   89.18
04  15  92    3.65    3.63    7.35    7.87    3.50    6.50    8.28   89.54
04  22  92    3.47    3.68    7.55    8.01    3.50    6.50    8.33   90.57
04  29  92    3.65    3.69    7.58    8.07    3.50    6.50    8.37   89.97
05  06  92    3.77    3.65    7.55    8.02    3.50    6.50    8.35   89.31
05  13  92    3.84    3.62    7.40    7.90    3.50    6.50    8.27   88.92
05  20  92    3.89    3.57    7.27    7.81    3.50    6.50    8.23   87.37
05  27  92    3.80    3.70    7.41    7.88    3.50    6.50    8.24   88.04
06  03  92    3.85    3.72    7.35    7.87    3.50    6.50    8.24   87.59
06  10  92    3.69    3.68    7.33    7.87    3.50    6.50    8.24   86.81
06  17  92    3.73    3.65    7.27    7.85    3.50    6.50    8.22   85.97
06  24  92    3.72    3.64    7.22    7.83    3.50    6.50    8.20   85.56
07  01  92    3.87    3.59    7.13    7.78    3.50    6.50    8.16   83.91
07  08  92    3.24    3.22    6.90    7.62    3.00    6.00    8.08   83.07
07  15  92    3.28    3.21    6.94    7.65    3.00    6.00    8.09   82.61
07  22  92    3.22    3.17    6.88    7.65    3.00    6.00    8.06   82.08
07  29  92    3.18    3.18    6.67    7.50    3.00    6.00    8.01   82.47
08  05  92    3.33    3.17    6.69    7.45    3.00    6.00    7.99   82.17
08  12  92    3.24    3.14    6.54    7.38    3.00    6.00    7.93   81.96
08  19  92    3.33    3.07    6.52    7.34    3.00    6.00    7.91   81.56
08  26  92    3.27    3.13    6.62    7.40    3.00    6.00    7.97   79.79
09  02  92    3.33    3.15    6.60    7.40    3.00    6.00    7.93   78.92
09  09  92    3.09    2.97    6.39    7.29    3.00    6.00    7.87   79.09
09  16  92    3.28    2.91    6.36    7.30    3.00    6.00    7.91   82.36
09  23  92    3.07    2.90    6.45    7.39    3.00    6.00    7.96   84.51
09  30  92    3.41    2.78    6.40    7.37    3.00    6.00    7.93   82.83
10  07  92    3.20    2.69    6.30    7.37    3.00    6.00    7.92   82.37
10  14  92    3.20    2.85    6.49    7.50    3.00    6.00    7.96   84.36
10  21  92    3.05    2.95    6.70    7.58    3.00    6.00    8.04   85.16
10  28  92    2.96    2.93    6.79    7.64    3.00    6.00    8.07   87.06
11  04  92    3.07    2.99    6.83    7.65    3.00    6.00    8.11   88.25
11  11  92    2.91    3.06    6.94    7.72    3.00    6.00    8.14   89.78
11  18  92    2.97    3.12    6.83    7.55    3.00    6.00    8.07   89.93
11  25  92    3.10    3.21    6.83    7.54    3.00    6.00    8.06   90.74
12  02  92    3.37    3.30    6.94    7.58    3.00    6.00    8.06   90.73
12  09  92    2.94    3.26    6.80    7.48    3.00    6.00    8.00   89.91
12  16  92    2.93    3.23    6.80    7.44    3.00    6.00    7.99   89.89
12  23  92    2.94    3.18    6.71    7.39    3.00    6.00    7.93   90.25
12  30  92    2.86    3.17    6.70    7.38    3.00    6.00    7.90   91.88
01  06  93    3.03    3.09    6.64    7.35    3.00    6.00    7.92   92.97
01  13  93    2.98    3.05    6.73    7.46    3.00    6.00    7.96   93.07
01  20  93    3.10    2.98    6.61    7.35    3.00    6.00    7.90   92.41
01  27  93    2.94    2.95    6.53    7.27    3.00    6.00    7.84   91.27
02  03  93    3.15    2.92    6.42    7.23    3.00    6.00    7.78   93.24
02  10  93    2.92    2.92    6.38    7.20    3.00    6.00    7.75   94.33
02  17  93    3.06    2.92    6.34    7.13    3.00    6.00    7.69   93.85
02  24  93    2.91    2.93    6.07    6.94    3.00    6.00    7.61   93.14
03  03  93    3.24    2.95    5.97    6.85    3.00    6.00    7.56   93.78
03  10  93    3.02    2.98    5.89    6.74    3.00    6.00    7.54   94.13
03  17  93    3.04    2.98    6.06    6.85    3.00    6.00    7.61   94.48
03  24  93    2.93    2.94    5.94    6.80    3.00    6.00    7.59   93.11
03  31  93    3.18    2.92    6.04    6.90    3.00    6.00    7.64   92.81
04  07  93    3.11    2.91    6.10    7.00    3.00    6.00    7.61   91.72
04  14  93    2.93    2.87    5.93    6.80    3.00    6.00    7.45   90.82
04  21  93    2.91    2.82    5.87    6.75    3.00    6.00    7.34   90.82
04  28  93    2.87    2.88    5.95    6.84    3.00    6.00    7.40   89.50
05  05  93    2.98    2.89    5.97    6.86    3.00    6.00    7.37   89.42
05  12  93    2.90    2.88    5.91    6.83    3.00    6.00    7.41   90.05
05  19  93    3.01    2.97    6.08    6.98    3.00    6.00    7.48   90.78
05  26  93    3.07    3.02    6.14    6.99    3.00    6.00    7.46   90.76
06  02  93    3.09    3.06    6.10    6.92    3.00    6.00    7.39   89.49
06  09  93    2.96    3.10    6.07    6.89    3.00    6.00    7.38   90.48
06  16  93    3.01    3.06    5.99    6.83    3.00    6.00    7.32   90.84
06  23  93    3.00    3.07    5.93    6.79    3.00    6.00    7.29   93.15
06  30  93    3.13    3.06    5.82    6.69    3.00    6.00    7.24   93.70
07  07  93    3.10    3.00    5.79    6.68    3.00    6.00    7.22   93.76
07  14  93    3.01    3.02    5.76    6.62    3.00    6.00    7.16   94.78
07  21  93    3.09    3.04    5.74    6.56    3.00    6.00    7.17   94.60
07  28  93    3.03    3.09    5.92    6.68    3.00    6.00    7.14   94.69
08  04  93    3.10    3.06    5.84    6.55    3.00    6.00    7.04   94.98
08  11  93    2.98    3.03    5.82    6.48    3.00    6.00    6.92   94.75
08  18  93    3.06    3.01    5.71    6.32    3.00    6.00    6.79   94.53
08  25  93    2.98    2.99    5.58    6.21    3.00    6.00    6.71   93.92
09  01  93    3.08    3.01    5.45    6.10    3.00    6.00    6.61   93.75
09  08  93    2.99    2.96    5.30    5.93    3.00    6.00    6.51   92.35
09  15  93    3.03    2.97    5.33    5.94    3.00    6.00    6.66   91.10
09  22  93    3.12    2.94    5.42    6.07    3.00    6.00    6.79   91.88
09  29  93    3.05    2.92    5.35    6.01    3.00    6.00    6.69   92.53
10  06  93    3.24    2.95    5.36    6.01    3.00    6.00    6.70   92.63
10  13  93    2.91    3.00    5.28    5.94    3.00    6.00    6.62   91.92
10  20  93    2.97    3.03    5.24    5.83    3.00    6.00    6.63   93.02
10  27  93    2.97    3.06    5.42    5.98    3.00    6.00    6.73   94.59
11  03  93    3.04    3.07    5.54    6.03    3.00    6.00    6.87   95.12
11  10  93    2.96    3.09    5.70    6.20    3.00    6.00    6.92   95.08
11  17  93    3.03    3.10    5.67    6.17    3.00    6.00    6.94   95.22
11  24  93    2.98    3.12    5.82    6.31    3.00    6.00    6.99   95.81
12  01  93    3.09    3.12    5.80    6.27    3.00    6.00    6.95   96.21
12  08  93    2.92    3.10    5.75    6.21    3.00    6.00    6.86   95.73
12  15  93    2.94    3.05    5.77    6.23    3.00    6.00    6.97   95.62
12  22  93    2.99    3.05    5.81    6.29    3.00    6.00    6.95   95.65
12  29  93    2.99    3.05    5.73    6.24    3.00    6.00    6.94   95.33
