date       logaapl   logbnd
20010103 0.09607352 -0.007288054
20010104 0.04112755 0.005226682
20010105 -0.04112725 0.004442927
20010108 0.01138494 0.001836416
20010109 0.03704142 -0.001259922
20010110 -0.03704165 -0.003717007
20010111 0.08323024 -0.001845586
20010112 -0.0461895 -0.004319661
20010116 -0.003642626 0.00119976
20010117 -0.01841655 0.003844066
20010118 0.105732 0.004225893
20010119 0.04255936 -0.003646938
20010122 -0.0129039 -0.001882831
20010123 0.06291376 -0.0002537289
20010124 0 -0.002177464
20010125 -0.02782248 0.003300632
20010126 -0.01898814 -0.0001810709
20010129 0.1031214 -0.0009783496
20010130 0.002877855 0.005278965
20010131 -0.005763578 0.005322988
20010201 -0.02339248 0.003401912
20010202 -0.02395361 -0.003545405
20010205 -0.02144021 0.0009681758
20010206 0.04539393 -0.001793658
20010207 -0.01791044 0.001255898
20010208 0 -0.0003586672
20010209 -0.08154959 0.003151865
20010212 0.02898777 -0.0006796759
20010213 -0.0289871 -0.00100247
20010214 0.01941824 -0.001613222
20010215 0.02843779 -0.003198278
20010216 -0.05441395 0.004058987
20010220 -0.03685487 0.0008599685
20010221 0.03025468 -0.00129023
20010222 -0.003316493 0.000501954
20010223 0 0.003470921
20010226 0.03589307 0.002212232
20010227 -0.006430632 0.003735396
20010228 -0.05981901 0.00209283
20010301 0.02702842 0.002548043
20010302 0.02631763 -0.004072893
20010305 0.05679802 -3.548931e-05
20010306 0.05374454 -0.0003194605
20010307 -0.01169613 0.003543841
20010308 -0.02080289 0.001343373
20010309 -0.02739895 -0.001591034
20010312 -0.08365012 0.0007074387
20010313 0.04911011 -0.0008489866
20010314 0.04375656 0.004519622
20010315 -0.03738727 0.001970929
20010316 -0.003180051 0.001756482
20010319 0.04666505 -0.002108149
20010320 -0.04348491 0.00221344
20010321 0.02197869 0.001122413
20010322 0.07188708 0.002660693
20010323 0.06164434 -0.003397135
20010326 -0.05450159 -0.001650194
20010327 0.04883397 -0.006097687
20010328 -0.03108621 0.0004948395
20010329 0.01610757 0.0006358627
20010330 -0.02062831 0.002363275
20010402 -0.021989 -0.001057492
20010403 -0.06456945 0.001480176
20010404 -0.0372461 0.0009855685
20010405 0.06789787 -0.002007361
20010406 -0.01350681 0.004853013
20010409 -0.002430952 -0.001263735
20010410 0.07048456 -0.00694386
20010411 -0.01094872 -0.0009554648
20010412 0.02804309 -0.00198462
20010416 -0.04469511 -0.005014503
20010417 -0.049724 0.003843148
20010418 0.1107871 0.004217546
20010419 0.1209469 -0.005176949
20010420 -0.0267948 0.0003909791
20010423 -0.03205842 0.004290711
20010424 -0.009113401 -0.0003539071
20010425 0.02830948 -0.00145233
20010426 -0.001214737 0.003538574
20010427 0.05936076 -0.005170532
20010430 -0.02747295 0.001525607
20010501 0.0171147 0.002160249
20010502 0.02513447 0.0008840014
20010503 -0.0632604 0.003915556
20010504 0.03116043 0.001231462
20010507 -0.03116048 -3.51636e-05
20010508 -0.01574836 -0.0004572393
20010509 -0.02430601 0.002213906
20010510 -0.04172553 -0.004573769
20010511 -0.006543361 -0.009175189
20010514 0.01907295 0.003233317
20010515 -0.004734189 -0.001810791
20010516 0.03893029 0.001775316
20010517 -0.02309464 0.001205417
20010518 -0.0008493606 0.0009916068
20010521 0.001274188 0.0008137992
20010522 -0.002550249 0.0001414627
20010523 -0.01155551 0.0002475116
20010524 -0.001291834 -0.003932062
20010525 -0.01914816 0.0002839094
20010529 -0.05834759 0.0003902439
20010530 -0.08198476 0.0003191772
20010531 0.008558273 0.006467939
20010601 0.04604163 0.001443383
20010604 -0.01107106 0.001968089
20010605 0.01346198 0.003084907
20010606 -0.01007963 0.0006298331
20010607 0.04388578 -0.001925737
20010608 -0.0158215 -0.001859226
20010611 -0.06191477 0.003050119
20010612 0.01338305 0.002307693
20010613 0.007847131 0.0001396892
20010614 -0.02924654 0.002232377
20010615 0.02777955 -0.0009411765
20010618 -0.005396535 0.0003486872
20010619 -0.006909818 -0.0008021624
20010620 0.07074174 0.001324965
20010621 0.03714163 0.0011144
20010622 -0.01027966 0.003543885
20010625 0.07484584 -0.0005550737
20010626 -0.01005438 -0.003023618
20010627 -0.01741374 -0.0005570643
20010628 0.008532495 -0.004677636
20010629 -0.01239551 -0.003048729
20010702 0.02757334 0.002173609
20010703 -0.002513155 -0.0009810449
20010705 -0.02764359 -0.002140615
20010706 -0.05131645 0.003121659
20010709 0.02995969 0.001889302
20010710 -0.07119852 0.002583259
20010711 0.06412437 -0.000209205
20010712 0.07765062 0.001776849
20010713 0.01991537 3.480864e-05
20010716 -0.03647209 0.002884901
20010717 0.04648179 0
20010718 -0.1883956 0.004812779
20010719 -0.04074179 -0.0006910612
20010720 0.001001498 -0.0001728399
20010723 -0.0222681 0.002141107
20010724 -0.02329933 0.0008965209
20010725 -0.03301712 -0.002864788
20010726 0.006475985 0.0008637518
20010727 0.01970752 0.002896754
20010730 -0.001583253 0.001995253
20010731 -0.007423486 0.002265629
20010801 0.01426674 -0.001612876
20010802 0.03909955 -0.002406988
20010803 -0.01627675 -0.0007921338
20010806 -0.01915632 0.0007232775
20010807 0.006253407 3.442874e-05
20010808 -0.01834932 0.005116682
20010809 0.007904676 -0.001199555
20010810 -0.001576242 0.001850139
20010813 0.003673245 0.001539172
20010814 -0.01903808 -0.0004102143
20010815 -0.01560411 -0.001026273
20010816 0.01132364 0.002222261
20010817 -0.03159284 0.004055695
20010820 0.002763179 -0.002213257
20010821 -0.01109937 0.000817773
20010822 0.01605345 -0.000476953
20010823 -0.02221084 0.001634321
20010824 0.04178761 -0.001566171
20010827 0.01867258 -0.0001022268
20010828 -0.02786875 0.004047005
20010829 -0.03146796 0.002745346
20010830 0 0.0006090546
20010831 0.03958699 -0.001658852
20010904 -0.01630419 -0.005708476
20010905 0.01630436 0.001191956
20010906 -0.04577591 0.005126214
20010907 -0.02514449 0.003245439
20010910 0.005194485 -0.001013069
20010917 -0.02211985 -0.005828154
20010918 -0.04268727 -0.005383868
20010919 0.0444522 0.004975982
20010920 -0.08200321 0.005424845
20010921 0.003183926 0.001250317
20010924 0.04475537 -0.001115072
20010925 -0.05690797 0.001148843
20010926 -0.0254173 0.003943316
20010927 0.02348408 0.002251156
20010928 0 0.00174368
20011001 0.001932132 0.001171921
20011002 -0.03203984 0.002206178
20011003 -0.00466185 0.0003338452
20011004 0.05834438 0.0003337338
20011005 0.01624041 0.0009671987
20011008 0.003711105 0.0005332267
20011009 -0.01242284 -0.003404202
20011010 0.04997993 0.0004345138
20011011 0.05325352 -0.003380813
20011012 0.01510534 0.001172863
20011015 -0.001111618 0.002174532
20011016 0.001111382 0.001569413
20011017 -0.05830201 0.0009004653
20011018 0.05774707 0.0003666239
20011019 0.01652963 -0.002602604
20011022 0.03858974 0.0004008418
20011023 -0.04737152 0.0002337502
20011024 0.04368477 0.002933922
20011025 0.01258547 0.003821174
20011026 -0.02747089 0.001226323
20011029 -0.0573156 0.002580305
20011030 -0.00170345 0.002969025
20011031 -0.002275587 0.005682487
20011101 0.05700018 0.002453507
20011102 -0.001076579 -0.005767104
20011105 0.0265689 0.003641079
20011106 0.02588117 0.00219137
20011107 0.001021478 0.003489722
20011108 -0.04596122 -0.004339534
20011109 0 -0.001046915
20011112 0.002135718 0.0005235945
20011113 0.03253205 -0.002719129
20011114 0.01231387 -0.005790442
20011115 -0.008192467 -0.010048
20011116 -0.02498863 -0.006319084
20011119 0.05287325 0.006618999
20011120 -0.02378053 -0.004307401
20011121 0.007650659 -0.00362052
20011123 0.00809713 -0.002387318
20011126 0.07428803 0.0002692787
20011127 -0.01746564 0.003024399
20011128 -0.02263526 0.004085192
20011129 -0.005372406 0.009346329
20011130 0.04219226 0.000728067
20011203 -0.01180642 0.001652729
20011204 0.06216038 0.002210383
20011205 0.05894227 -0.01083456
20011206 -0.04212075 -0.004540909
20011207 -0.0105919 -0.005335136
20011210 0 0.002218041
20011211 -0.03429956 0.002481058
20011212 -0.01340444 0.004310424
20011213 -0.02306496 -0.008774042
20011214 -0.02947825 -0.001750606
20011217 0.01121686 -0.001618669
20011218 0.01873735 0.00441145
20011219 0.0286205 0.003789725
20011220 -0.04493565 -0.0006697027
20011221 0.0158389 -0.0008377595
20011224 0.01699772 -0.00144259
20011226 0.006067555 -0.002150972
20011227 0.02663122 0.00376117
20011228 0.01618039 0.0005696574
20011231 -0.02391264 0.005245673
20020102 0.06196678 -0.005781812
20020103 0.01194537 0.001272861
20020104 0.004654153 0.0001338912
20020107 -0.03391569 0.005474162
20020108 -0.01274487 -0.001032456
20020109 -0.04338674 0.001365279
20020110 -0.01959065 0.005111535
20020111 -0.008515151 0.004920831
20020114 0.00473975 6.5887e-05
20020115 0.02567262 0.001448417
20020116 -0.04332095 -0.0006581112
20020117 0.07863464 -0.004056935
20020118 -0.01388597 0.002640527
20020122 -0.01591294 -0.0003626593
20020123 0.05353603 -0.00475971
20020124 0.008220122 -0.001226648
20020125 0.001721517 -0.001128518
20020128 0.0008596304 0.0003320494
20020129 -0.00863215 0.005132717
20020130 0.04326349 -0.001024438
20020131 0.02581588 -0.002350255
20020201 -0.01261929 0.002548615
20020204 0.03778603 0.003926037
20020205 0.003937239 -9.878657e-05
20020206 -0.03112747 -0.0009224789
20020207 -0.01511161 -0.0009233307
20020208 -0.01117319 0.002207979
20020211 0.03877254 -0.0004609661
20020212 -0.01086784 -0.002803293
20020213 0.01206789 -0.001785006
20020214 -0.01652885 0.002181242
20020215 -0.02886769 0.003657757
20020219 -0.05504348 3.289203e-05
20020220 0.0222956 0.0002959796
20020221 -0.07307727 0.0005916965
20020222 0.05607216 0.002133772
20020225 0.04598051 -0.0004920049
20020226 -0.005897355 -0.00299003
20020227 -0.07498543 0.004530837
20020228 -0.01191065 -0.001770492
20020301 0.07755809 -0.004407032
20020304 0.03519435 -0.0006924181
20020305 -0.03178896 0.0002308593
20020306 0.02268963 -0.0001978761
20020307 0.01279677 -0.00774787
20020308 0.01141955 -0.00483133
20020311 0.01609085 0.001068234
20020312 -0.01365987 0.0004669936
20020313 -0.009347553 0.002431511
20020314 -0.002453006 -0.005705055
20020315 0.02106164 0.00147108
20020318 -0.008452623 0.002202571
20020319 0.004436146 -0.0004001067
20020320 0.00281304 -0.004311288
20020321 -0.02642919 -0.0002679798
20020322 -0.007444643 -0.0010391
20020325 -0.03119969 3.353623e-05
20020326 0.004699938 0.003849184
20020327 0.0004259093 0.0005677549
20020328 0.008485893 -0.002842003
20020401 0.03283111 -0.0001004537
20020402 -0.01607247 0.005410112
20020403 -0.01338417 0.004154555
20020404 0.04728522 -3.316805e-05
20020405 -0.006446736 0.004170534
20020408 -0.007302599 -0.00112367
20020409 -0.01890763 0.002015097
20020410 0.02297015 -0.001122668
20020411 0.008077291 0.0006605456
20020412 0.008012812 0.002374358
20020415 -0.00239687 0.002072949
20020416 0.02917038 -0.003886186
20020417 0.01427266 -0.001816531
20020418 -0.02717594 0.000826105
20020419 -0.01706681 0.002111724
20020422 -0.01817823 0.001317567
20020423 -0.01148065 0.0008554883
20020424 -0.01999253 0.003742372
20020425 0.01461665 0.0006551148
20020426 -0.04711257 0.001766669
20020429 0.04045649 -0.001504743
20020430 0.01285502 9.820449e-05
20020501 -0.01202096 0.001962067
20020502 -0.01216672 -0.001503907
20020503 -0.007627012 0.003299093
20020506 -0.03726583 -0.0002935373
20020507 -0.007978746 0.0009781227
20020508 0.08117161 -0.006932663
20020509 -0.007413412 0.002850825
20020510 -0.03662768 0.003005851
20020513 0.02623971 -0.003922471
20020514 0.06743245 -0.003707779
20020515 -0.01296974 0.001740759
20020516 -0.002772841 0.004551043
20020517 -0.007964634 -0.003075415
20020520 -0.0108547 0.003532648
20020521 -0.05312444 0.002739013
20020522 0.03600208 0.002471707
20020523 0.03475112 -0.001690508
20020524 -0.04176619 0
20020528 -0.007063891 0.0008131007
20020529 0 0.001851401
20020530 0.009132174 3.245015e-05
20020531 -0.03789919 -0.0003894713
20020603 -0.01687966 0.001719022
20020604 -0.005690158 0.001424871
20020605 -0.002637475 -0.001230451
20020606 -0.02495685 0.002200791
20020607 -0.03489791 -0.002233191
20020610 0.003731031 0.00142464
20020611 -0.04865047 0.003294789
20020612 -0.01824951 0.002287041
20020613 -0.02775873 0.002121301
20020614 0.02825601 0.005730675
20020617 0.02165483 -0.002685166
20020618 -0.01916957 0.0007679263
20020619 -0.1629567 0.00618585
20020620 -0.0005841706 -0.004939226
20020621 -0.01531264 0.003571432
20020624 0.02462041 -0.003475603
20020625 -0.007556478 0.0001596959
20020626 -0.03502839 0.005319246
20020627 0.03035072 -0.005702559
20020628 0.03795742 -0.002078837
20020701 -0.03795735 0.001503591
20020702 -0.007058855 0.003446519
20020703 0.03537583 -0.004758036
20020705 0.06560608 -0.00539206
20020708 -0.039733 0.002250226
20020709 -0.0270136 0.005092492
20020710 -0.01205234 0.005479815
20020711 0.05503917 0.0001588487
20020712 -0.04470034 0.001777383
20020715 0.04086743 -0.001142241
20020716 -0.02050479 -0.004932938
20020717 -0.1333714 0.0008929141
20020718 -0.04180894 0.004484384
20020719 -0.002003005 0.002503765
20020722 -0.002677582 0.005272226
20020723 -0.0306252 0.002138836
20020724 0.04921769 -0.006335419
20020725 -0.0568487 0.001295562
20020726 -0.001393971 0.001041552
20020729 0.04633 -0.008108495
20020730 0.02693108 -0.002037439
20020731 -0.01107915 0.007018018
20020801 -0.03060767 0.002717736
20020802 -0.02393313 0.01120346
20020805 -0.03235172 0.002493456
20020806 0.05222236 -0.006809334
20020807 0.01961634 0.004378291
20020808 0.01767193 -0.004002257
20020809 -0.01980279 0.007397846
20020812 -0.0006672225 0.002422813
20020813 -0.02704648 0.005260239
20020814 0.03898318 0.002804446
20020815 0.02859232 -0.005864395
20020816 0.01273062 -0.006272728
20020819 0.0106956 0.001369693
20020820 -0.00438962 0.007438205
20020821 0.01311265 -0.0005559502
20020822 -0.009348562 -0.00504856
20020823 -0.01514206 0.003873872
20020826 -0.01279653 0.001823267
20020827 -0.04477354 -0.003804815
20020828 -0.01015236 0.003619549
20020829 0 0.003083282
20020830 0.00339523 0.001599557
20020903 -0.04862108 0.009178587
20020904 0.03014601 0.001643236
20020905 -0.02093563 0.002308137
20020906 0.01400546 -0.008346582
20020909 -0.0006952416 3.058899e-05
20020910 -0.002787883 0.002383063
20020911 -0.002794902 -0.004587866
20020912 -0.01055248 0.005685828
20020913 0.002119752 0.003529702
20020916 0.02302195 0.001911785
20020917 0.02047887 6.063178e-05
20020918 0.0147556 0.0009090359
20020919 -0.02973164 0.003537365
20020920 0.01969478 -0.0004528097
20020923 -0.001345905 0.004759332
20020924 -0.01424194 0.000330504
20020925 0.01961535 -0.00593563
20020926 -0.01552489 -0.0004231653
20020927 0.001360075 0.000604467
20020930 -0.01505882 0.004642198
20021001 0.0006897621 -0.005125742
20021002 -0.02371089 0.0001511327
20021003 0.009132174 3.022381e-05
20021004 -0.01906152 -0.0006046498
20021007 -0.01870587 0.00256724
20021008 -0.005972802 -0.001297898
20021009 -0.00652323 0.003708118
20021010 0.03752505 -0.010071
20021011 0.02731648 -0.003593183
20021014 0.01776035 0.0004879685
20021015 0.02606241 -0.01085234
20021016 -0.04038251 -0.001388011
20021017 -0.0313947 -0.004795727
20021018 0.01616957 -0.0001240656
20021021 0.0152255 -0.003106654
20021022 0.00956907 -0.001183064
20021023 0.01217064 0.0002803258
20021024 -0.01285122 0.006920872
20021025 0.04849869 0.002779667
20021028 0.0122467 0.004584976
20021029 -0.01094973 0.007676466
20021030 0.03437631 -0.0002742356
20021031 0.0056162 0.004712472
20021101 0.0178851 -0.003068186
20021104 0.03188231 -0.002680967
20021105 0.0005918248 -0.001526485
20021106 0.01875796 0.002745997
20021107 -0.07348294 0.008918068
20021108 -0.01005034 0.002985212
20021111 -0.0438777 0.0004816231
20021112 0.03117109 0.003814678
20021113 -0.003202121 0.001018788
20021114 0.04453541 -0.009327584
20021115 -0.02170588 0.001721613
20021118 -0.01898814 0.00183915
20021119 -0.02458064 0.002316731
20021120 0.01688367 -0.005031419
20021121 0.05145423 -0.003479527
20021122 -0.02101426 -0.001182768
20021125 -0.002501125 0.0003640777
20021126 -0.03569557 0.005837446
20021127 0.01991733 -0.008480017
20021129 -0.01409385 0.001398092
20021202 -0.02086109 -9.112032e-05
20021203 -0.001318869 -0.0003341789
20021204 -0.0126122 0.001487757
20021205 -0.02297389 0.004027075
20021206 0.02163722 0.001479581
20021209 -0.01346829 0.002651722
20021210 0.0353015 0.0008121889
20021211 0.01364942 0.003362054
20021212 -0.019557 -0.0002997243
20021213 -0.02668592 -0.003122469
20021216 0.004048793 -0.002860801
20021217 0.01536929 0.00078377
20021218 -0.03440513 0.004419797
20021219 -0.02572302 0.005415365
20021220 -0.004233951 0.0002685084
20021223 0.02445063 -0.0001193282
20021224 -0.009012491 0.002235037
20021226 0.002782126 0.001279172
20021227 -0.02389421 0.005366554
20021230 0.0007107474 0.001625032
20021231 0.01831034 -0.0008269589
20030102 0.03227162 -0.01117164
20030103 0.006734274 0.0001792543
20030106 0 -0.0005079707
20030107 -0.003361644 0.003758842
20030108 -0.02040885 0.003151294
20030109 0.008895319 -0.009363979
20030110 0.002721294 0.0008385745
20030113 -0.006132767 0.002899636
20030114 -0.001367935 0.002682885
20030115 -0.01239652 0.000862954
20030116 0.01308107 0.000475794
20030117 -0.03621595 0.002998236
20030121 -0.005690158 -0.0006226558
20030122 -0.01003619 0.002902416
20030123 0.02067773 -0.001390924
20030124 -0.02645794 0.003370391
20030127 0.02363156 -0.003311163
20030128 0.0313504 -0.0005924346
20030129 0.02372239 -0.002789154
20030130 -0.0417151 0.003796084
20030131 0.002789107 0.000562255
20030203 0.02067578 0.0009462417
20030204 -0.004101399 0.003923251
20030205 -0.01032714 -0.003775482
20030206 -0.001384959 0.005569732
20030207 -0.01959473 0.0009105997
20030210 0.01403505 -0.003087647
20030211 0 0.0009714312
20030212 0.002783124 0.001029276
20030213 0.01037004 0.002524587
20030214 0.008901266 -0.004319153
20030218 0.04008572 0.001529997
20030219 -0.02789034 0.003463258
20030220 -0.005401562 0.001873372
20030221 0.015452 -0.002225021
20030224 -0.01748498 0.002838957
20030225 0.01881783 0.002335358
20030226 -0.03523451 0.002359007
20030227 0.02452479 0.001046664
20030228 0.0100434 0.003625767
20030303 -0.0242763 0.001591182
20030304 -0.006161946 0.001242254
20030305 0.004112532 0.001269548
20030306 -0.004112445 -0.0008654263
20030307 -0.002062125 0.002075766
20030310 -0.01107308 0.001352693
20030311 -0.009790774 -0.001035942
20030312 -0.0007032472 -8.637692e-05
20030313 0.03455794 -0.007920719
20030314 0.004067716 0.002319111
20030317 0.01544215 -0.004876359
20030318 -0.0006662219 -0.004666364
20030319 -0.003338567 -0.002546504
20030320 -0.002679587 -0.001877439
20030321 0.006017856 -0.004443602
20030324 -0.0429075 0.007170596
20030325 0.0124482 0.0003513292
20030326 -0.009668591 0.001550229
20030327 0.005536644 0.0009348252
20030328 0.005505815 0.003148599
20030331 -0.02995727 0.00461747
20030401 0.001413001 0.0003476246
20030402 0.03060001 -0.005081533
20030403 -0.00963527 0.0006693343
20030404 -0.003463993 0.0003199581
20030407 0.005536644 -0.003379267
20030408 -0.002764819 0.00448379
20030409 -0.01815684 0.002321331
20030410 0.01260522 -0.001537279
20030411 -0.08492628 -0.001859493
20030414 0.02838141 -0.001862957
20030415 -0.0140898 0.002502548
20030416 -0.01126521 0.002815146
20030417 -0.009104319 8.694014e-05
20030421 0.00152284 0.0004345874
20030422 0.02776885 0.0002317027
20030423 0.005167625 -0.0001448079
20030424 -0.01036251 0.006697098
20030425 -0.006718519 0.001322561
20030428 0.03749037 -0.0001149359
20030429 0.01432688 -0.001696841
20030430 0.01131573 0.004795484
20030501 0.009796854 0.0004296086
20030502 0.006247444 -0.002810118
20030505 0.1075037 0.00203669
20030506 0.08400286 0.003975352
20030507 0.008534478 0.005919366
20030508 0.01963595 8.511966e-05
20030509 0.01652963 -0.0004540553
20030512 0.01410801 0.002579696
20030513 0.005909504 0.00110355
20030514 -0.006447742 0.005133858
20030515 0.009657219 -0.001943252
20030516 0.003730035 0.003938896
20030519 -0.03794489 0.00117865
20030520 -0.01727536 0.004142299
20030521 0.003367324 -0.002152974
20030522 0.02161373 0.003102164
20030523 0.00437641 0.0009761676
20030527 0.03011011 -0.003099133
20030528 -0.03229594 -0.0009791991
20030529 -0.009895802 0.004189833
20030530 -0.008321528 -0.0006691948
20030602 -0.02825031 -0.003688597
20030603 -0.008055357 0.005360745
20030604 0.01661422 0.002169621
20030605 0.002270421 -0.002058243
20030606 -0.02817111 -0.0006127281
20030609 -0.02121444 0.00486362
20030610 0.02296234 0.005695028
20030611 0.01559378 -0.0002205619
20030612 0.01817189 0.001763134
20030613 -0.01989255 0.003297522
20030616 0.04764189 -0.003242474
20030617 -0.004388616 -0.003998847
20030618 0.04986292 -0.004847588
20030619 0.001045453 0.001110094
20030620 0.003130096 -0.002749734
20030623 -0.007318717 0.004800165
20030624 -0.01479897 0.002018611
20030625 0.01637224 -0.00554018
20030626 0.0104225 -0.00867642
20030627 -0.02946074 -0.001177526
20030630 0.01746558 0.002577538
20030701 0.001572763 -0.001119852
20030702 0.009384824 0.001259746
20030703 -0.007291519 -0.00524538
20030707 0.03795356 -0.00219607
20030708 0.02632348 -0.0007330965
20030709 -0.02531781 0.001268481
20030710 -0.01570874 0.00143567
20030711 0.01369578 0.002668803
20030714 0.002515833 -0.00396363
20030715 -0.01468023 -0.01016329
20030716 0.01317187 -0.001224287
20030717 0.05053816 5.697681e-05
20030718 -0.001963927 -0.0008835056
20030721 -0.01200882 -0.009770431
20030722 0.009176764 0.002214586
20030723 -0.0004811157 0.002324348
20030724 -0.01355952 -0.002784118
20030725 0.04899871 -0.0004312266
20030728 -0.02586565 -0.00565185
20030729 -0.01294644 -0.005509496
20030730 -0.02146371 0.003164422
20030731 0.0386898 -0.009494203
20030801 -0.01674237 0.002834394
20030804 0.02289099 0.002651787
20030805 -0.03991824 -0.005720305
20030806 -0.03749524 0.007581095
20030807 0.01516739 0.003016419
20030808 -0.0146579 0.0008394969
20030811 0.001017482 -0.00362356
20030812 0.002032932 0.0005806527
20030813 0.02407291 -0.01094374
20030814 -0.01046052 -0.002085568
20030815 -0.0131055 0.002789566
20030818 0.03146378 0.003191103
20030819 -0.0009834835 0.005596377
20030820 0.03339319 -0.001949347
20030821 0.03139207 -0.003588573
20030822 -0.03759803 0.003122495
20030825 -0.0009584592 -0.003093267
20030826 0.009066772 0.002189622
20030827 0.02022215 -0.002423465
20030828 0.03251946 0.006468931
20030829 0.01875011 -0.001162487
20030902 0.01055906 -0.005686556
20030903 0.004366453 2.924447e-05
20030904 -0.005242719 0.004347896
20030905 -0.01456049 0.008350779
20030908 0.01061051 -0.001734004
20030909 -0.01640483 0.001098552
20030910 -0.00853028 0.005129842
20030911 0.01698789 -0.002763387
20030912 0.02365402 0.003654102
20030915 -0.03928984 0.002409571
20030916 0.006731294 -0.002495734
20030917 -0.01079101 0.004813763
20030918 0.03378094 0.0003429551
20030919 -0.01319872 0.00134211
20030922 -0.02239184 -0.002743251
20030923 0.01572668 0.001915353
20030924 -0.05075344 0.00367747
20030925 -0.04264136 0.001279663
20030926 0.0126457 0.004225458
20030929 0.02905673 -0.002039603
20030930 -0.02760761 0.007289403
20031001 0.003372307 0.0004784487
20031002 -0.01063839 -0.003410423
20031003 0.05301741 -0.0100164
20031006 0.02728729 0.003387855
20031007 0.04087607 -0.004729084
20031008 -0.006914853 0.0006280331
20031009 0.01677058 -0.002628949
20031010 0.009760214 0.002999874
20031013 0.02790112 0.0004278197
20031014 0.008180449 -0.003914235
20031015 0.01093796 -0.00197722
20031016 -0.06534418 -0.003304079
20031017 -0.0217396 0.004536718
20031020 0.0204485 0.001517212
20031021 -0.001724486 0.0008291993
20031022 -0.01828516 0.003509326
20031023 0.01005429 -0.001681798
20031024 -0.01710954 0.005888143
20031027 0 -0.002726422
20031028 0.04836817 0.004398356
20031029 -0.001265801 -0.004398356
20031030 -0.02565325 -0.002904992
20031031 -0.008699733 0.002421412
20031103 0.01129497 -0.002849329
20031104 -0.01042111 0.002934684
20031105 0.005224329 -0.002677912
20031106 0.003900384 -0.00340044
20031107 -0.02718314 -0.001518212
20031110 -0.02702901 -0.0008890801
20031111 -0.0165746 0.0001434535
20031112 0.03601944 0.003207977
20031113 0.004021901 0.007464422
20031114 -0.04376277 0.003428591
20031117 -0.01549645 0.002740076
20031118 -0.03466909 0.001015028
20031119 0.0004848824 -0.003500554
20031120 -0.002201421 0.00375415
20031121 -0.004673906 0.000647787
20031124 0.04200434 -0.003977831
20031125 -0.02247263 0.002174252
20031126 0.001932132 -0.002570078
20031128 0.009128211 -0.004052088
20031201 0.03754527 -0.002644113
20031202 -0.007860815 0.001536142
20031203 -0.0239618 -0.001650025
20031204 0.005689782 0.002275184
20031205 -0.01428555 0.008232595
20031208 0.009546289 -0.00321707
20031209 -0.0289171 -0.003369247
20031210 -0.003428872 0.001841752
20031211 0.03991855 0.003504115
20031212 -0.01520197 0.0003384572
20031215 -0.03507396 -0.0008463579
20031216 -0.002482078 0.002367999
20031217 -0.01200072 0.002306222
20031218 0.008015788 0.002328943
20031219 -0.01711157 0.0008404539
20031222 0.00758516 -0.001260946
20031223 -0.002017033 -0.004918849
20031224 0.02983837 0.003965079
20031226 0.01796565 0.002802614
20031229 0.01764933 -0.00330792
20031230 0.006128184 -0.002305185
20031231 0.004220083 0.001153257
20040102 -0.004220895 -0.005864458
20040105 0.04097206 0.0006501675
20040106 -0.003614525 0.005354841
20040107 0.02238263 0.001909523
20040108 0.03351794 0.0001683124
20040109 -0.01553098 0.008351887
20040112 0.03124573 0.0008897292
20040113 0.01630141 0.002581291
20040114 0.003311511 0.002076844
20040115 -0.05740138 0.0002765869
20040116 -0.005705244 -0.001716073
20040120 0.0004399032 -0.001053244
20040121 -0.005292983 0.0009701338
20040122 -0.01920117 0.003153355
20040123 0.01698789 -0.004789268
20040126 0.01975067 -0.003029337
20040127 0.002604605 0.00272404
20040128 -0.02412877 -0.005762582
20040129 0.007079878 0.000334971
20040130 -0.005305047 0.002981874
20040202 -0.01069499 -0.0003896465
20040203 -0.002691619 0.002585525
20040204 -0.02134009 -0.001278026
20040205 0.02850193 -0.002533092
20040206 0.01285206 0.004449519
20040209 -0.001894794 0.001857371
20040210 0.01371452 -0.001968368
20040211 0.03506111 0.003960511
20040212 -0.002945333 -0.002047537
20040213 -0.03124611 0.002185733
20040217 0.006932912 0.0002487047
20040218 0.004308704 0
20040219 -0.03455418 0.0001381425
20040220 -0.003119862 -0.00273878
20040223 -0.009419222 0.003180708
20040224 0.007631804 0.0006901216
20040225 0.01992517 0.0008826613
20040226 0.01003251 -0.001186256
20040227 0.03748267 0.003554555
20040301 0.004172284 0.0004399956
20040302 -0.008781444 -0.002642882
20040303 0.004609361 -0.0007169843
20040304 0.05054006 0.001984237
20040305 0.06090505 0.009998851
20040308 -0.02806414 0.002966675
20040309 0.04143749 0.002605582
20040310 0.02117619 -0.0008949032
20040311 -0.01933268 -0.0006784905
20040312 0.01498811 -0.0007061188
20040315 -0.04110954 -0.0001901941
20040316 -0.02410726 0.0039865
20040317 0.0142283 -0.0004872899
20040318 -0.02005476 -0.002792957
20040319 0.00737474 -0.001657767
20040322 0 0.003583844
20040323 -0.02228855 0.0001354995
20040324 0.008269711 0
20040325 0.05233245 -0.0008675144
20040326 0.006307069 -0.004430619
20040329 0.03166823 -0.001635858
20040330 0.0003579359 -0.0004639801
20040331 -0.03202641 0.003787419
20040401 0.002585654 -0.003132451
20040402 0.0142835 -0.01215929
20040405 0.02938209 -0.003541002
20040406 -0.01745343 0.002269897
20040407 -0.01886177 0.000387029
20040408 0.008023724 -0.001382935
20040412 0.0183555 -0.0008306798
20040413 -0.04039084 -0.005026462
20040414 -0.01082741 -0.002592517
20040415 0.09517381 -0.001396609
20040416 -0.004104412 0.002819144
20040419 -0.02885637 -0.0009202326
20040420 -0.02211269 -0.002094593
20040421 0 -0.001090924
20040422 0.001801377 0.002990207
20040423 -0.002884155 -0.004362545
20040426 -0.02079268 0.001652176
20040427 -0.007027636 0.001537709
20040428 -0.01835645 -0.004395735
20040429 0.0120254 -0.002950642
20040430 -0.03768318 0.001687147
20040503 0.0111862 0.0005336704
20040504 0.002681402 -0.001658119
20040505 0.01932212 -0.00273205
20040506 -0.002630457 -0.001919712
20040507 0.00338028 -0.009226336
20040510 -0.01473097 -0.0001426106
20040511 0.03219997 0.0009123568
20040512 0.005877692 -0.001483003
20040513 -0.004037138 -0.002800882
20040514 -0.004792466 0.003685245
20040517 -0.01564271 0.004438508
20040518 0.01564301 -0.001647915
20040519 -0.0220442 -0.002049473
20040520 0.009026142 0.004009617
20040521 0.01486497 -0.001988581
20040524 0.008448213 0.001506003
20040525 0.03839056 0.0009932883
20040526 0.003513819 0.002747682
20040527 -0.01199769 0.004177847
20040528 -0.003912644 -0.003810174
20040601 0 -0.001613109
20040602 0.0301887 -0.001700825
20040603 -0.01814462 0.0007940785
20040604 0.01329128 -0.003236984
20040607 0.03516346 0.001136977
20040608 0.01795288 0.0005396118
20040609 -0.004954252 -0.002131742
20040610 0.01772302 0.0008816713
20040614 -0.02037517 -0.003788153
20040615 0.01874717 0.009005359
20040616 0.0646607 -0.002151634
20040617 0.002135718 0.00226475
20040618 0.003043364 -0.0007920792
20040621 -0.01778115 0.001413987
20040622 0.02051218 -0.0005936312
20040623 0.02099016 0.0007066639
20040624 -0.01555028 0.002680778
20040625 0.01555046 0.0001690712
20040628 -0.03656544 -0.004376869
20040629 0.0003079526 0.002430822
20040630 0.001230243 0.004141376
20040701 -0.007403337 0.002667305
20040702 -0.03850281 0.005257577
20040706 -0.004191773 -0.000139472
20040707 -0.0182597 0.0002789245
20040708 -0.00826002 0.0005297423
20040709 -0.003656678 0.0003901569
20040712 -0.03008505 0.001169558
20040713 0.002741239 -0.001448226
20040714 0.01224473 -0.0002787456
20040715 0.1072855 8.363185e-05
20040716 -0.0224174 0.006557218
20040719 -0.007168633 0.000470686
20040720 0.007168247 -0.004550002
20040721 -0.01817619 -0.002031984
20040722 0.001896201 0.001225251
20040723 -0.03142256 0.001418302
20040726 0.01807663 -0.001585293
20040727 0.03674457 -0.005638378
20040728 -0.004946212 0.0008393957
20040729 0.01140076 0.0008386917
20040730 -0.009233498 0.005100843
20040802 -0.02378053 0.0005281079
20040803 -0.009225424 0.001554908
20040804 0.01585366 -0.0001664817
20040805 -0.01266284 0.001414212
20040806 -0.05265211 0.009487109
20040809 0.01731031 -0.0008237911
20040810 0.03947453 -0.002337767
20040811 -0.01631233 0.0006606293
20040812 -0.02085394 0.00140239
20040813 0.01535747 0.002387782
20040816 -0.001947896 -0.001728514
20040817 0.002919733 0.002988719
20040818 0.02779317 -0.0008764963
20040819 -0.03298921 0.001040754
20040820 0.002926713 -0.001013352
20040823 0.009049926 -0.001453349
20040824 0.02760738 8.232147e-05
20040825 0.03384958 0.001042152
20040826 0.04756465 0.002081052
20040827 -0.008984238 0.0001914582
20040830 -0.006718519 0.002758396
20040831 0.01078563 0.002750809
20040901 0.03895337 0.0002175628
20040902 -0.00559261 -0.002886555
20040903 -0.01213129 -0.004975679
20040907 0.01493196 0.002818946
20040908 0.01636437 0.004118319
20040909 -0.01804381 -0.001525346
20040910 0.004750698 0.001116999
20040913 -0.007836626 0.001741118
20040914 -0.002813955 0.001385286
20040915 -0.008204566 -0.001711515
20040916 0.03214768 0.004990518
20040917 0.02150021 -0.002844798
20040920 0.01523043 0.003872353
20040921 0.007923526 0.0009454988
20040922 -0.02909622 0.002292496
20040923 0.009435347 -0.001941539
20040924 0.0005368559 2.699165e-05
20040927 0.006415377 0.002076172
20040928 0.0134975 -0.0008353431
20040929 0.01668404 -0.003618887
20040930 0.001808364 -0.001136979
20041001 -0.002067135 -0.003092618
20041004 0.003098196 0.001031936
20041005 0.01484132 0.0004070501
20041006 0.03174864 -0.002580787
20041007 -0.02541833 -0.001061412
20041008 -0.01423484 0.005837411
20041011 -0.01210598 0.0004330528
20041012 -0.007804375 0.001784363
20041013 0.03742102 0.001214788
20041014 0.1236078 0.002909485
20041015 0.01149468 -0.002127403
20041018 0.04826717 0.0003503901
20041019 -0.006934992 0.001023514
20041020 0.001053445 0.001210703
20041021 0.009852306 -0.000376506
20041022 -0.01111656 0.001155961
20041025 0.002948648 0.001074114
20041026 0.008794217 -0.0004295071
20041027 0.04742924 -0.004682841
20041028 0.03688626 0.0007280866
20041029 0.004015925 0.002987688
20041101 0.0009535452 -0.002960732
20041102 0.01982125 0.000646726
20041103 0.03327229 0.0009154797
20041104 -0.01567115 8.07374e-05
20041105 0.004946745 -0.006344257
20041108 -0.006232381 -0.0009212345
20041109 -0.006086485 -8.132616e-05
20041110 0.01286785 -0.002171141
20041111 0.009995874 0.0001358345
20041112 0.003610474 0.003173271
20041115 -0.004696009 0.000703806
20041116 -0.005536297 -0.0002435691
20041117 -0.000637203 0.003296677
20041118 0.008885408 0.001321022
20041119 -0.003979909 -0.003751944
20041122 0.1061755 0.001594272
20041123 -0.001304851 -0.0007292666
20041124 0.04437376 -0.0005405406
20041126 0.007775691 -0.001840026
20041129 0.05851699 -0.003391259
20041130 -0.02051908 -0.0002989821
20041201 0.01097654 -0.0004622391
20041202 -0.03880216 -0.001170148
20041203 -0.03957069 0.006297182
20041206 0.04827384 0.001703186
20041207 -0.04492833 0.0004050934
20041208 0.006181853 0.005143892
20041209 0.01115752 -0.001370913
20041210 0.01796565 0.0003765162
20041213 -0.003690803 0.0005107596
20041214 0.005836932 0.001128123
20041215 -0.0004591054 0.002547021
20041216 0.02026527 -0.004939077
20041217 -0.02441155 -0.001130826
20041220 -0.03555257 0.0008078632
20041221 0.01534762 0.001452511
20041222 0.0009415566 -0.001021918
20041223 0.004069707 -0.0005651922
20041227 -0.01336795 -0.002857761
20041228 0.01601999 2.69982e-05
20041229 0.004042817 -0.001377839
20041230 0.005571451 0.002753781
20041231 -0.006192132 0.002450421
20050103 -0.01738627 8.068095e-05
20050104 0.01021762 -0.003448186
20050105 0.008719871 0.0005125922
20050106 0.0007746998 0.0002696799
20050107 0.07028324 -0.0004045471
20050110 -0.004196794 0.0004854369
20050111 -0.06593149 0.001562585
20050112 0.01384472 0.0005651618
20050113 0.06419471 0.002472189
20050114 0.00571464 -0.001342823
20050118 0.006389543 0.0008596143
20050119 -0.01095883 0.0005368839
20050120 0.008265744 0.001501743
20050121 0.0004259093 0.001472735
20050124 0.003822684 0.0008023965
20050125 0.01806681 -0.002703971
20050126 0.002772154 -0.0001072386
20050127 0.005383483 -0.0005363656
20050128 0.01827892 0.003320839
20050131 0.03871097 0.0002138694
20050201 0.008158628 -0.0001603978
20050202 0.02672567 -0.0001604235
20050203 -0.02312125 -0.0008827897
20050204 0.01315016 0.004566035
20050207 0.001267197 0.001490789
20050208 0.02452577 0.0008508828
20050209 -0.02706292 0.002786885
20050210 -0.004837683 -0.003877209
20050211 0.03572519 -0.001704349
20050214 0.04125038 0.001278534
20050215 0.04369626 -0.001091979
20050216 0.01926817 -0.002695096
20050217 -0.0260781 -0.0006949642
20050218 -0.01145334 -0.003455253
20050222 -0.0176641 -0.0003757078
20050223 0.03389018 0.0008317348
20050224 0.007902691 -0.0005096908
20050225 0.0006747723 0.0005096908
20050228 0.008169538 -0.003492562
20050301 -0.008057374 0.0001076455
20050302 -0.008553477 -5.382131e-05
20050303 -0.0542788 -0.0001883974
20050304 0.02411488 0.003653954
20050307 -0.001402984 0.0006702323
20050308 -0.05332694 -0.00303303
20050309 -0.02954622 -0.00568819
20050310 0.0121242 0.001890666
20050311 0.01098643 -0.003270406
20050314 0.001241229 0.001244555
20050315 0.01574834 -0.001136272
20050316 0.005356628 0.0002435955
20050317 0.02565118 0.002081673
20050318 0.01666536 -0.001784025
20050321 0.01707833 -0.0004059046
20050322 -0.02010883 -0.003742073
20050323 -0.006559466 -0.001141677
20050324 -0.001175691 0.0007340847
20050328 0.0007057509 -0.001196563
20050329 -0.01851026 0.001658488
20050330 0.02483894 0.001465878
20050331 -0.02675679 0.002303056
20050401 -0.0188954 0.002513753
20050404 0.004879078 -0.0007561641
20050405 0.0192819 -0.0003512707
20050406 0.01044922 0.001593239
20050407 0.02864285 -0.001971668
20050408 0.004123487 -0.0007843456
20050411 -0.04250049 0.002162221
20050412 0.017499 0.004095385
20050413 -0.03871484 -0.0002958142
20050414 -0.09662655 0.000591541
20050415 -0.05262154 0.003488344
20050418 0.007608978 0.00160591
20050419 0.04044016 0.0035506
20050420 -0.04353296 -0.00117324
20050421 0.04595663 -0.004465547
20050422 -0.04623872 0.002515994
20050425 0.04084439 0.0006146528
20050426 -0.02159449 -0.0005879209
20050427 -0.006654089 0.001629296
20050428 -0.01147054 0.003117633
20050429 0.014525 -0.001677518
20050502 0.01020871 0.0007991689
20050503 -0.006057309 -0.000612639
20050504 0.02562876 5.328786e-05
20050505 -0.01273171 0.001517512
20050506 0.01515163 -0.005094091
20050509 -0.007276409 0
20050510 -0.01498877 0.003123543
20050511 -0.02249104 0.001278636
20050512 -0.04244936 0.001170649
20050513 0.01857835 0.001779951
20050516 0.02218508 0.0006898748
20050517 -0.005359336 0.0006363854
20050518 0.01348369 0.002382845
20050519 0.04660874 -0.002064804
20050520 0 -0.000768772
20050523 0.05718814 0.003256599
20050524 -0.00151014 0.001743081
20050525 0.002012973 -0.001558065
20050526 0.0238464 -0.0006609298
20050527 -0.004427788 0.0004759135
20050531 -0.01993846 0.004536232
20050601 0.01350736 0.00566767
20050602 -0.006472904 0.0008892144
20050603 -0.04599682 -0.004296462
20050606 -0.008403208 0.001574019
20050607 -0.03707071 0.002670159
20050608 0.0103453 -0.001438906
20050609 0.01958005 -0.002254083
20050610 -0.05010558 -0.003838373
20050613 0.002509848 -0.001344281
20050614 0.002781129 -0.002218057
20050615 0.03090644 0.0003435927
20050616 0.02263391 0.002428211
20050617 0.008651468 -0.0002109148
20050620 -0.01844099 -0.0005274818
20050621 0.006625006 0.002845102
20050622 0.01806092 0.005168919
20050623 0.008781331 -0.000654476
20050624 -0.02948648 0.002432487
20050627 -0.01763356 0.001305347
20050628 0.005644042 -0.003371274
20050629 -0.0255168 -0.001257335
20050630 0.0120254 0.002434652
20050701 -0.008457665 -0.00461253
20050705 0.0397475 -0.00270928
20050706 -0.01565592 0.001710594
20050707 0.006398486 0.001418887
20050708 0.01634174 -0.002997793
20050711 -0.003929711 0.0006844988
20050712 0.003668264 -0.00173849
20050713 0.002871872 -0.0009231541
20050714 0.0607018 -0.0006071085
20050715 0.01944178 0.0003695882
20050718 -0.001445044 -0.001479173
20050719 0.04015681 0.00221794
20050720 0.01013645 0.0008963409
20050721 -0.007823524 -0.004913366
20050722 0.01626796 0.002644595
20050725 -0.004327349 -0.001004122
20050726 -0.004117465 0.0003172002
20050727 0.008217147 -0.0011371
20050728 -0.004328354 0.003433797
20050729 -0.02660684 -0.004121974
20050801 0.002342255 -0.001298237
20050802 0.0102394 -0.0008222049
20050803 0.0006947586 0.001855632
20050804 -0.01187017 -0.0009273858
20050805 0.006534603 -0.003611742
20050808 -0.007940442 -0.000798467
20050809 0.02706346 0.001277241
20050810 -0.01009175 -5.318583e-05
20050811 0.01419083 0.002921028
20050812 0.04662306 0.003916696
20050815 0.03369876 -0.0007133893
20050816 -0.03045096 0.002586914
20050817 0.01927209 -0.002164103
20050818 -0.01819248 0.00287565
20050819 -0.01020287 0.0003950851
20050822 0.0008726192 0.0001053297
20050823 -0.002838023 0.001473452
20050824 0.0006557849 0.0004468686
20050825 0.006316012 0.0009981614
20050826 -0.006971243 -0.001497616
20050829 0.002183614 0.001129988
20050830 0.01579953 0.004428786
20050831 0.006847502 0.003471637
20050901 -0.01352708 0.0008334853
20050902 -0.0008653743 -0.0008074284
20050906 0.05431772 -0.002008373
20050907 -0.002462028 -0.002849936
20050908 0.02234547 -0.0002356792
20050909 0.03027214 0.000759212
20050912 0.001752464 -0.001650057
20050913 -0.01134815 0.001937884
20050914 -0.02409804 -0.001387562
20050915 0.005227314 -0.00225562
20050916 0.02651534 -0.002287037
20050919 0.02754123 0.001393875
20050920 0.0103938 -0.0003680046
20050921 -0.02051398 0.002861608
20050922 -0.004038142 0.0006813775
20050923 0.02473944 -0.003253827
20050926 0.01195821 -0.001788862
20050927 -0.007456732 -0.0005004016
20050928 -0.04516684 0.002210411
20050929 0.02436768 -0.00155204
20050930 0.02397431 -0.001712668
20051003 0.01536338 -0.002217647
20051004 -0.012755 0.0006605282
20051005 -0.0182098 0.0009503947
20051006 -0.02067629 0.0002638383
20051007 -0.007767086 0.0003692567
20051010 -0.01829534 0.0004218408
20051011 0.02393232 -0.001054936
20051012 -0.04641888 -0.002748053
20051013 0.08724868 -0.001694871
20051014 0.004826334 -0.0006097965
20051017 -0.01042414 0.0004772637
20051018 -0.023285 0.0006095057
20051019 0.05096779 0.0009532637
20051020 0.02160688 7.939764e-05
20051021 -0.008586761 0.003513642
20051024 0.02009866 -0.002297
20051025 -0.01222441 -0.002673268
20051026 0.01644209 -0.00419633
20051027 -0.02881726 0.001303278
20051028 -0.01710954 -0.0003721919
20051031 0.05569863 0.0008239532
20051101 -0.001564223 -0.0008505436
20051102 0.04172623 -0.001223925
20051103 0.0311992 -0.001812029
20051104 -0.01138051 -0.0004535208
20051107 -0.01515932 0.001200048
20051108 -0.005494065 0.003246238
20051109 0.003499868 -0.003006401
20051110 0.01764442 0.003245461
20051111 0.005866757 0.0001327863
20051114 -0.00146307 -0.001834009
20051115 0.01341659 0.002524214
20051116 0.04197749 0.003628999
20051117 -0.006642009 0.001638002
20051118 0.0006198079 -0.001823106
20051121 0.006176884 0.00198148
20051122 0.02373117 0.001766808
20051123 0.008830893 -0.002400455
20051125 0.03268885 0.002479493
20051128 0.004604384 0.001737254
20051129 -0.02264958 -0.003767872
20051130 -0.004120478 -0.0009507964
20051201 0.0542391 -0.001083954
20051202 0.01428153 0.0003173764
20051205 -0.01121465 -0.00145547
20051206 0.0305777 0.003674288
20051207 -0.001351913 -0.0009239095
20051208 0.001756457 0.002821843
20051209 0.003375297 -0.00329733
20051212 0.007765768 -0.0001056943
20051213 0.0009335641 0.0007660305
20051214 -0.04041687 0.004031785
20051215 0.002358217 -0.0007366289
20051216 -0.01493497 0.0009732873
20051219 0.00378981 0.0004994283
20051220 0.01017506 -0.001130642
20051221 0.01909257 -0.0008685697
20051222 0.00705009 0.002734757
20051223 -0.009093218 0.002543963
20051227 0.01192561 0.00230234
20051228 -0.008930761 -0.001621551
20051229 -0.02923933 5.234917e-05
20051230 0.006139117 -0.0009951031
20060103 0.03901204 0.002041511
20060104 0.002938678 0.0007318348
20060105 -0.007901132 -0.0001306455
20060106 0.02548547 -0.001124257
20060109 -0.003282381 0.0006276479
20060110 0.06132837 -0.002093694
20060111 0.0369065 -0.001468198
20060112 0.004649176 0.002410903
20060113 0.01529247 0.002822793
20060117 -0.01033219 0.001356286
20060118 -0.02655652 -0.0002606814
20060119 -0.04278747 -0.00159163
20060120 -0.03798747 0.001096148
20060123 0.02056508 0.0005476237
20060124 -0.02120934 -0.001121647
20060125 -0.02449558 -0.003843996
20060126 -0.02552501 -0.001651961
20060127 -0.004156627 0.0009967475
20060130 0.04040559 -0.0009705046
20060131 0.006776984 0.000472255
20060201 -0.001192711 -0.001811523
20060202 -0.04501829 0.0004203557
20060203 -0.003515171 0.001548536
20060206 -0.06537834 0
20060207 0.004448093 -0.0009445845
20060208 0.0177407 -0.001365977
20060209 -0.05773187 0.001339726
20060210 0.03569142 -0.001550042
20060213 -0.03939281 0.0006833653
20060214 0.0443575 -0.001156738
20060215 0.02301609 0.0003419028
20060216 0.01931525 0.000473211
20060217 -0.003975893 0.002860782
20060221 -0.01736388 -0.0006554197
20060222 0.03191137 0.001493731
20060223 0.006010898 -0.001651095
20060224 -0.004050191 0.000288483
20060227 -0.006598724 -0.0004983411
20060228 -0.03585104 0.002358368
20060301 0.008866575 -0.001257104
20060302 0.007353894 -0.001862369
20060303 -0.0275264 -0.001865844
20060306 -0.03363641 -0.00197475
20060307 0.01259633 0.000237176
20060308 -0.009850356 0.000263463
20060309 -0.02670133 0.0005003885
20060310 -0.01164251 -0.0008165524
20060313 0.03864843 -0.0004744333
20060314 0.02466334 0.003894229
20060315 -0.01632351 -0.001235038
20060316 -0.02941851 0.003883908
20060317 0.005427246 -0.0008122732
20060320 -0.01041606 0.001100341
20060321 -0.03466184 -0.002753125
20060322 -0.002267569 0.0004200137
20060323 -0.02478974 -0.001549675
20060324 -0.003329537 0.003201766
20060327 -0.007533304 -0.0009699449
20060328 -0.01353418 -0.00331013
20060329 0.05983278 -0.001290238
20060330 0.006715401 -0.001872487
20060331 -0.0004781143 0.0004750469
20060403 -0.001116623 -0.0006862512
20060404 -0.0239065 0.0006598657
20060405 0.09416498 0.001687275
20060406 0.05823211 -0.002320737
20060407 -0.020564 -0.002829081
20060410 -0.01617816 0.0005558717
20060411 -0.009951351 0.001454392
20060412 -0.01900547 -0.002275073
20060413 -0.003619543 -0.002439543
20060417 -0.02526037 0.002148172
20060418 0.02150706 0.001958502
20060419 -0.008645263 -0.002064476
20060420 0.02971413 -0.0003444941
20060421 -0.008762277 0.0009801715
20060424 -0.01942954 0.001983891
20060425 0.006367683 -0.003892137
20060426 0.02948404 -0.001380446
20060427 0.01759922 0.001619176
20060428 0.01474082 0.001404699
20060501 -0.01128645 -0.002359961
20060502 0.02860981 0.001008305
20060503 -0.006724559 -0.001406601
20060504 -0.0001410099 -0.0002921841
20060505 0.01062832 0.002202556
20060508 0 0
20060509 -0.01203513 -0.0002385971
20060510 -0.0060724 0.000159071
20060511 -0.03531945 -0.00108749
20060512 -0.006624896 -0.002231729
20060515 0.001328118 0.002337877
20060516 -0.04233564 0.002411843
20060517 0.004299743 -0.00315512
20060518 -0.032392 0.004186989
20060519 0.02083249 0.0009515503
20060522 -0.01767224 0.00142563
20060523 -0.003635601 -0.001293542
20060524 0.003004482 0.00168919
20060525 0.01550911 -0.001662774
20060526 -0.0122153 0.001108823
20060530 -0.03733745 -0.001003168
20060531 -0.02397 -0.001586001
20060601 0.03936878 0.0004231797
20060602 -0.00823683 0.005932076
20060605 -0.02729104 -0.001078337
20060606 -0.004627691 0.0008154354
20060607 -0.01958045 -0.0008417509
20060608 0.0367947 0.00118351
20060609 -0.02533422 0.0007356999
20060612 -0.03854542 -2.626568e-05
20060613 0.02306495 0.001364901
20060614 -0.01242082 -0.004548151
20060615 0.03026147 -0.002136612
20060616 -0.03112954 -0.001162545
20060619 -0.006273638 -0.0008727966
20060620 0.004708896 -0.0004234485
20060621 0.006763079 0.0002911401
20060622 0.02929372 -0.001907184
20060623 -0.0126679 -0.00114075
20060626 0.002716307 -0.0006107033
20060627 -0.02680096 0.00180448
20060628 -0.02485843 -0.001671687
20060629 0.05132029 0.002811076
20060630 -0.02925169 0.003304827
20060703 0.01180406 5.278856e-05
20060705 -0.01650344 -0.00346355
20060706 -0.02184181 0.002222282
20060707 -0.006656103 0.002849982
20060710 -0.00724619 0.0004742083
20060711 0.01174871 0.001605369
20060712 -0.04954535 0.0002103492
20060713 -0.01349667 0.001733695
20060714 -0.03070563 0.0007608254
20060717 0.03299948 5.244939e-05
20060718 0.01006914 -0.003072925
20060719 0.02243054 0.003859336
20060720 0.1118088 0.001780245
20060721 0.003629406 -0.0007588346
20060724 0.01146206 0.0004187386
20060725 0.008236983 -0.001230544
20060726 0.03087735 0.001989061
20060727 -0.007386211 0.0001045779
20060728 0.03395978 0.002819477
20060731 0.03549648 0.0007817794
20060801 -0.01154337 0.0002604574
20060802 0.01448262 0.001197231
20060803 0.02076295 0.0004940904
20060804 -0.01871096 0.002803886
20060807 -0.01608772 -0.0007002347
20060808 -0.03682479 0.0006743089
20060809 -0.01854082 -0.0004408428
20060810 0.007519656 -0.0003891404
20060811 -0.006576578 -0.002051975
20060814 0.004545653 -0.0007282943
20060815 0.03850507 0.004076816
20060816 0.02276392 0.003156536
20060817 -0.00575352 0.0003099414
20060818 0.004723825 0.0016514
20060821 -0.02007925 0.001416996
20060822 0.01580051 0.0002831585
20060823 -0.004595543 -0.0002831585
20060824 0.007400548 0.0004633085
20060825 0.0137668 0.0009773915
20060828 -0.0260822 -0.0002056873
20060829 -0.007493003 0.0007968026
20060830 0.007194061 0.001489089
20060831 0.01320444 0.001896658
20060901 0.007780652 0.0005887699
20060905 0.04433741 -0.002049391
20060906 -0.02049357 -0.0008465989
20060907 0.03879274 0.0004618701
20060908 -0.003853415 0.001589255
20060911 -0.0002760381 -0.001178883
20060912 0.001791394 0.001563001
20060913 0.02138569 0.0007166257
20060914 -0.0004040816 -0.0012032
20060915 -0.0009444458 -0.0003074322
20060918 -0.002838023 -0.0002818959
20060919 -0.00162532 0.003837205
20060920 0.01999673 0.0005360356
20060921 -0.008138024 0.004176328
20060922 -0.02235093 0.002385909
20060925 0.03697878 0.002557255
20060926 0.0242574 -0.00129047
20060927 -0.01558278 -5.06406e-05
20060928 0.007821333 -0.001393623
20060929 -0.0003900761 -0.0002535947
20061002 -0.02792634 0.001596574
20061003 -0.01047366 0.0002531902
20061004 0.01739679 0.002604135
20061005 -0.007322746 -0.002173859
20061006 -0.008185409 -0.004514451
20061009 0.005508799 0.0004320368
20061010 -0.01104881 -0.002518605
20061011 -0.007889037 -0.001657086
20061012 0.02734373 0.000484663
20061013 -0.003194096 -0.001327005
20061016 0.005052216 0.001429009
20061017 -0.01483043 0.0008156607
20061018 0.003225792 0.0005603811
20061019 0.05811984 -0.0008406894
20061020 0.01207975 0.0003567424
20061023 0.01871086 -0.001657381
20061024 -0.005045708 0.0001531042
20061025 0.007742946 0.002421031
20061026 0.006224587 0.00327815
20061027 -0.02189495 0.002407289
20061030 0.0001239923 0.0007337036
20061031 0.008173506 0.003635266
20061101 -0.02396488 0.002365912
20061102 -0.002276589 -0.001660587
20061103 -0.008774383 -0.005833865
20061106 0.01797547 0.0009114155
20061107 0.009985974 0.002678799
20061108 0.02381027 0.001689509
20061109 0.01073616 2.519495e-05
20061110 -0.002643491 0.002114112
20061113 0.01468958 -0.0002765939
20061114 0.00767646 0.001708629
20061115 -0.01123892 -0.002463365
20061116 0.01838987 -0.001838907
20061117 0.002799079 0.003096484
20061120 0.007196046 0.0007537878
20061121 0.0243345 0.001004167
20061122 0.01911612 0.0006772434
20061124 0.01451022 0.001328071
20061127 -0.02307315 0.001001151
20061128 0.02503597 0.001799551
20061129 -0.0001090059 -0.0004246019
20061130 -0.001526164 0.003217482
20061201 -0.003715895 0.002362862
20061204 -0.002192402 0.0003974069
20061205 0.001644647 -0.0001738461
20061206 -0.01590278 -0.001988962
20061207 -0.03155156 9.954211e-05
20061208 0.01391967 -0.003414972
20061211 0.005536644 0.001796184
20061212 -0.02984908 0.001643672
20061213 0.03322392 -0.004214207
20061214 -0.005630823 -0.001075094
20061215 -0.009417203 0.0001750941
20061218 -0.0259847 0.000825031
20061219 0.009780019 -0.00039993
20061220 -0.0181212 0.0002999625
20061221 -0.02218835 0.002695621
20061222 -0.008479853 -0.003445696
20061226 -0.008429428 0.001499588
20061227 0.0001229924 -0.002575678
20061228 -0.008004954 -0.001252725
20061229 0.04792407 -0.0005516965
20070103 -0.01233375 0.003180608
20070104 0.02195325 0.002522258
20070105 -0.007146475 -0.001073055
20070108 0.004925848 2.496785e-05
20070109 0.0797996 0.0002496443
20070110 0.04674617 -0.0009489799
20070111 -0.01244816 -0.002727081
20070112 -0.01239348 -0.001504325
20070116 0.0258724 0.00155443
20070117 -0.02239081 -0.001930866
20070118 -0.06392751 0.001705372
20070119 -0.006419561 -0.0009275625
20070122 -0.01951111 0.001077897
20070123 -0.01263853 -0.001830607
20070124 0.01160144 -0.0001255067
20070125 -0.005203515 -0.002513448
20070126 -0.01013822 -0.0006293504
20070129 0.006537583 -0.001385967
20070130 -0.004548328 0.0008570061
20070131 0.00210179 0.002491225
20070201 -0.0116152 -0.0004022021
20070202 0.000117993 0.0005781146
20070205 -0.009602961 0.001481463
20070206 0.002498875 0.00225564
20070207 0.02348896 0.001300943
20070208 0.0003479395 0.0004749228
20070209 -0.03435027 -0.002527181
20070212 0.01915045 -0.0004259958
20070213 -0.002949345 -0.000401103
20070214 0.007885825 0.004428273
20070215 -0.001055557 0.001471744
20070216 -0.004469975 0.0008969504
20070220 0.01253412 0.001095181
20070221 0.03769744 -0.0004727721
20070222 0.003468976 -0.001968137
20070223 -0.004928123 0.002888592
20070226 -0.004726151 0.002880272
20070227 -0.05471282 0.007336899
20070228 0.008069355 -0.002118958
20070301 0.0285447 0.0001726413
20070302 -0.01913389 0.002217023
20070305 0.01059666 -0.0007630864
20070306 0.02143365 -0.0003694445
20070307 -0.00534325 0.00164913
20070308 0.003186916 -0.0002705661
20070309 -0.0003410582 -0.004166108
20070312 0.02136807 0.00249189
20070313 -0.01649225 0.002706894
20070314 0.01793815 -0.001204893
20070315 -0.004789451 -0.0007137847
20070316 0.0002229751 -0.0004432952
20070319 0.01704294 -0.0008132185
20070320 0.003833642 0.0009610054
20070321 0.02579055 0.001673393
20070322 0.0009585405 -0.003053588
20070323 -0.004694 -0.001085776
20070326 0.02460871 0.001726818
20070327 -0.004077301 -0.0009370454
20070328 -0.02353069 -9.868746e-05
20070329 0.005455094 -0.000691085
20070330 -0.009000382 -0.0007656874
20070402 0.007933447 0.0007903772
20070403 0.009035061 -0.001037498
20070404 -0.002436967 0.00074118
20070405 0.00433957 -0.001037806
20070409 -0.01093861 -0.003343118
20070410 0.006386562 0.001759626
20070411 -0.01776995 -0.0005944567
20070412 -0.004329358 7.432642e-05
20070413 -0.02137891 -0.001090675
20070416 0.01310081 0.001759364
20070417 -0.01188232 0.002818435
20070418 0.0005528472 0.002071671
20070419 -0.001439035 -0.0005175154
20070420 0.007725085 0.0001232423
20070423 0.02753832 0.001477724
20070424 -0.002891175 0.001893218
20070425 0.02235623 -0.001228954
20070426 0.03596928 -0.002092695
20070427 0.01086773 -0.0003450996
20070430 -0.001201722 0.003199924
20070501 -0.00331248 -4.915213e-05
20070502 0.00920649 -0.0002703799
20070503 9.9995e-05 -0.001303765
20070504 0.004075683 0.001893591
20070507 0.0303837 0.0005649232
20070508 0.01091027 0.0001964202
20070509 0.01717467 -0.001842956
20070510 0.004294764 0.001106181
20070511 0.01295867 -0.0008848471
20070514 0.005685805 -0.0004427173
20070515 -0.01696815 -0.001206169
20070516 -0.001675403 0.0005909584
20070517 0.01937508 -0.002143888
20070518 0.005286004 -0.002148494
20070521 0.01765817 0.001087171
20070522 0.01383486 -0.00205179
20070523 -0.005741451 -0.001138952
20070524 -0.01968039 0.0002229406
20070525 0.02612573 -0.0002724897
20070529 0.006404448 -0.000619571
20070530 0.03792468 0.0001487321
20070531 0.02017903 -0.0006694685
20070601 -0.02329933 -0.003055485
20070604 0.02444575 0.002013198
20070605 0.01098346 -0.002286908
20070606 0.007875903 0.0002985892
20070607 0.003463993 -0.006063876
20070608 0.003387257 -0.0004506422
20070611 -0.03515164 -0.0002253973
20070612 0.001579752 -0.005021982
20070613 -0.02421483 0.002263013
20070614 0.01058181 -0.0009045909
20070615 0.01462947 0.002410426
20070618 0.03738345 0.001628767
20070619 -0.01149785 0.002775314
20070620 -0.01721025 -0.001599241
20070621 0.01914947 -0.001576754
20070622 -0.007290511 0.001551746
20070625 -0.005380449 0.00349511
20070626 -0.02223334 -0.001671136
20070627 0.01854792 0.001895404
20070628 -0.01097096 -0.002195007
20070629 0.01220126 0.004186296
20070702 -0.00641151 0.002012148
20070703 0.04758754 -0.002335463
20070705 0.04294262 -0.004662362
20070706 -0.003395759 -0.002101419
20070709 -0.01500197 0.002276338
20070710 0.01537913 0.005606164
20070711 0.0003019544 -0.001840339
20070712 0.01260917 -0.001968431
20070713 0.026934 0.0006981151
20070716 0.002682399 0.003830946
20070717 0.005847868 -0.00213755
20070718 -0.005702227 0.003229415
20070719 0.0135192 -0.000893256
20070720 0.02643354 0.002751647
20070723 -0.0003480606 -7.426938e-05
20070724 -0.06326893 0.001187649
20070725 0.01741841 0.001729463
20070726 0.06172989 0.005735189
20070727 -0.0148355 -0.00230981
20070730 -0.01696611 -0.0005413652
20070731 -0.07082276 0.001770652
20070801 0.02429253 0.0005895213
20070802 0.01097654 -0.0001227883
20070803 -0.0345873 0.001791214
20070806 0.0254611 -0.001422894
20070807 -0.001627323 -0.0006876397
20070808 -0.007583684 -0.005567614
20070809 -0.05854161 0.003329514
20070810 -0.01105893 0.0009843974
20070813 0.02207455 0.0005901736
20070814 -0.02986454 0.002062869
20070815 -0.033865 0.001421883
20070816 -0.02405706 0.004911973
20070817 0.04191132 -0.003638899
20070820 0.001310141 0.002663313
20070821 0.04284299 0.002485866
20070822 0.03799304 -0.002168696
20070823 -0.01092648 0
20070824 0.03176317 -0.001171589
20070827 -0.02280098 0.002390537
20070828 -0.04192573 0.003842137
20070829 0.05566836 -0.00140869
20070830 0.01605444 0.002136545
20070831 0.0162345 -0.001237669
20070904 0.04019812 -0.0001942832
20070905 -0.05269638 0.004894132
20070906 -0.01287857 -0.003486433
20070907 -0.02429064 0.006599408
20070910 0.03680433 0.00192567
20070911 -0.008964057 -0.002263044
20070912 0.009987954 -0.002171554
20070913 0.002553736 -0.003750988
20070914 0.01166668 0.001187318
20070917 -0.002886161 0.0001695018
20070918 0.01797154 0.0004357299
20070919 -0.001065568 -0.002204805
20070920 -0.003272348 -0.006009093
20070921 0.02700019 0.00353198
20070924 0.02824824 0.000777794
20070925 0.03251172 0.001311157
20070926 -0.00268059 4.852838e-05
20070927 0.01126036 0.002834819
20070928 -0.006689324 0.0001935406
20071001 0.01852141 0.001474517
20071002 0.01341265 0.001520582
20071003 -0.003349604 -2.411818e-05
20071004 -0.010696 0.001446062
20071005 0.03280111 -0.005409335
20071008 0.03923321 0.0004357615
20071009 -0.0002980444 -0.0004841912
20071010 -0.006394401 0.0006536027
20071011 -0.02772069 -0.0004841091
20071012 0.0304972 -0.001211299
20071015 -0.00163734 0.001041806
20071016 0.01545102 0.001161665
20071017 0.01852043 0.005403332
20071018 0.004332601 0.002186791
20071019 -0.01791146 0.004908837
20071022 0.0228558 0.0003104811
20071023 0.06548432 9.551326e-05
20071024 -0.001236764 0.004122243
20071025 -0.01708716 -0.001118236
20071026 0.01044922 -0.001405515
20071029 0.002109773 0.0005481476
20071030 0.01026612 -0.0003812883
20071031 0.01565187 -0.004754462
20071101 -0.01330208 0.005755034
20071102 0.002291373 0.003707669
20071105 -0.009036708 -0.0009493747
20071106 0.02968695 -0.001330641
20071107 -0.02904371 0.001401875
20071108 -0.05991031 0.002513696
20071109 -0.0592618 0.002365633
20071112 -0.07279222 0.0004252203
20071113 0.1001702 -0.003027725
20071114 -0.0229125 -0.0001895375
20071115 -0.0109558 0.006047453
20071116 0.01264077 -4.710427e-05
20071119 -0.01477258 0.004441579
20071120 0.02944909 0.001452739
20071121 -0.002312672 0.001731157
20071123 0.01811788 4.674645e-05
20071126 0.005824007 0.008958236
20071127 0.01305935 -0.004946194
20071128 0.03047877 -0.004970781
20071129 0.02233178 0.002523484
20071130 -0.01129556 -0.0008871665
20071203 -0.01861112 0.004823217
20071204 0.005296946 -0.0005347656
20071205 0.03115462 -0.00107039
20071206 0.02372043 -0.005111758
20071207 0.02262804 -0.006385448
20071210 -0.0004631072 -0.001154667
20071211 -0.02962759 0.008452342
20071212 0.01222793 -0.003912066
20071213 0.00506913 -0.004563855
20071214 -0.007535319 -0.003495764
20071217 -0.03196756 0.002599368
20071218 -0.007730806 0.004262491
20071219 0.0007647075 0.002605054
20071220 0.02208923 0.002317715
20071221 0.03516346 -0.007322601
20071224 0.02490527 -0.001933461
20071226 0.0007537159 -0.003593894
20071227 -0.001911826 0.004325276
20071228 0.006324955 0.005386284
20071231 -0.008795568 0.00360597
20080102 -0.01649225 0.007776342
20080103 0.0004618933 6.957409e-05
20080104 -0.07940583 0.002084975
20080107 -0.01347539 0.001526224
20080108 -0.03663494 -0.005212629
20080109 0.04649324 0.001926045
20080110 -0.007721736 -0.005462907
20080111 -0.03039735 0.003954873
20080114 0.03465743 0.001716659
20080115 -0.05602024 0.004140314
20080116 -0.05721394 -0.001339678
20080117 0.007799505 0.002585353
20080118 0.002916742 -0.0009225731
20080122 -0.03609257 0.006119182
20080123 -0.1125541 0.004462199
20080124 -0.02528191 -0.01016612
20080125 -0.04209781 0.003637707
20080128 0 0.0003216912
20080129 0.0116993 -0.003521252
20080130 0.004853204 -0.003649386
20080131 0.02377317 0.005561146
20080201 -0.0119653 0.003858437
20080204 -0.01582557 -0.002363823
20080205 -0.01754807 0.004539106
20080206 -0.05857766 -0.001190095
20080207 -0.006249487 -0.006202211
20080208 0.03437437 0.003427457
20080211 0.03114783 0.002018766
20080212 -0.0361019 -0.003949579
20080213 0.03571554 0.0001150338
20080214 -0.01510552 -0.006138245
20080215 -0.0224532 0.001618984
20080219 -0.01985379 -0.004957731
20080220 0.01333371 -0.001720091
20080221 -0.01858565 0.007047507
20080222 -0.01726214 -0.0007395083
20080225 0.002341257 -0.006075381
20080226 -0.004939178 0.002508829
20080227 0.03147541 0.0006957813
20080228 0.05498238 0.006009911
20080229 -0.03836772 0.008010785
20080303 -0.02666846 -0.0005945847
20080304 0.02346356 -0.00412608
20080305 -0.001044545 -0.006498617
20080306 -0.02901283 -9.248341e-05
20080307 0.01085586 0.003370115
20080310 -0.02116337 0.002048827
20080311 0.06203445 -0.00868446
20080312 -0.0104201 0.007579996
20080313 0.01504131 -0.002581836
20080314 -0.01045042 0.005409587
20080317 0.0009475509 0.004100949
20080318 0.04693607 -0.003963214
20080319 -0.02400175 0.005950355
20080320 0.0273846 0.001504857
20080324 0.04590219 -0.01007542
20080325 0.01033837 0.0005061893
20080326 0.02852915 0.001448126
20080327 -0.03372122 -0.001632166
20080328 0.01948787 0.002321013
20080331 0.003420145 0.002865102
20080401 0.04116306 -0.006452302
20080402 -0.01373692 -0.001936913
20080403 0.02755096 0.00117643
20080404 0.009649295 0.007075447
20080407 0.01818956 -0.002750718
20080408 -0.01975893 0.0006883892
20080409 -0.009202211 0.005695414
20080410 0.02032798 -0.004686633
20080411 -0.04913352 0.001419739
20080414 0.004340566 -0.0008699236
20080415 0.00405178 -0.003395355
20080416 0.03522621 -0.007820921
20080417 0.005126835 -0.002411651
20080418 0.04152287 0.001322491
20080421 0.04326349 0.002732242
20080422 -0.04849301 -0.0007402096
20080423 0.01665257 -0.0005323643
20080424 0.03646885 -0.005269462
20080425 0.004665101 -0.001887035
20080428 0.01467972 0.002840845
20080429 0.01618236 0.001928103
20080430 -0.006303827 0.00407625
20080501 0.03418884 0.0003466405
20080502 0.005208413 -0.003309537
20080505 0.02072965 4.636284e-05
20080506 0.0103938 -0.002018773
20080507 -0.02204522 0.00164781
20080508 0.01343731 0.003703451
20080509 -0.008738066 0.001615957
20080512 0.02535093 0.0004381666
20080513 0.009520536 -0.007684156
20080514 -0.0196702 -0.00200014
20080515 0.01845859 0.004923373
20080516 -0.0111833 0.001018802
20080519 -0.02165989 0.001179586
20080520 0.01244919 0.00267781
20080521 -0.04235859 -0.002516015
20080522 -0.006418555 -0.007283556
20080523 0.02300338 0.004714854
20080527 0.02861953 -0.004901117
20080528 0.003106171 -0.004223502
20080529 -0.001712465 -0.00299759
20080530 0.01097357 0.002319235
20080602 -0.01413949 0.004459342
20080603 -0.003930715 0.004346772
20080604 -0.0009714717 -0.002787199
20080605 0.02263684 -0.003121581
20080606 -0.02020985 0.005096649
20080609 -0.02194811 -0.004093886
20080610 0.02194738 -0.006430439
20080611 -0.02636246 0.00138311
20080612 -0.04265388 -0.006580981
20080613 -0.00515024 -0.002289978
20080616 0.02560244 0.001511502
20080617 0.02562486 0.001674154
20080618 -0.01488118 0.004747811
20080619 0.01195624 -0.002747222
20080620 -0.03161658 0.00277067
20080623 -0.01211206 -0.002394536
20080624 0.0005198648 0.003613077
20080625 0.02361496 -0.0001405251
20080626 -0.05284081 0.001380973
20080627 0.01081728 0.001706026
20080630 -0.01570264 0
20080701 0.0423303 -0.001822984
20080702 -0.037921 0.002523248
20080703 0.01146898 -0.0004434435
20080707 0.02919563 0.003937426
20080708 0.02475407 0.001487058
20080709 -0.02996242 0.002504407
20080710 0.01356656 -0.0006486887
20080711 -0.02319596 -0.007630428
20080714 0.007504769 0.004450406
20080715 -0.02468724 0.0009062918
20080716 0.01851454 -0.004796396
20080717 -0.00580381 -0.005312129
20080718 -0.03953532 -0.001925878
20080721 0.006879283 0.0008694529
20080722 -0.02601343 -0.001245667
20080723 0.02583343 -0.001953884
20080724 -0.04445985 0.008073266
20080725 0.01924365 -0.00447449
20080728 -0.04879011 0.005315612
20080729 0.01720907 -0.0008177475
20080730 0.017668 -0.0002103861
20080731 -0.005833985 0.003360877
20080801 -0.01451179 0.002164579
20080804 -0.02213825 -0.0007908081
20080805 0.04722608 -0.001327171
20080806 0.02185836 -0.001935703
20080807 -0.003783147 0.007488755
20080808 0.03590657 -0.0006257895
20080811 0.02337565 -0.002786034
20080812 0.0181002 0.004662229
20080813 0.01443728 -0.002734395
20080814 0.0001119937 0.002664969
20080815 -0.02016597 0.002334694
20080818 -0.001993987 0.001799308
20080819 -0.01066163 -0.002492213
20080820 0.01322417 0.001662165
20080821 -0.008854082 -0.002818074
20080822 0.0142421 -0.00180589
20080825 -0.02427527 0.005154353
20080826 0.006297131 -0.0002305688
20080827 0.005914475 0.00112928
20080828 -0.005338223 -0.0011754
20080829 -0.02453043 -0.000784368
20080902 -0.01989867 0.004145561
20080903 0.004622301 0.002135159
20080904 -0.0349849 0.001581209
20080905 -0.006471898 -0.0008475839
20080908 -0.01420948 0.0007101866
20080909 -0.04031587 0.004273364
20080910 -0.0004611063 -0.002374376
20080911 0.006836577 -0.0007317129
20080912 -0.02460422 -0.007669383
20080915 -0.05933289 -0.001984311
20080916 -0.003425862 -0.02365094
20080917 -0.09008336 -0.005311468
20080918 0.04780968 -0.01787111
20080919 0.04960983 -0.002714495
20080922 -0.07254274 0.008675009
20080923 -0.03265233 -0.003808702
20080924 0.01463538 0.005227227
20080925 0.0247092 -0.01447161
20080926 -0.02836758 -0.009010835
20080929 -0.1974697 0.007400725
20080930 0.07677769 -0.01122049
20081001 -0.04076366 -0.006092445
20081002 -0.08627819 0.01003518
20081003 -0.0307376 0.001744622
20081006 0.01096269 0.005484295
20081007 -0.09596259 0.001122526
20081008 0.007041153 -0.01157841
20081009 -0.01176291 -0.005542099
20081010 0.08693612 -0.01799956
20081013 0.1301946 0.0004798404
20081014 -0.05768102 0.006317427
20081015 -0.06070269 0.004930495
20081016 0.03943704 -0.004052741
20081017 -0.04506745 -0.006488467
20081020 0.01062139 0.003903156
20081021 -0.07321714 0.008583529
20081022 0.05713997 0.002140636
20081023 0.01394137 0.001590062
20081024 -0.0190126 -0.01186194
20081027 -0.04553203 -0.003195494
20081028 0.08150349 0.0009823802
20081029 0.04539584 -0.0007303958
20081030 0.06022548 0.000100776
20081031 -0.03156291 -0.0004283681
20081103 -0.005873214 0.006105777
20081104 0.03698552 0.009548456
20081105 -0.07180217 0.006874069
20081106 -0.04150765 2.464177e-05
20081107 -0.008715873 -0.002467188
20081110 -0.02431626 0.005911056
20081111 -0.01164454 0.0001473297
20081112 -0.05031062 0.008605568
20081113 0.0677792 -0.003560372
20081114 -0.06644861 0.003901112
20081117 -0.02354605 0.002940142
20081118 0.01988302 0.00705982
20081119 -0.04109599 0.001733144
20081120 -0.06958054 0.003720912
20081121 0.02563461 -0.008518472
20081124 0.118294 0.001521317
20081125 -0.02340272 0.008529502
20081126 0.04521712 0.005225807
20081128 -0.02483177 0.001830914
20081201 -0.04119498 0.009951742
20081202 0.03903512 0.0009404021
20081203 0.03642161 0.002886208
20081204 -0.04795152 0.004698631
20081205 0.02794002 -0.00331714
20081208 0.05907142 -0.002014335
20081209 0.003404199 0.005937649
20081210 -0.01866206 0.0003262491
20081211 -0.03323109 0.003813869
20081212 0.03384185 0.001970992
20081215 -0.03647728 0.00303006
20081216 0.007151368 0.009172794
20081217 -0.0679609 0.009338837
20081218 0.003023425 0.01098057
20081219 0.006353772 0
20081222 -0.04848986 2.242379e-05
20081223 0.007436282 -0.0009646772
20081224 -0.01563459 0.001009523
20081226 0.009014249 0.002373968
20081229 0.009279809 0.003193714
20081230 -0.003701843 0.002205073
20081231 -0.01095377 -0.003298274
20090102 0.06134812 -0.007956026
20090105 0.0413377 -0.0006077044
20090106 -0.01663154 -0.009432858
20090107 -0.02184487 0.001113042
20090108 0.0183987 -0.002659727
20090109 -0.02313455 0.002182861
20090112 -0.02142488 0.002268758
20090113 -0.01077282 0.0006116832
20090114 -0.02750995 -0.0004757212
20090115 -0.02311818 -0.003313666
20090116 -0.01267296 0.001658206
20090120 -0.05146594 -0.005028509
20090121 0.05752051 -0.009764897
20090122 0.06462883 -0.001221578
20090123 0 -0.003187732
20090126 0.01438208 -4.62738e-05
20090127 0.01208666 0.007537464
20090128 0.03753179 -0.00418815
20090129 -0.01282084 -0.007499514
20090130 -0.0313462 0.0002323096
20090202 0.01519497 0.005813364
20090203 0.01593634 -0.008232026
20090204 0.006111288 -0.003265157
20090205 0.03063201 0.002543076
20090206 0.03323746 -0.002870179
20090209 0.02759377 -0.0004440964
20090210 -0.04672899 0.01111303
20090211 -0.01037766 0.006774376
20090212 0.02499013 0.001124614
20090213 -0.001108614 -0.009541881
20090217 -0.04781724 0.01006933
20090218 -0.001694435 -0.006440061
20090219 -0.04032733 -0.008504379
20090220 0.006158994 0.002022574
20090223 -0.04772179 0.0006036544
20090224 0.0372505 -0.009889985
20090225 0.01003251 -0.01209821
20090226 -0.02184692 -0.0006645622
20090227 0.001344096 -0.003186534
20090302 -0.01545888 -0.001525517
20090303 0.004878083 -0.02119096
20090304 0.03119339 -0.05514529
20090305 -0.02588925 0.0006177288
20090306 -0.04066263 -0.0006692235
20090309 -0.02600933 -0.004076478
20090310 0.06427724 0.006391115
20090311 0.04471042 0.00312909
20090312 0.03883506 0.02213477
20090313 -0.004368528 0.006466374
20090316 -0.00533018 0.01457608
20090317 0.04347607 0.002474066
20090318 0.01849098 0.0226653
20090319 0.0009845152 -0.000287047
20090320 -0.0002950435 0.0005261899
20090323 0.05803303 0.001672401
20090324 -0.01082336 0.003812161
20090325 -0.0001030053 -0.003096273
20090326 0.0312467 0.004332102
20090327 -0.02787184 0.0004036902
20090330 -0.02233457 -2.374197e-05
20090331 0.006010898 -0.001496882
20090401 0.03339706 0.004294551
20090402 0.03631843 -0.006532167
20090403 0.02868561 -0.01010763
20090406 0.02098722 -0.00113208
20090407 -0.02955858 0.0006986689
20090408 0.01141263 0.006266151
20090409 0.0275568 -0.0032122
20090413 0.005421278 0.006700353
20090414 -0.01601557 0.004236286
20090415 -0.005679096 0.0007122169
20090416 0.0318736 -0.003518535
20090417 0.01609085 -0.003029185
20090420 -0.02394337 0.007378
20090421 0.01040171 -0.0003083089
20090422 -0.00205511 -0.004636077
20090423 0.03151223 0.003069348
20090424 -0.01203412 -0.00187856
20090427 0.006676661 0.003397848
20090428 -0.00666013 -0.00413597
20090429 0.00994241 -0.0005956565
20090430 0.005498854 0.000548017
20090501 0.01114368 -0.0005956849
20090504 0.03725725 0.0003812792
20090505 0.004834296 0.001476085
20090506 -0.001583253 -0.0005473259
20090507 -0.02630496 -0.009398723
20090508 0.001006493 0.0009126499
20090511 0.002936684 0.00698534
20090512 -0.04055849 0.003521968
20090513 -0.0404304 0.00492892
20090514 0.0285447 0.0005435361
20090515 -0.004320319 -0.00170249
20090518 0.03396945 -0.005267666
20090519 0.006297131 0.001426432
20090520 -0.01247448 0.004101524
20090521 -0.01351796 -0.006718206
20090522 -0.01362135 -0.002217639
20090526 0.06540565 -0.002844816
20090527 0.01720809 -0.008848977
20090528 0.01506791 0.002508746
20090529 0.005464045 0.01996465
20090601 0.02573207 -0.01527765
20090602 0.001004495 0.005476321
20090603 0.0104126 0.004497277
20090604 0.01960065 -0.008559798
20090605 0.006449159 -0.009358566
20090608 -0.005684124 0.0003383359
20090609 -0.007886013 0.00132807
20090610 -0.01745852 -0.002270861
20090611 -0.002141291 0.00480138
20090612 -0.02152297 0.004419047
20090615 -0.006445729 0.006282643
20090616 0.001909176 0.004229843
20090617 -0.005663005 0.001161261
20090618 0.002210555 -0.01069172
20090619 0.02614911 0.008059176
20090622 -0.0152436 0.006509438
20090623 -0.02476309 0.002356602
20090624 0.0163565 -0.001106911
20090625 0.02637023 0.006201716
20090626 0.01827892 0.003413292
20090629 -0.003305457 0.0007465647
20090630 0.003234763 -0.0008399245
20090701 0.002804065 -0.00182226
20090702 -0.01987011 0.004409765
20090706 -0.01012105 -0.0006520727
20090707 -0.02343138 0.003697206
20090708 0.01335246 0.009609018
20090709 -0.00628672 -0.007360185
20090710 0.01571586 0.006923318
20090713 0.0272036 -0.001449926
20090714 -0.0004921211 -0.005982993
20090715 0.03188909 -0.007862151
20090716 0.004347536 0.001982994
20090717 0.02827059 -0.004648726
20090720 0.007608978 0.005370958
20090721 -0.009191109 0.007586779
20090722 0.03393658 -0.003844199
20090723 0.006866372 -0.008668756
20090724 0.01363068 0.002267654
20090727 0.0007127459 -0.002548546
20090728 -0.0006251954 0.00191786
20090729 0.0001869825 0.003102876
20090730 0.01709996 0.003928913
20090731 0.003679223 0.01135091
20090803 0.01843503 -0.007529827
20090804 -0.005301026 -0.001202646
20090805 -0.002661539 -0.002363246
20090806 -0.007294541 0.00129816
20090807 0.009713669 -0.006787567
20090810 -0.004784427 0.006671728
20090811 -0.01154033 0.003907926
20090812 0.01511617 -0.001015979
20090813 0.01863822 0.007319632
20090814 -0.009785724 0.001947465
20090817 -0.04406788 0.00438507
20090818 0.0272581 -0.00139109
20090819 0.003652322 0.004053844
20090820 0.01045515 0.001317374
20090821 0.01722578 -0.007495792
20090824 -0.0009464477 0.005973842
20090825 0.002008981 0.002656225
20090826 -0.01181654 0.0009970994
20090827 0.01211235 -0.0008837426
20090828 0.003534745 0.00199298
20090831 -0.01087896 0.002553356
20090901 -0.0174636 -0.0007224129
20090902 -0.000714255 0.00542788
20090903 0.008259794 -0.001708518
20090904 0.02232493 -0.006636893
20090908 0.01526687 -0.001133119
20090909 -0.01040494 -0.0008393354
20090910 0.008262769 0.008564347
20090911 -0.002320691 0.001978107
20090914 0.009020195 -0.00362201
20090915 0.008254835 -0.00135318
20090916 0.03759247 0.0001579654
20090917 0.01462848 0.004974407
20090918 0.002543762 -0.004568325
20090921 -0.00541966 -0.0002030205
20090922 0.00249688 0.002568552
20090923 0.005513771 0.001079525
20090924 -0.009098264 0.003634817
20090925 -0.007919275 0.003152919
20090928 0.0205259 0.002809116
20090929 -0.004155623 0.0004674197
20090930 -0.0001620131 -0.001291501
20091001 -0.02452325 0.007679881
20091002 0.02209216 -0.002701208
20091005 0.006060597 -0.000443518
20091006 0.02120067 -0.002153857
20091007 0.001262203 0.004148141
20091008 -0.005164312 -0.004681771
20091009 0.006319987 -0.008330311
20091012 0.001783409 0.0003587605
20091013 -0.004148594 0.00525452
20091014 0.006660768 -0.007049611
20091015 -0.0038233 -0.001978329
20091016 -0.01325952 0.0024723
20091019 0.009578975 0.00210786
20091020 0.04581145 0.004380874
20091021 0.03052145 -0.004246481
20091022 0.001365068 -8.959369e-05
20091023 -0.006158927 -0.003208259
20091026 -0.007184749 -0.004030493
20091027 -0.02556091 0.00640963
20091028 -0.02550347 0.003602801
20091029 0.0203221 -0.005959467
20091030 -0.04080116 0.0070534
20091102 0.004287794 -0.001272648
20091103 -0.002962384 -0.002863793
20091104 0.01085487 -0.003209123
20091105 0.01673518 0.001055883
20091106 0.001595726 0.002265261
20091109 0.03598182 0.0008733332
20091110 0.007516679 0.0001342913
20091111 0.001329116 0.0001118956
20091112 -0.006218294 0.001632252
20091113 0.01210543 0.001607287
20091116 0.01060655 0.006735829
20091117 0.001789398 0.001107175
20091118 -0.005036663 -0.00228212
20091119 -0.02681842 0.002105054
20091120 -0.002946336 -0.0007307271
20091123 0.02937626 0.0003765019
20091124 -0.007018573 0.002764051
20091125 -0.001223748 0.002426061
20091127 -0.01778828 0.003430535
20091130 -0.003395759 0.0007899935
20091201 -0.01481622 -0.003229743
20091202 -0.003764075 -0.001365338
20091203 0.001273189 -0.00353209
20091204 -0.01621374 -0.005899853
20091207 -0.02286441 0.001511548
20091208 0.004857185 0.003392653
20091209 0.04091639 -0.001018804
20091210 -0.006950096 -0.003129337
20091211 -0.009000382 -0.002448145
20091214 0.01179615 0.0005569231
20091215 -0.01436772 -0.003569679
20091216 0.004419221 0.001540987
20091217 -0.01638755 0.007182198
20091218 0.01843601 -0.002795591
20091221 0.01422534 -0.005994647
20091222 0.01068768 -0.0023273
20091223 0.008646511 0.001410453
20091224 0.03376258 -0.004192408
20091228 0.01221904 -0.001911466
20091229 -0.0119319 0.002136104
20091230 0.01207382 0.002109137
20091231 -0.004299228 -0.002468583
20100104 0.01543526 0.0008983718
20100105 0.001727507 0.006042991
20100106 -0.01603386 -0.002591775
20100107 -0.001850712 -0.001141617
20100108 0.006626 0.0009402495
20100111 -0.008861144 -0.0002237887
20100112 -0.01144019 0.006091525
20100113 0.01400645 -0.003744238
20100114 -0.005808839 0.004478068
20100115 -0.01685322 0.002663945
20100119 0.04328743 -0.002219461
20100120 -0.01553606 0.002241631
20100121 -0.01740458 0.003386195
20100122 -0.05088075 0.0001325586
20100125 0.02657182 -0.001901688
20100126 0.01400941 0.0002213124
20100127 0.009395722 6.638417e-05
20100128 -0.0422188 -0.0009519277
20100129 -0.03693788 0.003691958
20100201 0.01379047 -0.002939196
20100202 0.005786227 0.0009954322
20100203 0.01705965 -0.004076484
20100204 -0.03670444 0.005137187
20100205 0.0176002 0.003087307
20100208 -0.00687961 -0.001476308
20100209 0.01060754 -0.002693812
20100210 -0.005489037 -0.003987776
20100211 0.01805109 -8.879812e-05
20100212 0.008570171 0.002483372
20100216 0.01495856 0.002035309
20100217 -0.004187756 -0.005340437
20100218 0.001864261 -0.002246617
20100219 -0.006218294 0.001290753
20100222 -0.006237412 4.447904e-05
20100223 -0.01689187 0.00680418
20100224 0.01808841 -2.208846e-05
20100225 0.006675668 0.003571984
20100226 0.01288661 0.003449605
20100301 0.02113214 -0.001602476
20100302 -0.0006702246 0.0004392901
20100303 0.002295364 -0.0009666931
20100304 0.006570368 0.001537482
20100305 0.03836073 -0.002967263
20100308 0.0005938237 2.201213e-05
20100309 0.0178242 0.0004621428
20100310 0.008127879 -0.001298945
20100311 0.002930701 -0.0003305093
20100312 0.004866141 0.0022673
20100315 -0.01225478 0.0005715165
20100316 0.002721294 0.003290848
20100317 -0.001471082 0.0002409032
20100318 0.002362208 -0.001358577
20100319 -0.01074148 -0.0004605819
20100322 0.0111862 0.001512545
20100323 0.01593437 -0.0008107901
20100324 0.004413247 -0.007636061
20100325 -0.01192988 -0.003075258
20100326 0.01857737 0.002655456
20100329 0.006432269 -0.0001326055
20100330 0.01475757 0.0002430966
20100331 -0.003589434 0.003110834
20100401 0.004119503 -0.001102026
20100405 0.01062238 -0.007681703
20100406 0.004393335 0.001354668
20100407 0.004415238 0.006260875
20100408 -0.002705657 -0.0007942637
20100409 0.00763875 0.0004413355
20100412 0.002065865 0.002863943
20100413 0.000577833 0.001934024
20100414 0.01335739 -0.001890027
20100415 0.01306133 0.0008795269
20100416 -0.006124718 0.004911106
20100419 -0.001334891 -0.001992229
20100420 -0.01008872 0.0005039053
20100421 0.05809342 0.003760307
20100422 0.02758307 -0.00146309
20100423 0.01623155 -0.00247246
20100426 -0.004923099 0.0007664598
20100427 -0.02807134 0.007523834
20100428 -0.001680411 -0.004922256
20100429 0.02655527 0.002964968
20100430 -0.02850751 0.004019167
20100503 0.01994575 -0.002061879
20100504 -0.02921977 0.005654567
20100505 -0.01047265 0.003493717
20100506 -0.03877201 0.009577242
20100507 -0.04310898 -0.005409406
20100510 0.07405683 -0.006819357
20100511 0.009911716 -0.0002590618
20100512 0.02148161 -0.002118187
20100513 -0.01433425 0.0008867262
20100514 -0.01772822 0.007730859
20100517 0.001574759 -2.145163e-05
20100518 -0.007342893 0.00383253
20100519 -0.01605825 -0.001304408
20100520 -0.04353714 0.002052072
20100521 0.0189974 0.002963786
20100524 0.01815716 -0.00123562
20100525 -0.006260556 0.002661076
20100526 -0.004541296 -0.005842359
20100527 0.03715705 -0.00647918
20100528 0.01383683 0.001655968
20100601 0.01525997 0.00261814
20100602 0.01189102 -0.002338831
20100603 -0.003149956 -0.002925866
20100604 -0.02756957 0.01037389
20100607 -0.01982727 0.0004263665
20100608 -0.006436671 0.0001065632
20100609 -0.02489328 -0.002069356
20100610 0.02961511 -0.006706761
20100611 0.01190486 0.007005695
20100614 0.003032398 -0.002608009
20100615 0.02105283 -0.002271511
20100616 0.02869629 0.001886146
20100617 0.01713928 0.003612311
20100618 0.008074315 -0.001580116
20100621 -0.01434642 -0.0004702462
20100622 0.01352907 0.004586137
20100623 -0.01057269 0.002677947
20100624 -0.007296555 -0.0005095325
20100625 -0.008586761 0.002269667
20100628 0.005981078 0.004102006
20100629 -0.04626386 0.003643835
20100630 -0.01827905 0.0006305303
20100701 -0.01220012 0.001343804
20100702 -0.006217287 -0.003299743
20100706 0.006820686 0.002942972
20100707 0.03956777 -0.002353684
20100708 -0.002225475 -0.0014528
20100709 0.005910499 -0.002003692
20100712 -0.00903469 0.001835114
20100713 -0.02155771 -0.003356381
20100714 0.003682212 0.003946277
20100715 -0.00506581 0.004224426
20100716 -0.006183076 0.002931878
20100719 -0.01743816 -0.001443923
20100720 0.02536946 0.002238237
20100721 0.009285754 0.002733468
20100722 0.01864215 -0.002065061
20100723 0.003529763 -0.003074191
20100726 -0.002542229 0.0001675463
20100727 0.01834372 -0.002999132
20100728 -0.01188535 0.003669036
20100729 -0.01098107 4.185414e-05
20100730 -0.003337563 0.004697442
20100802 0.01772302 -0.002899369
20100803 0.0003049535 0.003628103
20100804 0.004000985 -0.00214608
20100805 -0.004878882 0.001937925
20100806 -0.006166977 0.003885356
20100809 0.00635874 -0.0004148259
20100810 -0.008980202 0.001637561
20100811 -0.03618899 0.003721165
20100812 0.006374639 -0.0005160012
20100813 -0.01074047 0.002309613
20100816 -0.005878243 0.006610576
20100817 0.0173339 -0.003402479
20100818 0.004356497 0.001087592
20100819 -0.01268512 0.003787069
20100820 -0.0009604611 -0.001185755
20100823 -0.01550153 0
20100824 -0.02417077 0.005589342
20100825 0.01226152 -0.001628698
20100826 -0.01080416 0.00199479
20100827 0.005561506 -0.007142596
20100830 0.003635384 0.003965339
20100831 0.002470945 0.00421379
20100901 0.02930731 -0.006582927
20100902 0.00732312 -0.001862484
20100903 0.02583635 -0.003139269
20100907 -0.003716899 0.005921481
20100908 0.01962712 -0.002884647
20100909 0.0005698376 -0.006041694
20100910 0.001291166 -0.001732924
20100913 0.01368691 0.003668594
20100914 0.003812722 0.003757666
20100915 0.008025708 -0.002873447
20100916 0.02322715 -0.00174863
20100917 -0.004348441 0.0007615441
20100920 0.02814324 0.002773699
20100921 0.001905184 0.004217688
20100922 0.01392756 0.002448731
20100923 0.004057756 -0.0001019108
20100924 0.0116993 -0.002939498
20100927 -0.003962842 0.005606139
20100928 -0.01489234 0.002639274
20100929 0.001776421 -0.002415681
20100930 -0.01267701 -0.0005285735
20101001 -0.004344423 -0.001220852
20101004 -0.01382817 0.001586818
20101005 0.03629818 0.001279825
20101006 0.0008646261 0.003809451
20101007 0.0001039946 -0.000667631
20101008 0.01662995 0.0003035239
20101011 0.004377405 0.0003034318
20101012 0.01070945 -0.00234894
20101013 0.005344692 -0.001054767
20101014 0.007203989 -0.002845299
20101015 0.04029418 -0.00411968
20101018 0.01030472 0.004770749
20101019 -0.02712559 0.001341491
20101020 0.003354368 0.0003046335
20101021 -0.003258303 -0.00239896
20101022 -0.006645029 -0.0004886292
20101025 0.004446101 0.0009973642
20101026 -0.002561277 -0.004996798
20101027 -0.000714255 -0.00272304
20101028 -0.008449598 0.001986708
20101029 -0.0140543 0.003472368
20101101 0.01057588 -0.0002243181
20101102 0.01688563 0.002891882
20101103 0.01105863 -0.002178317
20101104 0.01733586 0.004777937
20101105 -0.003588431 -0.002945391
20101108 0.004686999 -0.001343539
20101109 -0.008003946 -0.006068364
20101110 0.00615005 0.002170042
20101111 -0.004332371 0.0001022443
20101112 -0.02761583 -0.005536204
20101115 -0.003235228 -0.007657495
20101116 -0.01789313 0.003970229
20101117 -0.003620546 4.127371e-05
20101118 0.02604682 -0.001404263
20101119 -0.005527247 0.001404263
20101122 0.02138471 0.003789912
20101123 -0.01488524 0.002484473
20101124 0.01945453 -0.00778198
20101126 0.003060312 0.003466136
20101129 0.003508837 0.001708013
20101130 -0.01821693 0.002156568
20101201 0.01673223 -0.008509462
20101202 0.00551576 -0.002133544
20101203 -0.002234495 0.0004975434
20101206 0.008500766 0.004611209
20101207 -0.006078436 -0.01059813
20101208 0.008760514 -0.003383462
20101209 -0.003909633 0.0009828011
20101210 0.002506855 -0.001526893
20101213 0.003457018 0.002341677
20101214 -0.004299228 -0.008030488
20101215 0.0002179762 -0.002402783
20101216 0.002774148 0.001602497
20101217 -0.001993987 0.008392127
20101220 0.004978586 -0.00114975
20101221 0.006172908 0.001024387
20101222 0.002941669 -0.001359108
20101223 -0.004809547 -0.002597894
20101227 0.003331445 0.00257697
20101228 0.002430045 -0.006170657
20101229 -0.000553153 0.007843177
20101230 -0.005023597 -0.001400546
20101231 -0.00340479 0.004466529
20110103 0.02149923 -0.001834289
20110104 0.005205428 -0.0005425936
20110105 0.008146725 -0.007375005
20110106 -0.0008083266 0.003212298
20110107 0.007135482 0.004496646
20110110 0.0186716 0.001647189
20110111 -0.002382837 -0.0007085843
20110112 0.008104073 -0.00110556
20110113 0.003651326 0.002543046
20110114 0.008067371 -0.001270714
20110118 -0.02272527 -0.001710722
20110119 -0.005327164 0.001794097
20110120 -0.01834729 -0.005916002
20110121 -0.01807742 0.002408252
20110124 0.03231423 0.0008780917
20110125 0.01163703 0.004836567
20110126 0.007150375 -0.005526431
20110127 -0.001862734 0.002402015
20110128 -0.02093359 0.002750002
20110131 0.009534403 -0.002708279
20110201 0.01668798 -0.002443738
20110202 -0.002060121 -0.003015899
20110203 -0.002559272 -0.001889566
20110204 0.00887054 -0.005647947
20110207 0.01540769 0.0009505805
20110208 0.009390768 -0.003998524
20110209 0.008298472 0.004610642
20110210 -0.01015842 -0.003381881
20110211 0.006493869 0.003086422
20110214 0.006507778 0.002276993
20110215 0.002002993 -0.0001263637
20110216 0.008934964 -0.0001263796
20110217 -0.01339025 0.00229341
20110218 -0.02183874 -0.0008620418
20110222 -0.03468255 0.006896507
20110223 0.01177342 -0.001128692
20110224 0.0007587121 0.002506476
20110225 0.01528164 0.001188379
20110228 0.01440081 0.001935908
20110301 -0.01110342 0.0002287306
20110302 0.008011819 -0.002539763
20110303 0.02090888 -0.00608413
20110304 0.001223252 0.005103973
20110307 -0.01297278 -0.0003547616
20110308 0.001125367 -0.002256724
20110309 -0.009291028 0.004029275
20110310 -0.01659189 0.003950848
20110311 0.01522944 0.0002697515
20110314 0.004450084 0.002279605
20110315 -0.02326351 0.0006828693
20110316 -0.04566705 0.005631377
20110317 0.01393249 -0.002368327
20110318 -0.01193393 -0.001320459
20110321 0.02576326 -0.002004651
20110322 0.005584378 -0.0001448211
20110323 -0.00590842 -6.20726e-05
20110324 0.01689743 -0.00227866
20110325 0.01886591 -0.002200723
20110328 -0.003133906 0.0002078224
20110329 0.0014829 -0.002496724
20110330 -0.006661136 0.001873127
20110331 -0.0003510616 0.0005196911
20110401 -0.01139164 -0.0001454863
20110404 -0.009829148 0.001682191
20110405 -0.006763823 -0.002576357
20110406 -0.00251115 -0.003167197
20110407 0.000117993 -0.000125227
20110408 -0.008973138 -0.0003966556
20110411 -0.01279551 0.0003549098
20110412 0.004825339 0.003833338
20110413 0.01115851 0.002035688
20110414 -0.01109836 -0.0007888564
20110415 -0.01503344 0.00455846
20110418 0.01331693 0.001425429
20110419 0.01794895 0.0005984873
20110420 0.01337713 -0.001941227
20110421 0.02391084 -0.0005169188
20110425 0.006573348 0.002251811
20110426 -0.007361026 0.003111127
20110427 -0.0007712974 -0.002512875
20110428 -0.009757449 0.00304759
20110429 0.009700795 0.001848733
20110502 -0.0110569 0.0004513932
20110503 0.005529683 0.00200828
20110504 0.003927278 0.001513788
20110505 -0.008099714 0.002816903
20110506 -0.0002600338 0.0001019129
20110509 0.002708329 0.0008760225
20110510 0.005307888 -0.002630373
20110511 -0.006373266 0.002304501
20110512 -0.001902809 -0.002488274
20110513 -0.0176702 0.002630856
20110516 -0.02137176 0.002278554
20110517 0.008484901 0.002273374
20110518 0.01103588 -0.003391658
20110519 0.001940117 -0.0003459046
20110520 -0.01571585 0.0005900005
20110523 -0.002448996 0.001605479
20110524 -0.006630936 0.0001827393
20110525 0.01372242 -0.0007921114
20110526 -0.005299015 0.003650675
20110527 0.007168247 -0.0004859874
20110531 0.03041475 0.0009717387
20110601 -0.006692344 0.003776752
20110602 0.001711534 -0.004545967
20110603 -0.007720728 0.001719795
20110606 -0.01584792 -0.0005055152
20110607 -0.0179084 6.067532e-05
20110608 0.0006018189 0.00349273
20110609 -0.002259551 -0.0023608
20110610 -0.0170068 0.002098764
20110613 0.002145696 -0.001513089
20110614 0.01772302 -0.004938482
20110615 -0.01726417 0.006310445
20110616 -0.004877878 0.002315958
20110617 -0.01518369 -0.002013572
20110620 -0.0155452 -8.062728e-05
20110621 0.03115946 -0.001068926
20110622 -0.008303378 -0.0001614466
20110623 0.02636926 0.004691488
20110624 -0.01484261 0.001064097
20110627 0.01728475 -0.004464742
20110628 0.009651276 -0.00511262
20110629 -0.003645637 -0.002718496
20110630 0.004868131 -0.001036596
20110701 0.02235916 -0.00166894
20110705 0.01781536 0.003538099
20110706 0.006645867 0.002797205
20110707 0.01534664 -0.002655129
20110708 0.007002426 0.007440841
20110711 -0.01600134 0.005063607
20110712 -0.0007062493 0.0004408464
20110713 0.01199873 0.001041229
20110714 -0.0006982437 -0.002765644
20110715 0.01978792 0.001022977
20110718 0.02404265 -0.0009828405
20110719 0.008125895 0.002305141
20110720 0.02631861 -0.002666428
20110721 0.001007492 -0.003640207
20110722 0.01539883 0.003037773
20110725 0.01313437 -0.002312698
20110726 0.01224571 0.003396817
20110727 -0.02718725 -0.001184561
20110728 -0.001962925 0.00228755
20110729 -0.003425862 0.007925696
20110801 0.01592945 0.003513477
20110802 -0.01995886 0.007442611
20110803 0.009366992 0.001140116
20110804 -0.03948851 0.007028151
20110805 -0.009986702 -0.007322884
20110808 -0.05617678 0.004392336
20110809 0.05722025 0.007271483
20110810 -0.02798084 0.003432132
20110811 0.02715105 -0.009960397
20110812 0.008765471 0.004817501
20110815 0.01688662 -0.003527959
20110816 -0.00767135 0.004675272
20110817 -0.0001050055 0.002329465
20110818 -0.03855893 0.004218028
20110819 -0.02775462 0.001504891
20110822 0.001151337 -0.0007907502
20110823 0.04702003 -0.002859629
20110824 0.006882263 -0.008589248
20110825 -0.006560473 0.001443171
20110826 0.02604097 0.003385217
20110829 0.01652176 -0.003833547
20110830 5.09987e-05 0.005560647
20110831 -0.01331931 -0.002659808
20110901 -0.009923071 0.004306505
20110902 -0.01848887 0.008269847
20110906 0.01509746 0.00212866
20110907 0.01097357 -0.003761784
20110908 0.0005468505 0.002439096
20110909 -0.01748905 0.003561516
20110912 0.006495856 -0.001224037
20110913 0.01224275 -0.00604649
20110914 0.01209456 0.0002695106
20110915 0.009357086 -0.003490001
20110916 0.01900623 0.0005020759
20110919 0.02741087 0.008439518
20110920 0.004411256 -0.001340945
20110921 -0.003173029 0.003826511
20110922 -0.02535883 0.007893602
20110923 0.006153031 -0.005147552
20110926 -0.002798913 -0.006150927
20110927 -0.009745332 -0.005148412
20110928 -0.005650937 0.001731902
20110929 -0.016354 0.002611419
20110930 -0.02396795 0.003331167
