date            rtn
20010102       0.000000
20010103       0.100840
20010104       0.041985
20010105      -0.040293
20010108       0.011450
20010109       0.037736
20010110      -0.036364
20010111       0.086792
20010112      -0.045139
20010116      -0.003636
20010117      -0.018248
20010118       0.111524
20010119       0.043478
20010122      -0.012821
20010123       0.064935
20010124       0.000000
20010125      -0.027439
20010126      -0.018809
20010129       0.108626
20010130       0.002882
20010131      -0.005747
20010201      -0.023121
20010202      -0.023669
20010205      -0.021212
20010206       0.046440
20010207      -0.017751
20010208       0.000000
20010209      -0.078313
20010212       0.029412
20010213      -0.028571
20010214       0.019608
20010215       0.028846
20010216      -0.052960
20010220      -0.036184
20010221       0.030717
20010222      -0.003311
20010223       0.000000
20010226       0.036545
20010227      -0.006410
20010228      -0.058065
20010301       0.027397
20010302       0.026667
20010305       0.058442
20010306       0.055215
20010307      -0.011628
20010308      -0.020588
20010309      -0.027027
20010312      -0.080247
20010313       0.050336
20010314       0.044728
20010315      -0.036697
20010316      -0.003175
20010319       0.047771
20010320      -0.042553
20010321       0.022222
20010322       0.074534
20010323       0.063584
20010326      -0.053043
20010327       0.050046
20010328      -0.030608
20010329       0.016238
20010330      -0.020417
20010402      -0.021749
20010403      -0.062529
20010404      -0.036561
20010405       0.070256
20010406      -0.013416
20010409      -0.002428
20010410       0.073028
20010411      -0.010889
20010412       0.028440
20010416      -0.043711
20010417      -0.048508
20010418       0.117157
20010419       0.128565
20010420      -0.026439
20010423      -0.031550
20010424      -0.009072
20010425       0.028714
20010426      -0.001214
20010427       0.061158
20010430      -0.027099
20010501       0.017262
20010502       0.025453
20010503      -0.061301
20010504       0.031651
20010507      -0.030680
20010508      -0.015625
20010509      -0.024013
20010510      -0.040867
20010511      -0.006522
20010514       0.019256
20010515      -0.004723
20010516       0.039698
20010517      -0.022830
20010518      -0.000849
20010521       0.001275
20010522      -0.002547
20010523      -0.011489
20010524      -0.001291
20010525      -0.018966
20010529      -0.056678
20010530      -0.078714
20010531       0.008595
20010601       0.047118
20010604      -0.011010
20010605       0.013553
20010606      -0.010029
20010607       0.044863
20010608      -0.015697
20010611      -0.060037
20010612       0.013473
20010613       0.007878
20010614      -0.028823
20010615       0.028169
20010618      -0.005382
20010619      -0.006886
20010620       0.073304
20010621       0.037840
20010622      -0.010227
20010625       0.077718
20010626      -0.010004
20010627      -0.017263
20010628       0.008569
20010629      -0.012319
20010702       0.027957
20010703      -0.002510
20010705      -0.027265
20010706      -0.050022
20010709       0.030413
20010710      -0.068723
20010711       0.066225
20010712       0.080745
20010713       0.020115
20010716      -0.035815
20010717       0.047579
20010718      -0.171713
20010719      -0.039923
20010720       0.001002
20010723      -0.022022
20010724      -0.023030
20010725      -0.032478
20010726       0.006497
20010727       0.019903
20010730      -0.001582
20010731      -0.007396
20010801       0.014369
20010802       0.039874
20010803      -0.016145
20010806      -0.018974
20010807       0.006273
20010808      -0.018182
20010809       0.007936
20010810      -0.001575
20010813       0.003680
20010814      -0.018858
20010815      -0.015483
20010816       0.011388
20010817      -0.031099
20010820       0.002767
20010821      -0.011038
20010822       0.016183
20010823      -0.021966
20010824       0.042673
20010827       0.018848
20010828      -0.027484
20010829      -0.030978
20010830       0.000000
20010831       0.040381
20010904      -0.016172
20010905       0.016438
20010906      -0.044744
20010907      -0.024831
20010910       0.005208
20010917      -0.021877
20010918      -0.041789
20010919       0.045455
20010920      -0.078731
20010921       0.003189
20010924       0.045772
20010925      -0.055319
20010926      -0.025097
20010927       0.023762
20010928       0.000000
20011001       0.001934
20011002      -0.031532
20011003      -0.004651
20011004       0.060080
20011005       0.016373
20011008       0.003718
20011009      -0.012346
20011010       0.051250
20011011       0.054697
20011012       0.015220
20011015      -0.001111
20011016       0.001112
20011017      -0.056635
20011018       0.059447
20011019       0.016667
20011022       0.039344
20011023      -0.046267
20011024       0.044653
20011025       0.012665
20011026      -0.027097
20011029      -0.055704
20011030      -0.001702
20011031      -0.002273
20011101       0.058656
20011102      -0.001076
20011105       0.026925
20011106       0.026219
20011107       0.001022
20011108      -0.044921
20011109       0.000000
20011112       0.002138
20011113       0.033067
20011114       0.012390
20011115      -0.008159
20011116      -0.024679
20011119       0.054296
20011120      -0.023500
20011121       0.007680
20011123       0.008130
20011126       0.077117
20011127      -0.017314
20011128      -0.022381
20011129      -0.005358
20011130       0.043095
20011203      -0.011737
20011204       0.064133
20011205       0.060714
20011206      -0.041246
20011207      -0.010536
20011210       0.000000
20011211      -0.033718
20011212      -0.013315
20011213      -0.022801
20011214      -0.029048
20011217       0.011280
20011218       0.018914
20011219       0.029034
20011220      -0.043941
20011221       0.015965
20011224       0.017143
20011226       0.006086
20011227       0.026989
20011228       0.016312
20011231      -0.023629
20020102       0.063927
20020103       0.012017
20020104       0.004665
20020107      -0.033347
20020108      -0.012664
20020109      -0.042459
20020110      -0.019400
20020111      -0.008479
20020114       0.004751
20020115       0.026005
20020116      -0.042396
20020117       0.081809
20020118      -0.013790
20020122      -0.015787
20020123       0.054995
20020124       0.008254
20020125       0.001723
20020128       0.000860
20020129      -0.008595
20020130       0.044213
20020131       0.026152
20020201      -0.012540
20020204       0.038509
20020205       0.003945
20020206      -0.030648
20020207      -0.014998
20020208      -0.011111
20020211       0.039534
20020212      -0.010809
20020213       0.012141
20020214      -0.016393
20020215      -0.028455
20020219      -0.053556
20020220       0.022546
20020221      -0.070471
20020222       0.057674
20020225       0.047054
20020226      -0.005880
20020227      -0.072243
20020228      -0.011840
20020301       0.080645
20020304       0.035821
20020305      -0.031289
20020306       0.022949
20020307       0.012879
20020308       0.011485
20020311       0.016221
20020312      -0.013567
20020313      -0.009304
20020314      -0.002450
20020315       0.021285
20020318      -0.008417
20020319       0.004446
20020320       0.002817
20020321      -0.026083
20020322      -0.007417
20020325      -0.030718
20020326       0.004711
20020327       0.000426
20020328       0.008522
20020401       0.033376
20020402      -0.015944
20020403      -0.013295
20020404       0.048421
20020405      -0.006426
20020408      -0.007276
20020409      -0.018730
20020410       0.023236
20020411       0.008110
20020412       0.008045
20020415      -0.002394
20020416       0.029600
20020417       0.014375
20020418      -0.026810
20020419      -0.016922
20020422      -0.018014
20020423      -0.011415
20020424      -0.019794
20020425       0.014724
20020426      -0.046020
20020429       0.041286
20020430       0.012938
20020501      -0.011949
20020502      -0.012093
20020503      -0.007598
20020506      -0.036580
20020507      -0.007947
20020508       0.084557
20020509      -0.007386
20020510      -0.035965
20020513       0.026587
20020514       0.069758
20020515      -0.012886
20020516      -0.002769
20020517      -0.007933
20020520      -0.010796
20020521      -0.051738
20020522       0.036658
20020523       0.035362
20020524      -0.040906
20020528      -0.007039
20020529       0.000000
20020530       0.009174
20020531      -0.037190
20020603      -0.016738
20020604      -0.005674
20020605      -0.002634
20020606      -0.024648
20020607      -0.034296
20020610       0.003738
20020611      -0.047486
20020612      -0.018084
20020613      -0.027377
20020614       0.028659
20020617       0.021891
20020618      -0.018987
20020619      -0.150372
20020620      -0.000584
20020621      -0.015196
20020624       0.024926
20020625      -0.007528
20020626      -0.034422
20020627       0.030816
20020628       0.038687
20020701      -0.037246
20020702      -0.007034
20020703       0.036009
20020705       0.067806
20020708      -0.038954
20020709      -0.026652
20020710      -0.011980
20020711       0.056582
20020712      -0.043716
20020715       0.041714
20020716      -0.020296
20020717      -0.124860
20020718      -0.040947
20020719      -0.002001
20020722      -0.002674
20020723      -0.030161
20020724       0.050449
20020725      -0.055263
20020726      -0.001393
20020729       0.047420
20020730       0.027297
20020731      -0.011018
20020801      -0.030144
20020802      -0.023649
20020805      -0.031834
20020806       0.053610
20020807       0.019810
20020808       0.017829
20020809      -0.019608
20020812      -0.000667
20020813      -0.026684
20020814       0.039753
20020815       0.029005
20020816       0.012812
20020819       0.010753
20020820      -0.004380
20020821       0.013199
20020822      -0.009305
20020823      -0.015028
20020826      -0.012715
20020827      -0.043786
20020828      -0.010101
20020829       0.000000
20020830       0.003401
20020903      -0.047458
20020904       0.030605
20020905      -0.020718
20020906       0.014104
20020909      -0.000695
20020910      -0.002784
20020911      -0.002791
20020912      -0.010497
20020913       0.002122
20020916       0.023289
20020917       0.020690
20020918       0.014865
20020919      -0.029294
20020920       0.019890
20020923      -0.001345
20020924      -0.014141
20020925       0.019809
20020926      -0.015405
20020927       0.001361
20020930      -0.014946
20021001       0.000690
20021002      -0.023432
20021003       0.009174
20021004      -0.018881
20021007      -0.018532
20021008      -0.005955
20021009      -0.006502
20021010       0.038238
20021011       0.027693
20021014       0.017919
20021015       0.026405
20021016      -0.039578
20021017      -0.030907
20021018       0.016301
20021021       0.015342
20021022       0.009615
20021023       0.012245
20021024      -0.012769
20021025       0.049694
20021028       0.012322
20021029      -0.010890
20021030       0.034974
20021031       0.005632
20021101       0.018046
20021104       0.032396
20021105       0.000592
20021106       0.018935
20021107      -0.070848
20021108      -0.010000
20021111      -0.042929
20021112       0.031662
20021113      -0.003197
20021114       0.045542
20021115      -0.021472
20021118      -0.018809
20021119      -0.024281
20021120       0.017027
20021121       0.052801
20021122      -0.020795
20021125      -0.002498
20021126      -0.035066
20021127       0.020117
20021129      -0.013995
20021202      -0.020645
20021203      -0.001318
20021204      -0.012533
20021205      -0.022712
20021206       0.021873
20021209      -0.013378
20021210       0.035932
20021211       0.013743
20021212      -0.019367
20021213      -0.026333
20021216       0.004057
20021217       0.015488
20021218      -0.033820
20021219      -0.025395
20021220      -0.004225
20021223       0.024752
20021224      -0.008972
20021226       0.002786
20021227      -0.023611
20021230       0.000711
20021231       0.018479
20030102       0.032798
20030103       0.006757
20030106       0.000000
20030107      -0.003356
20030108      -0.020202
20030109       0.008935
20030110       0.002725
20030113      -0.006114
20030114      -0.001367
20030115      -0.012320
20030116       0.013167
20030117      -0.035568
20030121      -0.005674
20030122      -0.009986
20030123       0.020893
20030124      -0.026111
20030127       0.023913
20030128       0.031847
20030129       0.024006
20030130      -0.040857
20030131       0.002793
20030203       0.020891
20030204      -0.004093
20030205      -0.010274
20030206      -0.001384
20030207      -0.019404
20030210       0.014134
20030211       0.000000
20030212       0.002787
20030213       0.010424
20030214       0.008941
20030218       0.040900
20030219      -0.027505
20030220      -0.005387
20030221       0.015572
20030224      -0.017333
20030225       0.018996
20030226      -0.034621
20030227       0.024828
20030228       0.010094
20030303      -0.023984
20030304      -0.006143
20030305       0.004121
20030306      -0.004104
20030307      -0.002060
20030310      -0.011012
20030311      -0.009743
20030312      -0.000703
20030313       0.035162
20030314       0.004076
20030317       0.015562
20030318      -0.000666
20030319      -0.003333
20030320      -0.002676
20030321       0.006036
20030324      -0.042000
20030325       0.012526
20030326      -0.009622
20030327       0.005552
20030328       0.005521
20030331      -0.029513
20030401       0.001414
20030402       0.031073
20030403      -0.009589
20030404      -0.003458
20030407       0.005552
20030408      -0.002761
20030409      -0.017993
20030410       0.012685
20030411      -0.081420
20030414       0.028788
20030415      -0.013991
20030416      -0.011202
20030417      -0.009063
20030421       0.001524
20030422       0.028158
20030423       0.005181
20030424      -0.010309
20030425      -0.006696
20030428       0.038202
20030429       0.014430
20030430       0.011380
20030501       0.009845
20030502       0.006267
20030505       0.113495
20030506       0.087632
20030507       0.008571
20030508       0.019830
20030509       0.016667
20030512       0.014208
20030513       0.005927
20030514      -0.006427
20030515       0.009704
20030516       0.003737
20030519      -0.037234
20030520      -0.017127
20030521       0.003373
20030522       0.021849
20030523       0.004386
20030527       0.030568
20030528      -0.031780
20030529      -0.009847
20030530      -0.008287
20030602      -0.027855
20030603      -0.008023
20030604       0.016753
20030605       0.002273
20030606      -0.027778
20030609      -0.020991
20030610       0.023228
20030611       0.015716
20030612       0.018338
20030613      -0.019696
20030616       0.048795
20030617      -0.004379
20030618       0.051127
20030619       0.001046
20030620       0.003135
20030623      -0.007292
20030624      -0.014690
20030625       0.016507
20030626       0.010477
20030627      -0.029031
20030630       0.017619
20030701       0.001574
20030702       0.009429
20030703      -0.007265
20030707       0.038683
20030708       0.026673
20030709      -0.025000
20030710      -0.015586
20030711       0.013790
20030714       0.002519
20030715      -0.014573
20030716       0.013259
20030717       0.051837
20030718      -0.001962
20030721      -0.011937
20030722       0.009219
20030723      -0.000481
20030724      -0.013468
20030725       0.050219
20030728      -0.025534
20030729      -0.012863
20030730      -0.021235
20030731       0.039448
20030801      -0.016603
20030804       0.023155
20030805      -0.039132
20030806      -0.036801
20030807       0.015283
20030808      -0.014551
20030811       0.001018
20030812       0.002035
20030813       0.024365
20030814      -0.010406
20030815      -0.013020
20030818       0.031964
20030819      -0.000983
20030820       0.033957
20030821       0.031890
20030822      -0.036900
20030825      -0.000958
20030826       0.009108
20030827       0.020428
20030828       0.033054
20030829       0.018927
20030902       0.010615
20030903       0.004376
20030904      -0.005229
20030905      -0.014455
20030908       0.010667
20030909      -0.016271
20030910      -0.008494
20030911       0.017133
20030912       0.023936
20030915      -0.038528
20030916       0.006754
20030917      -0.010733
20030918       0.034358
20030919      -0.013112
20030922      -0.022143
20030923       0.015851
20030924      -0.049487
20030925      -0.041745
20030926       0.012726
20030929       0.029483
20030930      -0.027230
20031001       0.003378
20031002      -0.010582
20031003       0.054448
20031006       0.027663
20031007       0.041723
20031008      -0.006891
20031009       0.016912
20031010       0.009808
20031013       0.028294
20031014       0.008214
20031015       0.010998
20031016      -0.063255
20031017      -0.021505
20031020       0.020659
20031021      -0.001723
20031022      -0.018119
20031023       0.010105
20031024      -0.016964
20031027       0.000000
20031028       0.049557
20031029      -0.001265
20031030      -0.025327
20031031      -0.008662
20031103       0.011359
20031104      -0.010367
20031105       0.005238
20031106       0.003908
20031107      -0.026817
20031110      -0.026667
20031111      -0.016438
20031112       0.036676
20031113       0.004030
20031114      -0.042819
20031117      -0.015377
20031118      -0.034075
20031119       0.000485
20031120      -0.002199
20031121      -0.004663
20031124       0.042899
20031125      -0.022222
20031126       0.001934
20031128       0.009170
20031201       0.038259
20031202      -0.007830
20031203      -0.023677
20031204       0.005706
20031205      -0.014184
20031208       0.009592
20031209      -0.028503
20031210      -0.003423
20031211       0.040726
20031212      -0.015087
20031215      -0.034466
20031216      -0.002479
20031217      -0.011929
20031218       0.008048
20031219      -0.016966
20031222       0.007614
20031223      -0.002015
20031224       0.030288
20031226       0.018128
20031229       0.017806
20031230       0.006147
20031231       0.004229
20040102      -0.004212
20040105       0.041823
20040106      -0.003608
20040107       0.022635
20040108       0.034086
20040109      -0.015411
20040112       0.031739
20040113       0.016435
20040114       0.003317
20040115      -0.055785
20040116      -0.005689
20040120       0.000440
20040121      -0.005279
20040122      -0.019018
20040123       0.017133
20040126       0.019947
20040127       0.002608
20040128      -0.023840
20040129       0.007105
20040130      -0.005291
20040202      -0.010638
20040203      -0.002688
20040204      -0.021114
20040205       0.028912
20040206       0.012935
20040209      -0.001893
20040210       0.013809
20040211       0.035683
20040212      -0.002941
20040213      -0.030763
20040217       0.006957
20040218       0.004318
20040219      -0.033964
20040220      -0.003115
20040223      -0.009375
20040224       0.007661
20040225       0.020125
20040226       0.010083
20040227       0.038194
20040301       0.004181
20040302      -0.008743
20040303       0.004620
20040304       0.051839
20040305       0.062798
20040308      -0.027674
20040309       0.042308
20040310       0.021402
20040311      -0.019147
20040312       0.015101
20040315      -0.040276
20040316      -0.023819
20040317       0.014330
20040318      -0.019855
20040319       0.007402
20040322       0.000000
20040323      -0.022042
20040324       0.008304
20040325       0.053726
20040326       0.006327
20040329       0.032175
20040330       0.000358
20040331      -0.031519
20040401       0.002589
20040402       0.014386
20040405       0.029818
20040406      -0.017302
20040407      -0.018685
20040408       0.008056
20040412       0.018525
20040413      -0.039586
20040414      -0.010769
20040415       0.099850
20040416      -0.004096
20040419      -0.028444
20040420      -0.021870
20040421       0.000000
20040422       0.001803
20040423      -0.002880
20040426      -0.020578
20040427      -0.007003
20040428      -0.018189
20040429       0.012098
20040430      -0.036982
20040503       0.011249
20040504       0.002685
20040505       0.019510
20040506      -0.002627
20040507       0.003386
20040510      -0.014623
20040511       0.032724
20040512       0.005895
20040513      -0.004029
20040514      -0.004781
20040517      -0.015521
20040518       0.015766
20040519      -0.021803
20040520       0.009067
20040521       0.014976
20040524       0.008484
20040525       0.039137
20040526       0.003520
20040527      -0.011926
20040528      -0.003905
20040601       0.000000
20040602       0.030649
20040603      -0.017981
20040604       0.013380
20040607       0.035789
20040608       0.018115
20040609      -0.004942
20040610       0.017881
20040614      -0.020169
20040615       0.018924
20040616       0.066797
20040617       0.002138
20040618       0.003048
20040621      -0.017624
20040622       0.020724
20040623       0.021212
20040624      -0.015430
20040625       0.015672
20040628      -0.035905
20040629       0.000308
20040630       0.001231
20040701      -0.007376
20040702      -0.037771
20040706      -0.004183
20040707      -0.018094
20040708      -0.008226
20040709      -0.003650
20040712      -0.029637
20040713       0.002745
20040714       0.012320
20040715       0.113252
20040716      -0.022168
20040719      -0.007143
20040720       0.007194
20040721      -0.018012
20040722       0.001898
20040723      -0.030934
20040726       0.018241
20040727       0.037428
20040728      -0.004934
20040729       0.011466
20040730      -0.009191
20040802      -0.023500
20040803      -0.009183
20040804       0.015980
20040805      -0.012583
20040806      -0.051290
20040809       0.017461
20040810       0.040264
20040811      -0.016180
20040812      -0.020638
20040813       0.015476
20040816      -0.001946
20040817       0.002924
20040818       0.028183
20040819      -0.032451
20040820       0.002931
20040823       0.009091
20040824       0.027992
20040825       0.034429
20040826       0.048714
20040827      -0.008944
20040830      -0.006696
20040831       0.010844
20040901       0.039722
20040902      -0.005577
20040903      -0.012058
20040907       0.015044
20040908       0.016499
20040909      -0.017882
20040910       0.004762
20040913      -0.007806
20040914      -0.002810
20040915      -0.008171
20040916       0.032670
20040917       0.021733
20040920       0.015347
20040921       0.007955
20040922      -0.028677
20040923       0.009480
20040924       0.000537
20040927       0.006436
20040928       0.013589
20040929       0.016824
20040930       0.001810
20041001      -0.002065
20041004       0.003103
20041005       0.014952
20041006       0.032258
20041007      -0.025098
20041008      -0.014134
20041011      -0.012033
20041012      -0.007774
20041013       0.038130
20041014       0.131572
20041015       0.011561
20041018       0.049451
20041019      -0.006911
20041020       0.001054
20041021       0.009901
20041022      -0.011055
20041025       0.002953
20041026       0.008833
20041027       0.048572
20041028       0.037575
20041029       0.004024
20041101       0.000954
20041102       0.020019
20041103       0.033832
20041104      -0.015549
20041105       0.004959
20041108      -0.006213
20041109      -0.006068
20041110       0.012951
20041111       0.010046
20041112       0.003617
20041115      -0.004685
20041116      -0.005521
20041117      -0.000637
20041118       0.008925
20041119      -0.003972
20041122       0.112017
20041123      -0.001304
20041124       0.045373
20041126       0.007806
20041129       0.060263
20041130      -0.020310
20041201       0.011037
20041202      -0.038059
20041203      -0.038798
20041206       0.049458
20041207      -0.043934
20041208       0.006201
20041209       0.011220
20041210       0.018128
20041213      -0.003684
20041214       0.005854
20041215      -0.000459
20041216       0.020472
20041217      -0.024116
20041220      -0.034928
20041221       0.015466
20041222       0.000942
20041223       0.004078
20041227      -0.013279
20041228       0.016149
20041229       0.004051
20041230       0.005587
20041231      -0.006173
20050103      -0.017236
20050104       0.010270
20050105       0.008758
20050106       0.000775
20050107       0.072812
20050110      -0.004188
20050111      -0.063805
20050112       0.013941
20050113       0.066300
20050114       0.005731
20050118       0.006410
20050119      -0.010899
20050120       0.008300
20050121       0.000426
20050124       0.003830
20050125       0.018231
20050126       0.002776
20050127       0.005398
20050128       0.018447
20050131       0.039470
20050201       0.008192
20050202       0.027086
20050203      -0.022856
20050204       0.013237
20050207       0.001268
20050208       0.024829
20050209      -0.026700
20050210      -0.004826
20050211       0.036371
20050214       0.042113
20050215       0.044665
20050216       0.019455
20050217      -0.025741
20050218      -0.011388
20050222      -0.017509
20050223       0.034471
20050224       0.007934
20050225       0.000675
20050228       0.008203
20050301      -0.008025
20050302      -0.008517
20050303      -0.052832
20050304       0.024408
20050307      -0.001402
20050308      -0.051930
20050309      -0.029114
20050310       0.012198
20050311       0.011047
20050314       0.001242
20050315       0.015873
20050316       0.005371
20050317       0.025983
20050318       0.016805
20050321       0.017225
20050322      -0.019908
20050323      -0.006538
20050324      -0.001175
20050328       0.000706
20050329      -0.018340
20050330       0.025150
20050331      -0.026402
20050401      -0.018718
20050404       0.004891
20050405       0.019469
20050406       0.010504
20050407       0.029057
20050408       0.004132
20050411      -0.041610
20050412       0.017653
20050413      -0.037975
20050414      -0.092105
20050415      -0.051261
20050418       0.007638
20050419       0.041269
20050420      -0.042599
20050421       0.047029
20050422      -0.045186
20050425       0.041690
20050426      -0.021363
20050427      -0.006632
20050428      -0.011405
20050429       0.014631
20050502       0.010261
20050503      -0.006039
20050504       0.025960
20050505      -0.012651
20050506       0.015267
20050509      -0.007250
20050510      -0.014877
20050511      -0.022240
20050512      -0.041561
20050513       0.018752
20050516       0.022433
20050517      -0.005345
20050518       0.013575
20050519       0.047712
20050520       0.000000
20050523       0.058855
20050524      -0.001509
20050525       0.002015
20050526       0.024133
20050527      -0.004418
20050531      -0.019741
20050601       0.013599
20050602      -0.006452
20050603      -0.044955
20050606      -0.008368
20050607      -0.036392
20050608       0.010399
20050609       0.019773
20050610      -0.048871
20050613       0.002513
20050614       0.002785
20050615       0.031389
20050616       0.022892
20050617       0.008689
20050620      -0.018272
20050621       0.006647
20050622       0.018225
20050623       0.008820
20050624      -0.029056
20050627      -0.017479
20050628       0.005660
20050629      -0.025194
20050630       0.012098
20050701      -0.008422
20050705       0.040548
20050706      -0.015534
20050707       0.006419
20050708       0.016476
20050711      -0.003922
20050712       0.003675
20050713       0.002876
20050714       0.062582
20050715       0.019632
20050718      -0.001444
20050719       0.040974
20050720       0.010188
20050721      -0.007793
20050722       0.016401
20050725      -0.004318
20050726      -0.004109
20050727       0.008251
20050728      -0.004319
20050729      -0.026256
20050801       0.002345
20050802       0.010292
20050803       0.000695
20050804      -0.011800
20050805       0.006556
20050808      -0.007909
20050809       0.027433
20050810      -0.010041
20050811       0.014292
20050812       0.047727
20050815       0.034273
20050816      -0.029992
20050817       0.019459
20050818      -0.018028
20050819      -0.010151
20050822       0.000873
20050823      -0.002834
20050824       0.000656
20050825       0.006336
20050826      -0.006947
20050829       0.002186
20050830       0.015925
20050831       0.006871
20050901      -0.013436
20050902      -0.000865
20050906       0.055820
20050907      -0.002459
20050908       0.022597
20050909       0.030735
20050912       0.001754
20050913      -0.011284
20050914      -0.023810
20050915       0.005241
20050916       0.026870
20050919       0.027924
20050920       0.010448
20050921      -0.020305
20050922      -0.004030
20050923       0.025048
20050926       0.012030
20050927      -0.007429
20050928      -0.044162
20050929       0.024667
20050930       0.024264
20051003       0.015482
20051004      -0.012674
20051005      -0.018045
20051006      -0.020464
20051007      -0.007737
20051010      -0.018129
20051011       0.024221
20051012      -0.045358
20051013       0.091168
20051014       0.004838
20051017      -0.010370
20051018      -0.023016
20051019       0.052289
20051020       0.021842
20051021      -0.008550
20051024       0.020302
20051025      -0.012150
20051026       0.016578
20051027      -0.028406
20051028      -0.016964
20051031       0.057279
20051101      -0.001563
20051102       0.042609
20051103       0.031691
20051104      -0.011316
20051107      -0.015045
20051108      -0.005479
20051109       0.003506
20051110       0.017801
20051111       0.005884
20051114      -0.001462
20051115       0.013507
20051116       0.042871
20051117      -0.006620
20051118       0.000620
20051121       0.006196
20051122       0.024015
20051123       0.008870
20051125       0.033229
20051128       0.004615
20051129      -0.022395
20051130      -0.004112
20051201       0.055737
20051202       0.014384
20051205      -0.011152
20051206       0.031050
20051207      -0.001351
20051208       0.001758
20051209       0.003381
20051212       0.007796
20051213       0.000934
20051214      -0.039611
20051215       0.002361
20051216      -0.014824
20051219       0.003797
20051220       0.010227
20051221       0.019276
20051222       0.007075
20051223      -0.009052
20051227       0.011997
20051228      -0.008891
20051229      -0.028816
20051230       0.006158
20060103       0.039783
20060104       0.002943
20060105      -0.007870
20060106       0.025813
20060109      -0.003277
20060110       0.063248
20060111       0.037596
20060112       0.004660
20060113       0.015410
20060117      -0.010279
20060118      -0.026207
20060119      -0.041885
20060120      -0.037275
20060123       0.020778
20060124      -0.020986
20060125      -0.024198
20060126      -0.025202
20060127      -0.004148
20060130       0.041233
20060131       0.006800
20060201      -0.001192
20060202      -0.044020
20060203      -0.003509
20060206      -0.063287
20060207       0.004458
20060208       0.017899
20060209      -0.056097
20060210       0.036336
20060213      -0.038627
20060214       0.045356
20060215       0.023283
20060216       0.019503
20060217      -0.003968
20060221      -0.017214
20060222       0.032426
20060223       0.006029
20060224      -0.004042
20060227      -0.006577
20060228      -0.035216
20060301       0.008906
20060302       0.007381
20060303      -0.027151
20060306      -0.033077
20060307       0.012676
20060308      -0.009802
20060309      -0.026348
20060310      -0.011575
20060313       0.039405
20060314       0.024970
20060315      -0.016191
20060316      -0.028990
20060317       0.005442
20060320      -0.010362
20060321      -0.034068
20060322      -0.002265
20060323      -0.024485
20060324      -0.003324
20060327      -0.007505
20060328      -0.013443
20060329       0.061659
20060330       0.006738
20060331      -0.000478
20060403      -0.001116
20060404      -0.023623
20060405       0.098741
20060406       0.059961
20060407      -0.020354
20060410      -0.016048
20060411      -0.009902
20060412      -0.018826
20060413      -0.003613
20060417      -0.024944
20060418       0.021740
20060419      -0.008608
20060420       0.030160
20060421      -0.008724
20060424      -0.019242
20060425       0.006388
20060426       0.029923
20060427       0.017755
20060428       0.014850
20060501      -0.011223
20060502       0.029023
20060503      -0.006702
20060504      -0.000141
20060505       0.010685
20060508       0.000000
20060509      -0.011963
20060510      -0.006054
20060511      -0.034703
20060512      -0.006603
20060515       0.001329
20060516      -0.041452
20060517       0.004309
20060518      -0.031873
20060519       0.021051
20060522      -0.017517
20060523      -0.003629
20060524       0.003009
20060525       0.015630
20060526      -0.012141
20060530      -0.036649
20060531      -0.023685
20060601       0.040154
20060602      -0.008203
20060605      -0.026922
20060606      -0.004617
20060607      -0.019390
20060608       0.037480
20060609      -0.025016
20060612      -0.037812
20060613       0.023333
20060614      -0.012344
20060615       0.030724
20060616      -0.030650
20060619      -0.006254
20060620       0.004720
20060621       0.006786
20060622       0.029727
20060623      -0.012588
20060626       0.002720
20060627      -0.026445
20060628      -0.024552
20060629       0.052660
20060630      -0.028828
20060703       0.011874
20060705      -0.016368
20060706      -0.021605
20060707      -0.006634
20060710      -0.007220
20060711       0.011818
20060712      -0.048338
20060713      -0.013406
20060714      -0.030239
20060717       0.033550
20060718       0.010120
20060719       0.022684
20060720       0.118299
20060721       0.003636
20060724       0.011528
20060725       0.008271
20060726       0.031359
20060727      -0.007359
20060728       0.034543
20060731       0.036134
20060801      -0.011477
20060802       0.014588
20060803       0.020980
20060804      -0.018537
20060807      -0.015959
20060808      -0.036155
20060809      -0.018370
20060810       0.007548
20060811      -0.006555
20060814       0.004556
20060815       0.039256
20060816       0.023025
20060817      -0.005737
20060818       0.004735
20060821      -0.019879
20060822       0.015926
20060823      -0.004585
20060824       0.007428
20060825       0.013862
20060828      -0.025745
20060829      -0.007465
20060830       0.007220
20060831       0.013292
20060901       0.007811
20060905       0.045335
20060906      -0.020285
20060907       0.039555
20060908      -0.003846
20060911      -0.000276
20060912       0.001793
20060913       0.021616
20060914      -0.000404
20060915      -0.000944
20060918      -0.002834
20060919      -0.001624
20060920       0.020198
20060921      -0.008105
20060922      -0.022103
20060925       0.037671
20060926       0.024554
20060927      -0.015462
20060928       0.007852
20060929      -0.000390
20061002      -0.027540
20061003      -0.010419
20061004       0.017549
20061005      -0.007296
20061006      -0.008152
20061009       0.005524
20061010      -0.010988
20061011      -0.007858
20061012       0.027721
20061013      -0.003189
20061016       0.005065
20061017      -0.014721
20061018       0.003231
20061019       0.059842
20061020       0.012153
20061023       0.018887
20061024      -0.005033
20061025       0.007773
20061026       0.006244
20061027      -0.021657
20061030       0.000124
20061031       0.008207
20061101      -0.023680
20061102      -0.002274
20061103      -0.008736
20061106       0.018138
20061107       0.010036
20061108       0.024096
20061109       0.010794
20061110      -0.002640
20061113       0.014798
20061114       0.007706
20061115      -0.011176
20061116       0.018560
20061117       0.002803
20061120       0.007222
20061121       0.024633
20061122       0.019300
20061124       0.014616
20061127      -0.022809
20061128       0.025352
20061129      -0.000109
20061130      -0.001525
20061201      -0.003709
20061204      -0.002190
20061205       0.001646
20061206      -0.015777
20061207      -0.031059
20061208       0.014017
20061211       0.005552
20061212      -0.029408
20061213       0.033782
20061214      -0.005615
20061215      -0.009373
20061218      -0.025650
20061219       0.009828
20061220      -0.017958
20061221      -0.021944
20061222      -0.008444
20061226      -0.008394
20061227       0.000123
20061228      -0.007973
20061229       0.049091
20070103      -0.012258
20070104       0.022196
20070105      -0.007121
20070108       0.004938
20070109       0.083070
20070110       0.047856
20070111      -0.012371
20070112      -0.012317
20070116       0.026210
20070117      -0.022142
20070118      -0.061927
20070119      -0.006399
20070122      -0.019322
20070123      -0.012559
20070124       0.011669
20070125      -0.005190
20070126      -0.010087
20070129       0.006559
20070130      -0.004538
20070131       0.002104
20070201      -0.011548
20070202       0.000118
20070205      -0.009557
20070206       0.002502
20070207       0.023767
20070208       0.000348
20070209      -0.033767
20070212       0.019335
20070213      -0.002945
20070214       0.007917
20070215      -0.001055
20070216      -0.004460
20070220       0.012613
20070221       0.038417
20070222       0.003475
20070223      -0.004916
20070226      -0.004715
20070227      -0.053243
20070228       0.008102
20070301       0.028956
20070302      -0.018952
20070305       0.010653
20070306       0.021665
20070307      -0.005329
20070308       0.003192
20070309      -0.000341
20070312       0.021598
20070313      -0.016357
20070314       0.018100
20070315      -0.004778
20070316       0.000223
20070319       0.017189
20070320       0.003841
20070321       0.026126
20070322       0.000959
20070323      -0.004683
20070326       0.024914
20070327      -0.004069
20070328      -0.023256
20070329       0.005470
20070330      -0.008960
20070402       0.007965
20070403       0.009076
20070404      -0.002434
20070405       0.004349
20070409      -0.010879
20070410       0.006407
20070411      -0.017613
20070412      -0.004320
20070413      -0.021152
20070416       0.013187
20070417      -0.011812
20070418       0.000553
20070419      -0.001438
20070420       0.007755
20070423       0.027921
20070424      -0.002887
20070425       0.022608
20070426       0.036624
20070427       0.010927
20070430      -0.001201
20070501      -0.003307
20070502       0.009249
20070503       0.000100
20070504       0.004084
20070507       0.030850
20070508       0.010970
20070509       0.017323
20070510       0.004304
20070511       0.013043
20070514       0.005702
20070515      -0.016825
20070516      -0.001674
20070517       0.019564
20070518       0.005300
20070521       0.017815
20070522       0.013931
20070523      -0.005725
20070524      -0.019488
20070525       0.026470
20070529       0.006425
20070530       0.038653
20070531       0.020384
20070601      -0.023030
20070604       0.024747
20070605       0.011044
20070606       0.007907
20070607       0.003470
20070608       0.003393
20070611      -0.034541
20070612       0.001581
20070613      -0.023924
20070614       0.010638
20070615       0.014737
20070618       0.038091
20070619      -0.011432
20070620      -0.017063
20070621       0.019334
20070622      -0.007264
20070625      -0.005366
20070626      -0.021988
20070627       0.018721
20070628      -0.010911
20070629       0.012276
20070702      -0.006391
20070703       0.048738
20070705       0.043878
20070706      -0.003390
20070709      -0.014890
20070710       0.015498
20070711       0.000302
20070712       0.012689
20070713       0.027300
20070716       0.002686
20070717       0.005865
20070718      -0.005686
20070719       0.013611
20070720       0.026786
20070723      -0.000348
20070724      -0.061309
20070725       0.017571
20070726       0.063675
20070727      -0.014726
20070730      -0.016823
20070731      -0.068373
20070801       0.024590
20070802       0.011037
20070803      -0.033996
20070806       0.025788
20070807      -0.001626
20070808      -0.007555
20070809      -0.056861
20070810      -0.010998
20070813       0.022320
20070814      -0.029423
20070815      -0.033298
20070816      -0.023770
20070817       0.042802
20070820       0.001311
20070821       0.043774
20070822       0.038724
20070823      -0.010867
20070824       0.032273
20070827      -0.022543
20070828      -0.041059
20070829       0.057247
20070830       0.016184
20070831       0.016367
20070904       0.041017
20070905      -0.051332
20070906      -0.012796
20070907      -0.023998
20070910       0.037490
20070911      -0.008924
20070912       0.010038
20070913       0.002557
20070914       0.011735
20070917      -0.002882
20070918       0.018134
20070919      -0.001065
20070920      -0.003267
20070921       0.027368
20070924       0.028651
20070925       0.033046
20070926      -0.002677
20070927       0.011324
20070928      -0.006667
20071001       0.018694
20071002       0.013503
20071003      -0.003344
20071004      -0.010639
20071005       0.033345
20071008       0.040013
20071009      -0.000298
20071010      -0.006374
20071011      -0.027340
20071012       0.030967
20071015      -0.001636
20071016       0.015571
20071017       0.018693
20071018       0.004342
20071019      -0.017752
20071022       0.023119
20071023       0.067676
20071024      -0.001236
20071025      -0.016942
20071026       0.010504
20071029       0.002112
20071030       0.010319
20071031       0.015775
20071101      -0.013214
20071102       0.002294
20071105      -0.008996
20071106       0.030132
20071107      -0.028626
20071108      -0.058151
20071109      -0.057540
20071112      -0.070206
20071113       0.105359
20071114      -0.022652
20071115      -0.010896
20071116       0.012721
20071119      -0.014664
20071120       0.029887
20071121      -0.002310
20071123       0.018283
20071126       0.005841
20071127       0.013145
20071128       0.030948
20071129       0.022583
20071130      -0.011232
20071203      -0.018439
20071204       0.005311
20071205       0.031645
20071206       0.024004
20071207       0.022886
20071210      -0.000463
20071211      -0.029193
20071212       0.012303
20071213       0.005082
20071214      -0.007507
20071217      -0.031462
20071218      -0.007701
20071219       0.000765
20071220       0.022335
20071221       0.035789
20071224       0.025218
20071226       0.000754
20071227      -0.001910
20071228       0.006345
20071231      -0.008757
20080102      -0.016357
20080103       0.000462
20080104      -0.076335
20080107      -0.013385
20080108      -0.035972
20080109       0.047591
20080110      -0.007692
20080111      -0.029940
20080114       0.035265
20080115      -0.054480
20080116      -0.055608
20080117       0.007830
20080118       0.002921
20080122      -0.035449
20080123      -0.106451
20080124      -0.024965
20080125      -0.041224
20080128       0.000000
20080129       0.011768
20080130       0.004865
20080131       0.024058
20080201      -0.011894
20080204      -0.015701
20080205      -0.017395
20080206      -0.056895
20080207      -0.006230
20080208       0.034972
20080211       0.031638
20080212      -0.035458
20080213       0.036361
20080214      -0.014992
20080215      -0.022203
20080219      -0.019658
20080220       0.013423
20080221      -0.018414
20080222      -0.017114
20080225       0.002344
20080226      -0.004927
20080227       0.031976
20080228       0.056522
20080229      -0.037641
20080303      -0.026316
20080304       0.023741
20080305      -0.001044
20080306      -0.028596
20080307       0.010915
20080310      -0.020941
20080311       0.063999
20080312      -0.010366
20080313       0.015155
20080314      -0.010396
20080317       0.000948
20080318       0.048055
20080319      -0.023716
20080320       0.027763
20080324       0.046972
20080325       0.010392
20080326       0.028940
20080327      -0.033159
20080328       0.019679
20080331       0.003426
20080401       0.042022
20080402      -0.013643
20080403       0.027934
20080404       0.009696
20080407       0.018356
20080408      -0.019565
20080409      -0.009160
20080410       0.020536
20080411      -0.047946
20080414       0.004350
20080415       0.004060
20080416       0.035854
20080417       0.005140
20080418       0.042397
20080421       0.044213
20080422      -0.047336
20080423       0.016792
20080424       0.037142
20080425       0.004676
20080428       0.014788
20080429       0.016314
20080430      -0.006284
20080501       0.034780
20080502       0.005222
20080505       0.020946
20080506       0.010448
20080507      -0.021804
20080508       0.013528
20080509      -0.008700
20080512       0.025675
20080513       0.009566
20080514      -0.019478
20080515       0.018630
20080516      -0.011121
20080519      -0.021427
20080520       0.012527
20080521      -0.041474
20080522      -0.006398
20080523       0.023270
20080527       0.029033
20080528       0.003111
20080529      -0.001711
20080530       0.011034
20080602      -0.014040
20080603      -0.003923
20080604      -0.000971
20080605       0.022895
20080606      -0.020007
20080609      -0.021709
20080610       0.022190
20080611      -0.026018
20080612      -0.041757
20080613      -0.005137
20080616       0.025933
20080617       0.025956
20080618      -0.014771
20080619       0.012028
20080620      -0.031122
20080623      -0.012039
20080624       0.000520
20080625       0.023896
20080626      -0.051469
20080627       0.010876
20080630      -0.015580
20080701       0.043239
20080702      -0.037211
20080703       0.011535
20080707       0.029626
20080708       0.025063
20080709      -0.029518
20080710       0.013659
20080711      -0.022929
20080714       0.007533
20080715      -0.024385
20080716       0.018687
20080717      -0.005787
20080718      -0.038764
20080721       0.006903
20080722      -0.025678
20080723       0.026170
20080724      -0.043486
20080725       0.019430
20080728      -0.047619
20080729       0.017358
20080730       0.017825
20080731      -0.005817
20080801      -0.014407
20080804      -0.021895
20080805       0.048359
20080806       0.022099
20080807      -0.003776
20080808       0.036559
20080811       0.023651
20080812       0.018265
20080813       0.014542
20080814       0.000112
20080815      -0.019964
20080818      -0.001992
20080819      -0.010605
20080820       0.013312
20080821      -0.008815
20080822       0.014344
20080825      -0.023983
20080826       0.006317
20080827       0.005932
20080828      -0.005324
20080829      -0.024232
20080902      -0.019702
20080903       0.004633
20080904      -0.034380
20080905      -0.006451
20080908      -0.014109
20080909      -0.039514
20080910      -0.000461
20080911       0.006860
20080912      -0.024304
20080915      -0.057607
20080916      -0.003420
20080917      -0.086145
20080918       0.048971
20080919       0.050861
20080922      -0.069974
20080923      -0.032125
20080924       0.014743
20080925       0.025017
20080926      -0.027969
20080929      -0.179195
20080930       0.079802
20081001      -0.039944
20081002      -0.082661
20081003      -0.030270
20081006       0.011023
20081007      -0.091502
20081008       0.007066
20081009      -0.011694
20081010       0.090827
20081013       0.139050
20081014      -0.056049
20081015      -0.058897
20081016       0.040225
20081017      -0.044067
20081020       0.010678
20081021      -0.070601
20081022       0.058804
20081023       0.014039
20081024      -0.018833
20081027      -0.044511
20081028       0.084917
20081029       0.046442
20081030       0.062076
20081031      -0.031070
20081103      -0.005856
20081104       0.037678
20081105      -0.069285
20081106      -0.040658
20081107      -0.008678
20081110      -0.024023
20081111      -0.011577
20081112      -0.049066
20081113       0.070129
20081114      -0.064289
20081117      -0.023271
20081118       0.020082
20081119      -0.040263
20081120      -0.067215
20081121       0.025966
20081124       0.125575
20081125      -0.023131
20081126       0.046255
20081128      -0.024526
20081201      -0.040358
20081202       0.039807
20081203       0.037093
20081204      -0.046820
20081205       0.028334
20081208       0.060851
20081209       0.003410
20081210      -0.018489
20081211      -0.032685
20081212       0.034421
20081215      -0.035820
20081216       0.007177
20081217      -0.065703
20081218       0.003028
20081219       0.006374
20081222      -0.047333
20081223       0.007464
20081224      -0.015513
20081226       0.009055
20081229       0.009323
20081230      -0.003695
20081231      -0.010894
20090102       0.063269
20090105       0.042204
20090106      -0.016494
20090107      -0.021608
20090108       0.018569
20090109      -0.022869
20090112      -0.021197
20090113      -0.010715
20090114      -0.027135
20090115      -0.022853
20090116      -0.012593
20090120      -0.050164
20090121       0.059207
20090122       0.066763
20090123       0.000000
20090126       0.014486
20090127       0.012160
20090128       0.038245
20090129      -0.012739
20090130      -0.030860
20090202       0.015311
20090203       0.016064
20090204       0.006130
20090205       0.031106
20090206       0.033796
20090209       0.027978
20090210      -0.045654
20090211      -0.010324
20090212       0.025305
20090213      -0.001108
20090217      -0.046692
20090218      -0.001693
20090219      -0.039525
20090220       0.006178
20090223      -0.046601
20090224       0.037953
20090225       0.010083
20090226      -0.021610
20090227       0.001345
20090302      -0.015340
20090303       0.004890
20090304       0.031685
20090305      -0.025557
20090306      -0.039847
20090309      -0.025674
20090310       0.066388
20090311       0.045725
20090312       0.039599
20090313      -0.004359
20090316      -0.005316
20090317       0.044435
20090318       0.018663
20090319       0.000985
20090320      -0.000295
20090323       0.059750
20090324      -0.010765
20090325      -0.000103
20090326       0.031740
20090327      -0.027487
20090330      -0.022087
20090331       0.006029
20090401       0.033961
20090402       0.036986
20090403       0.029101
20090406       0.021209
20090407      -0.029126
20090408       0.011478
20090409       0.027940
20090413       0.005436
20090414      -0.015888
20090415      -0.005663
20090416       0.032387
20090417       0.016221
20090420      -0.023659
20090421       0.010456
20090422      -0.002053
20090423       0.032014
20090424      -0.011962
20090427       0.006699
20090428      -0.006638
20090429       0.009992
20090430       0.005514
20090501       0.011206
20090504       0.037960
20090505       0.004846
20090506      -0.001582
20090507      -0.025962
20090508       0.001007
20090511       0.002941
20090512      -0.039747
20090513      -0.039624
20090514       0.028956
20090515      -0.004311
20090518       0.034553
20090519       0.006317
20090520      -0.012397
20090521      -0.013427
20090522      -0.013529
20090526       0.067592
20090527       0.017357
20090528       0.015182
20090529       0.005479
20090601       0.026066
20090602       0.001005
20090603       0.010467
20090604       0.019794
20090605       0.006470
20090608      -0.005668
20090609      -0.007855
20090610      -0.017307
20090611      -0.002139
20090612      -0.021293
20090615      -0.006425
20090616       0.001911
20090617      -0.005647
20090618       0.002213
20090619       0.026494
20090622      -0.015128
20090623      -0.024459
20090624       0.016491
20090625       0.026721
20090626       0.018447
20090629      -0.003300
20090630       0.003240
20090701       0.002808
20090702      -0.019674
20090706      -0.010070
20090707      -0.023159
20090708       0.013442
20090709      -0.006267
20090710       0.015840
20090713       0.027577
20090714      -0.000492
20090715       0.032403
20090716       0.004357
20090717       0.028674
20090720       0.007638
20090721      -0.009149
20090722       0.034519
20090723       0.006890
20090724       0.013724
20090727       0.000713
20090728      -0.000625
20090729       0.000187
20090730       0.017247
20090731       0.003686
20090803       0.018606
20090804      -0.005287
20090805      -0.002658
20090806      -0.007268
20090807       0.009761
20090810      -0.004773
20090811      -0.011474
20090812       0.015231
20090813       0.018813
20090814      -0.009738
20090817      -0.043111
20090818       0.027633
20090819       0.003659
20090820       0.010510
20090821       0.017375
20090824      -0.000946
20090825       0.002011
20090826      -0.011747
20090827       0.012186
20090828       0.003541
20090831      -0.010820
20090901      -0.017312
20090902      -0.000714
20090903       0.008294
20090904       0.022576
20090908       0.015384
20090909      -0.010351
20090910       0.008297
20090911      -0.002318
20090914       0.009061
20090915       0.008289
20090916       0.038308
20090917       0.014736
20090918       0.002547
20090921      -0.005405
20090922       0.002500
20090923       0.005529
20090924      -0.009057
20090925      -0.007888
20090928       0.020738
20090929      -0.004147
20090930      -0.000162
20091001      -0.024225
20091002       0.022338
20091005       0.006079
20091006       0.021427
20091007       0.001263
20091008      -0.005151
20091009       0.006340
20091012       0.001785
20091013      -0.004140
20091014       0.006683
20091015      -0.003816
20091016      -0.013172
20091019       0.009625
20091020       0.046877
20091021       0.030992
20091022       0.001366
20091023      -0.006140
20091026      -0.007159
20091027      -0.025237
20091028      -0.025181
20091029       0.020530
20091030      -0.039980
20091102       0.004297
20091103      -0.002958
20091104       0.010914
20091105       0.016876
20091106       0.001597
20091109       0.036637
20091110       0.007545
20091111       0.001330
20091112      -0.006199
20091113       0.012179
20091116       0.010663
20091117       0.001791
20091118      -0.005024
20091119      -0.026462
20091120      -0.002942
20091123       0.029812
20091124      -0.006994
20091125      -0.001223
20091127      -0.017631
20091130      -0.003390
20091201      -0.014707
20091202      -0.003757
20091203       0.001274
20091204      -0.016083
20091207      -0.022605
20091208       0.004869
20091209       0.041765
20091210      -0.006926
20091211      -0.008960
20091214       0.011866
20091215      -0.014265
20091216       0.004429
20091217      -0.016254
20091218       0.018607
20091221       0.014327
20091222       0.010745
20091223       0.008684
20091224       0.034339
20091228       0.012294
20091229      -0.011861
20091230       0.012147
20091231      -0.004290
20100104       0.015555
20100105       0.001729
20100106      -0.015906
20100107      -0.001849
20100108       0.006648
20100111      -0.008822
20100112      -0.011375
20100113       0.014105
20100114      -0.005792
20100115      -0.016712
20100119       0.044238
20100120      -0.015416
20100121      -0.017254
20100122      -0.049608
20100125       0.026928
20100126       0.014108
20100127       0.009440
20100128      -0.041340
20100129      -0.036264
20100201       0.013886
20100202       0.005803
20100203       0.017206
20100204      -0.036039
20100205       0.017756
20100208      -0.006856
20100209       0.010664
20100210      -0.005474
20100211       0.018215
20100212       0.008607
20100216       0.015071
20100217      -0.004179
20100218       0.001866
20100219      -0.006199
20100222      -0.006218
20100223      -0.016750
20100224       0.018253
20100225       0.006698
20100226       0.012970
20100301       0.021357
20100302      -0.000670
20100303       0.002298
20100304       0.006592
20100305       0.039106
20100308       0.000594
20100309       0.017984
20100310       0.008161
20100311       0.002935
20100312       0.004878
20100315      -0.012180
20100316       0.002725
20100317      -0.001470
20100318       0.002365
20100319      -0.010684
20100322       0.011249
20100323       0.016062
20100324       0.004423
20100325      -0.011859
20100326       0.018751
20100329       0.006453
20100330       0.014867
20100331      -0.003583
20100401       0.004128
20100405       0.010679
20100406       0.004403
20100407       0.004425
20100408      -0.002702
20100409       0.007668
20100412       0.002068
20100413       0.000578
20100414       0.013447
20100415       0.013147
20100416      -0.006106
20100419      -0.001334
20100420      -0.010038
20100421       0.059814
20100422       0.027967
20100423       0.016364
20100426      -0.004911
20100427      -0.027681
20100428      -0.001679
20100429       0.026911
20100430      -0.028105
20100503       0.020146
20100504      -0.028797
20100505      -0.010418
20100506      -0.038030
20100507      -0.042193
20100510       0.076868
20100511       0.009961
20100512       0.021714
20100513      -0.014232
20100514      -0.017572
20100517       0.001576
20100518      -0.007316
20100519      -0.015930
20100520      -0.042603
20100521       0.019179
20100524       0.018323
20100525      -0.006241
20100526      -0.004531
20100527       0.037856
20100528       0.013933
20100601       0.015377
20100602       0.011962
20100603      -0.003145
20100604      -0.027193
20100607      -0.019632
20100608      -0.006416
20100609      -0.024586
20100610       0.030058
20100611       0.011976
20100614       0.003037
20100615       0.021276
20100616       0.029112
20100617       0.017287
20100618       0.008107
20100621      -0.014244
20100622       0.013621
20100623      -0.010517
20100624      -0.007270
20100625      -0.008550
20100628       0.005999
20100629      -0.045210
20100630      -0.018113
20100701      -0.012126
20100702      -0.006198
20100706       0.006844
20100707       0.040361
20100708      -0.002223
20100709       0.005928
20100712      -0.008994
20100713      -0.021327
20100714       0.003689
20100715      -0.005053
20100716      -0.006164
20100719      -0.017287
20100720       0.025694
20100721       0.009329
20100722       0.018817
20100723       0.003536
20100726      -0.002539
20100727       0.018513
20100728      -0.011815
20100729      -0.010921
20100730      -0.003332
20100802       0.017881
20100803       0.000305
20100804       0.004009
20100805      -0.004867
20100806      -0.006148
20100809       0.006379
20100810      -0.008940
20100811      -0.035542
20100812       0.006395
20100813      -0.010683
20100816      -0.005861
20100817       0.017485
20100818       0.004366
20100819      -0.012605
20100820      -0.000960
20100823      -0.015382
20100824      -0.023881
20100825       0.012337
20100826      -0.010746
20100827       0.005577
20100830       0.003642
20100831       0.002474
20100901       0.029741
20100902       0.007350
20100903       0.026173
20100907      -0.003710
20100908       0.019821
20100909       0.000570
20100910       0.001292
20100913       0.013781
20100914       0.003820
20100915       0.008058
20100916       0.023499
20100917      -0.004339
20100920       0.028543
20100921       0.001907
20100922       0.014025
20100923       0.004066
20100924       0.011768
20100927      -0.003955
20100928      -0.014782
20100929       0.001778
20100930      -0.012597
20101001      -0.004335
20101004      -0.013733
20101005       0.036965
20101006       0.000865
20101007       0.000104
20101008       0.016769
20101011       0.004387
20101012       0.010767
20101013       0.005359
20101014       0.007230
20101015       0.041117
20101018       0.010358
20101019      -0.026761
20101020       0.003360
20101021      -0.003253
20101022      -0.006623
20101025       0.004456
20101026      -0.002558
20101027      -0.000714
20101028      -0.008414
20101029      -0.013956
20101101       0.010632
20101102       0.017029
20101103       0.011120
20101104       0.017487
20101105      -0.003582
20101108       0.004698
20101109      -0.007972
20101110       0.006169
20101111      -0.004323
20101112      -0.027238
20101115      -0.003230
20101116      -0.017734
20101117      -0.003614
20101118       0.026389
20101119      -0.005512
20101122       0.021615
20101123      -0.014775
20101124       0.019645
20101126       0.003065
20101129       0.003515
20101130      -0.018052
20101201       0.016873
20101202       0.005531
20101203      -0.002232
20101206       0.008537
20101207      -0.006060
20101208       0.008799
20101209      -0.003902
20101210       0.002510
20101213       0.003463
20101214      -0.004290
20101215       0.000218
20101216       0.002778
20101217      -0.001992
20101220       0.004991
20101221       0.006192
20101222       0.002946
20101223      -0.004798
20101227       0.003337
20101228       0.002433
20101229      -0.000553
20101230      -0.005011
20101231      -0.003399
20110103       0.021732
20110104       0.005219
20110105       0.008180
20110106      -0.000808
20110107       0.007161
20110110       0.018847
20110111      -0.002380
20110112       0.008137
20110113       0.003658
20110114       0.008100
20110118      -0.022469
20110119      -0.005313
20110120      -0.018180
20110121      -0.017915
20110124       0.032842
20110125       0.011705
20110126       0.007176
20110127      -0.001861
20110128      -0.020716
20110131       0.009580
20110201       0.016828
20110202      -0.002058
20110203      -0.002556
20110204       0.008910
20110207       0.015527
20110208       0.009435
20110209       0.008333
20110210      -0.010107
20110211       0.006515
20110214       0.006529
20110215       0.002005
20110216       0.008975
20110217      -0.013301
20110218      -0.021602
20110222      -0.034088
20110223       0.011843
20110224       0.000759
20110225       0.015399
20110228       0.014505
20110301      -0.011042
20110302       0.008044
20110303       0.021129
20110304       0.001224
20110307      -0.012889
20110308       0.001126
20110309      -0.009248
20110310      -0.016455
20110311       0.015346
20110314       0.004460
20110315      -0.022995
20110316      -0.044640
20110317       0.014030
20110318      -0.011863
20110321       0.026098
20110322       0.005600
20110323      -0.005891
20110324       0.017041
20110325       0.019045
20110328      -0.003129
20110329       0.001484
20110330      -0.006639
20110331      -0.000351
20110401      -0.011327
20110404      -0.009781
20110405      -0.006741
20110406      -0.002508
20110407       0.000118
20110408      -0.008933
20110411      -0.012714
20110412       0.004837
20110413       0.011221
20110414      -0.011037
20110415      -0.014921
20110418       0.013406
20110419       0.018111
20110420       0.013467
20110421       0.024199
20110425       0.006595
20110426      -0.007334
20110427      -0.000771
20110428      -0.009710
20110429       0.009748
20110502      -0.010996
20110503       0.005545
20110504       0.003935
20110505      -0.008067
20110506      -0.000260
20110509       0.002712
20110510       0.005322
20110511      -0.006353
20110512      -0.001901
20110513      -0.017515
20110516      -0.021145
20110517       0.008521
20110518       0.011097
20110519       0.001942
20110520      -0.015593
20110523      -0.002446
20110524      -0.006609
20110525       0.013817
20110526      -0.005285
20110527       0.007194
20110531       0.030882
20110601      -0.006670
20110602       0.001713
20110603      -0.007691
20110606      -0.015723
20110607      -0.017749
20110608       0.000602
20110609      -0.002257
20110610      -0.016863
20110613       0.002148
20110614       0.017881
20110615      -0.017116
20110616      -0.004866
20110617      -0.015069
20110620      -0.015425
20110621       0.031650
20110622      -0.008269
20110623       0.026720
20110624      -0.014733
20110627       0.017435
20110628       0.009698
20110629      -0.003639
20110630       0.004880
20110701       0.022611
20110705       0.017975
20110706       0.006668
20110707       0.015465
20110708       0.007027
20110711      -0.015874
20110712      -0.000706
20110713       0.012071
20110714      -0.000698
20110715       0.019985
20110718       0.024334
20110719       0.008159
20110720       0.026668
20110721       0.001008
20110722       0.015518
20110725       0.013221
20110726       0.012321
20110727      -0.026821
20110728      -0.001961
20110729      -0.003420
20110801       0.016057
20110802      -0.019761
20110803       0.009411
20110804      -0.038719
20110805      -0.009937
20110808      -0.054628
20110809       0.058889
20110810      -0.027593
20110811       0.027523
20110812       0.008804
20110815       0.017030
20110816      -0.007642
20110817      -0.000105
20110818      -0.037825
20110819      -0.027373
20110822       0.001152
20110823       0.048143
20110824       0.006906
20110825      -0.006539
20110826       0.026383
20110829       0.016659
20110830       0.000051
20110831      -0.013231
20110901      -0.009874
20110902      -0.018319
20110906       0.015212
20110907       0.011034
20110908       0.000547
20110909      -0.017337
20110912       0.006517
20110913       0.012318
20110914       0.012168
20110915       0.009401
20110916       0.019188
20110919       0.027790
20110920       0.004421
20110921      -0.003168
20110922      -0.025040
20110923       0.006172
20110926      -0.002795
20110927      -0.009698
20110928      -0.005635
20110929      -0.016221
20110930      -0.023683
