date           rtn
20010904       0.018476
20010905       0.004767
20010906      -0.005008
20010907      -0.015232
20010910      -0.002018
20010917       0.004717
20010918      -0.004695
20010919       0.004717
20010920      -0.023340
20010921      -0.079797
20010924       0.036716
20010925       0.022171
20010926       0.001831
20010927       0.017855
20010928       0.005387
20011001      -0.005495
20011002       0.012295
20011003      -0.000409
20011004      -0.027986
20011005       0.020927
20011008      -0.006053
20011009       0.004014
20011010       0.011028
20011011      -0.010226
20011012      -0.008954
20011015      -0.011537
20011016      -0.002531
20011017      -0.010574
20011018       0.007163
20011019       0.020626
20011022       0.009756
20011023      -0.013112
20011024      -0.001399
20011025       0.012465
20011026       0.014663
20011029      -0.027948
20011030       0.040673
20011031      -0.005660
20011101       0.029818
20011102       0.000263
20011105       0.012237
20011106       0.013909
20011107       0.001410
20011108      -0.018052
20011109       0.007953
20011112      -0.000517
20011113       0.007636
20011114       0.004752
20011115       0.000767
20011116       0.005748
20011119      -0.000762
20011120      -0.002288
20011121      -0.007643
20011123       0.007060
20011126      -0.003824
20011127      -0.013180
20011128      -0.014523
20011129       0.018947
20011130       0.000258
20011203      -0.014975
20011204       0.000524
20011205       0.004716
20011206      -0.013038
20011207      -0.003567
20011210       0.017102
20011211      -0.000261
20011212       0.042373
20011213       0.011882
20011214      -0.012361
20011217      -0.001252
20011218       0.019799
20011219       0.000983
20011220      -0.005770
20011221      -0.004322
20011224      -0.004712
20011226       0.002990
20011227      -0.004348
20011228      -0.007985
20011231      -0.004779
20020102       0.010995
20020103      -0.009625
20020104      -0.009845
20020107      -0.011472
20020108       0.002708
20020109      -0.007202
20020110      -0.003497
20020111       0.003640
20020114       0.019298
20020115       0.012071
20020116       0.002762
20020117       0.002516
20020118       0.001506
20020122      -0.004887
20020123      -0.010325
20020124      -0.010433
20020125       0.017485
20020128       0.000253
20020129      -0.020718
20020130       0.009933
20020131       0.043301
20020201       0.010896
20020204       0.001574
20020205      -0.000967
20020206      -0.001452
20020207      -0.004485
20020208      -0.000487
20020211      -0.004629
20020212       0.022519
20020213       0.002154
20020214       0.003702
20020215       0.011304
20020219      -0.011648
20020220       0.011905
20020221      -0.022353
20020222       0.030084
20020225       0.020678
20020226      -0.009958
20020227      -0.011561
20020228      -0.008304
20020301       0.032551
20020304      -0.006511
20020305      -0.022074
20020306      -0.000117
20020307      -0.013051
20020308      -0.000238
20020311       0.002145
20020312       0.014031
20020313      -0.000704
20020314      -0.002699
20020315       0.024473
20020318       0.006776
20020319       0.026010
20020320      -0.003780
20020321       0.008929
20020322      -0.003319
20020325      -0.003885
20020326      -0.003343
20020327       0.006372
20020328       0.000778
20020401      -0.001110
20020402       0.006779
20020403      -0.014790
20020404       0.008066
20020405      -0.002000
20020408       0.005011
20020409      -0.001330
20020410       0.024520
20020411      -0.011154
20020412       0.006790
20020415      -0.015011
20020416       0.007178
20020417      -0.007785
20020418      -0.018866
20020419       0.005203
20020422       0.000225
20020423       0.000113
20020424       0.005962
20020425      -0.000112
20020426       0.004250
20020429       0.002227
20020430       0.002889
20020501       0.017062
20020502       0.015686
20020503      -0.013835
20020506       0.002719
20020507      -0.005857
20020508       0.001527
20020509       0.002832
20020510       0.003693
20020513       0.008766
20020514      -0.001717
20020515      -0.009672
20020516       0.008899
20020517       0.006992
20020520      -0.013031
20020521      -0.014069
20020522       0.008782
20020523      -0.005767
20020524      -0.012148
20020528      -0.024928
20020529      -0.011249
20020530       0.019881
20020531       0.009014
20020603       0.001039
20020604       0.007198
20020605       0.011055
20020606      -0.010934
20020607      -0.002345
20020610      -0.001567
20020611      -0.002242
20020612       0.044944
20020613      -0.016344
20020614       0.000765
20020617       0.025669
20020618      -0.000107
20020619       0.005432
20020620      -0.005826
20020621       0.000000
20020624      -0.004795
20020625      -0.047109
20020626       0.023371
20020627       0.012736
20020628      -0.031873
20020701       0.008175
20020702      -0.008331
20020703      -0.010305
20020705       0.017202
20020708       0.005229
20020709      -0.027117
20020710       0.000569
20020711      -0.022740
20020712      -0.026992
20020715      -0.015903
20020716      -0.012758
20020717      -0.009477
20020718       0.003996
20020719      -0.073765
20020722       0.045259
20020723       0.017731
20020724       0.038379
20020725       0.033678
20020726      -0.009645
20020729       0.035867
20020730       0.000688
20020731       0.019592
20020801      -0.012586
20020802       0.022419
20020805      -0.026714
20020806       0.003202
20020807       0.013794
20020808       0.021590
20020809       0.003192
20020812      -0.003182
20020813      -0.008696
20020814       0.031424
20020815      -0.016902
20020816      -0.003614
20020819       0.002857
20020820      -0.011397
20020821       0.007538
20020822      -0.001430
20020823      -0.005619
20020826       0.001662
20020827       0.000111
20020828      -0.007521
20020829      -0.020729
20020830       0.008877
20020903      -0.023801
20020904       0.023342
20020905       0.014566
20020906       0.001113
20020909       0.010006
20020910       0.007155
20020911       0.004153
20020912      -0.007401
20020913       0.008772
20020916       0.010870
20020917      -0.010108
20020918       0.000435
20020919      -0.010641
20020920      -0.000329
20020923      -0.003842
20020924      -0.029755
20020925       0.012040
20020926       0.018519
20020927      -0.028871
20020930       0.014184
20021001       0.020027
20021002      -0.006691
20021003      -0.008282
20021004      -0.014364
20021007       0.004632
20021008       0.004161
20021009      -0.012430
20021010       0.009071
20021011       0.014047
20021014       0.011636
20021015      -0.009530
20021016       0.005419
20021017      -0.001768
20021018       0.015608
20021021       0.004796
20021022      -0.020067
20021023       0.007306
20021024      -0.024176
20021025      -0.001126
20021028      -0.033258
20021029       0.038018
20021030      -0.000786
20021031      -0.005509
20021101      -0.005201
20021104      -0.016934
20021105       0.025896
20021106      -0.009917
20021107       0.001707
20021108      -0.003636
20021111      -0.016422
20021112      -0.009739
20021113       0.004566
20021114       0.007925
20021115       0.009251
20021118      -0.012947
20021119       0.011027
20021120       0.010218
20021121      -0.014320
20021122      -0.001730
20021125      -0.010857
20021126      -0.014246
20021127       0.007226
20021129      -0.005880
20021202      -0.020466
20021203       0.020411
20021204       0.018464
20021205      -0.009529
20021206       0.008448
20021209       0.005003
20021210       0.014703
20021211      -0.002168
20021212       0.002744
20021213      -0.003307
20021216       0.007322
20021217      -0.007382
20021218      -0.000343
20021219      -0.019114
20021220       0.023104
20021223       0.000114
20021224      -0.001825
20021226      -0.001142
20021227      -0.010065
20021230      -0.005199
20021231      -0.001858
20030102       0.021759
20030103      -0.010933
20030106       0.011399
20030107      -0.015369
20030108      -0.014915
20030109       0.006808
20030110       0.004080
20030113       0.000697
20030114       0.001972
20030115      -0.005327
20030116       0.011292
20030117       0.001957
20030121      -0.011834
20030122      -0.005465
20030123       0.003524
20030124      -0.014164
20030127      -0.013892
20030128       0.023480
20030129       0.000824
20030130      -0.006700
20030131       0.012663
20030203       0.001753
20030204       0.002217
20030205      -0.007100
20030206      -0.005276
20030207      -0.010253
20030210       0.010598
20030211      -0.019795
20030212       0.001563
20030213      -0.007441
20030214       0.012092
20030218       0.010872
20030219      -0.007210
20030220      -0.006548
20030221       0.009467
20030224      -0.016026
20030225       0.002292
20030226      -0.006379
20030227       0.000606
20030228      -0.008959
20030303      -0.012705
20030304      -0.011507
20030305       0.013769
20030306      -0.010372
20030307       0.010106
20030310      -0.014452
20030311       0.011405
20030312       0.015489
20030313       0.018670
20030314      -0.000958
20030317       0.025180
20030318       0.013099
20030319       0.015008
20030320       0.000910
20030321       0.010227
20030324      -0.015073
20030325       0.005254
20030326       0.003522
20030327       0.005094
20030328      -0.001577
20030331       0.004625
20030401       0.005278
20030402       0.006702
20030403      -0.007545
20030404       0.007938
20030407      -0.008209
20030408       0.005480
20030409      -0.006785
20030410      -0.005824
20030411       0.004844
20030414       0.008408
20030415       0.003780
20030416      -0.008678
20030417       0.001796
20030421       0.001905
20030422       0.019009
20030423      -0.006364
20030424      -0.007510
20030425      -0.008123
20030428       0.017388
20030429       0.001764
20030430      -0.011007
20030501       0.000223
20030502       0.003116
20030505      -0.000111
20030506      -0.004881
20030507       0.001672
20030508      -0.008125
20030509       0.004264
20030512      -0.006927
20030513      -0.012039
20030514       0.008997
20030515       0.014673
20030516       0.004672
20030519      -0.003211
20030520      -0.007553
20030521       0.000895
20030522       0.001677
20030523       0.002456
20030527       0.014588
20030528       0.007354
20030529      -0.007082
20030530       0.007572
20030602      -0.005445
20030603       0.007994
20030604       0.003476
20030605      -0.010718
20030606      -0.006347
20030609      -0.002533
20030610       0.000331
20030611      -0.001104
20030612       0.003536
20030613       0.003854
20030616       0.013491
20030617      -0.005520
20030618      -0.003809
20030619      -0.012344
20030620       0.009070
20030623       0.002960
20030624       0.009617
20030625      -0.018294
20030626      -0.004521
20030627      -0.012295
20030630       0.000112
20030701       0.008746
20030702       0.001667
20030703      -0.001665
20030707       0.009226
20030708      -0.007600
20030709      -0.017758
20030710      -0.001695
20030711       0.002377
20030714      -0.002484
20030715       0.004641
20030716       0.003211
20030717      -0.004967
20030718       0.018834
20030721      -0.007127
20030722       0.003813
20030723      -0.006704
20030724      -0.007537
20030725       0.014961
20030728      -0.013847
20030729      -0.013702
20030730       0.007463
20030731       0.001368
20030801      -0.013315
20030804       0.013149
20030805      -0.003529
20030806       0.014509
20030807      -0.006757
20030808       0.009977
20030811       0.000449
20030812       0.003254
20030813      -0.003355
20030814      -0.001571
20030815       0.001686
20030818      -0.008079
20030819      -0.006787
20030820      -0.004784
20030821      -0.007782
20030822       0.000115
20030825       0.005420
20030826       0.005621
20030827      -0.004791
20030828       0.001719
20030829      -0.001259
20030902       0.009050
20030903       0.008174
20030904       0.029617
20030905      -0.004922
20030908       0.007035
20030909      -0.005130
20030910      -0.002085
20030911       0.006486
20030912       0.003932
20030915      -0.001850
20030916       0.009265
20030917      -0.000972
20030918       0.008108
20030919      -0.006220
20030922      -0.005180
20030923       0.001302
20030924       0.000650
20030925      -0.002273
20030926      -0.004774
20030929       0.012865
20030930      -0.000861
20031001       0.012497
20031002       0.005320
20031003       0.004445
20031006      -0.009378
20031007       0.011594
20031008      -0.001262
20031009       0.000105
20031010       0.006316
20031013      -0.000941
20031014       0.005131
20031015      -0.003750
20031016       0.006902
20031017      -0.000935
20031020      -0.002287
20031021      -0.002709
20031022      -0.000052
20031023      -0.001155
20031024       0.009564
20031027       0.007704
20031028       0.007231
20031029      -0.002462
20031030       0.006889
20031031       0.003676
20031103      -0.008037
20031104      -0.001538
20031105      -0.000411
20031106       0.002569
20031107      -0.007688
20031110      -0.008367
20031111      -0.000729
20031112       0.011154
20031113      -0.006701
20031114      -0.006642
20031117       0.003448
20031118      -0.003957
20031119       0.004391
20031120      -0.006973
20031121       0.003668
20031124       0.008981
20031125       0.002587
20031126      -0.010220
20031128       0.003755
20031201       0.008313
20031202      -0.001134
20031203      -0.001238
20031204      -0.000207
20031205      -0.002893
20031208       0.003523
20031209      -0.002891
20031210       0.003210
20031211      -0.009083
20031212       0.008542
20031215       0.010328
20031216       0.008485
20031217      -0.002737
20031218       0.009453
20031219      -0.018024
20031222       0.006460
20031223       0.003362
20031224      -0.001422
20031226      -0.001017
20031229       0.009772
20031230       0.004738
20031231       0.002107
20040102      -0.008911
20040105       0.004950
20040106      -0.005026
20040107      -0.008891
20040108       0.010499
20040109       0.005145
20040112       0.006122
20040113      -0.005486
20040114       0.003310
20040115      -0.005198
20040116      -0.005125
20040120      -0.003333
20040121       0.009476
20040122       0.000807
20040123      -0.008768
20040126       0.014945
20040127      -0.006511
20040128      -0.005646
20040129       0.024133
20040130       0.000792
20040202       0.005936
20040203       0.003344
20040204       0.011566
20040205      -0.004942
20040206      -0.003214
20040209       0.001856
20040210      -0.001950
20040211       0.008305
20040212      -0.007849
20040213      -0.003321
20040217       0.010485
20040218      -0.001649
20040219      -0.005051
20040220       0.000683
20040223       0.010439
20040224      -0.017283
20040225       0.008941
20040226       0.003700
20040227      -0.005433
20040301       0.013169
20040302      -0.016753
20040303       0.003329
20040304      -0.003514
20040305      -0.003330
20040308       0.006977
20040309       0.000195
20040310       0.029661
20040311      -0.014972
20040312       0.001635
20040315      -0.015367
20040316       0.005267
20040317       0.011256
20040318       0.002015
20040319      -0.003830
20040322      -0.000577
20040323      -0.005867
20040324      -0.003290
20040325       0.014754
20040326      -0.005644
20040329       0.008947
20040330       0.010488
20040331      -0.010379
20040401       0.010488
20040402       0.001227
20040405       0.002262
20040406       0.006112
20040407      -0.005140
20040408      -0.000470
20040412       0.006767
20040413      -0.011109
20040414      -0.001133
20040415       0.002930
20040416      -0.001414
20040419       0.000472
20040420      -0.013299
20040421      -0.005449
20040422       0.010527
20040423       0.003441
20040426       0.002381
20040427       0.003706
20040428      -0.013822
20040429       0.017279
20040430      -0.002076
20040503       0.009835
20040504      -0.004588
20040505       0.004798
20040506       0.009082
20040507      -0.009835
20040510      -0.009839
20040511       0.003880
20040512       0.000566
20040513      -0.007820
20040514       0.010445
20040517      -0.001222
20040518      -0.002070
20040519      -0.005469
20040520       0.011471
20040521       0.002062
20040524      -0.006922
20040525       0.014976
20040526      -0.001485
20040527       0.009108
20040528      -0.006999
20040601       0.007234
20040602       0.001934
20040603      -0.007904
20040604      -0.000741
20040607       0.015111
20040608       0.007215
20040609       0.004262
20040610      -0.002167
20040614       0.000181
20040615       0.004523
20040616       0.001261
20040617      -0.007285
20040618      -0.001631
20040621       0.007351
20040622       0.006847
20040623       0.001432
20040624      -0.011973
20040625      -0.009767
20040628      -0.002740
20040629       0.004579
20040630      -0.007475
20040701      -0.003490
20040702       0.001475
20040706      -0.003313
20040707       0.004986
20040708       0.002389
20040709       0.003116
20040712       0.002924
20040713       0.000364
20040714       0.003279
20040715      -0.001271
20040716       0.001636
20040719      -0.007622
20040720      -0.003292
20040721      -0.018532
20040722       0.002630
20040723      -0.016673
20040726       0.012002
20040727       0.014495
20040728      -0.008350
20040729      -0.009731
20040730      -0.014550
20040802       0.022819
20040803       0.005999
20040804       0.007454
20040805      -0.016833
20040806      -0.003010
20040809       0.001887
20040810       0.020908
20040811       0.008672
20040812      -0.006951
20040813       0.003131
20040816       0.009365
20040817      -0.002365
20040818       0.006565
20040819      -0.013044
20040820       0.006791
20040823      -0.001823
20040824       0.003653
20040825       0.006369
20040826       0.007233
20040827       0.005027
20040830      -0.008396
20040831       0.008287
20040901       0.004109
20040902       0.005160
20040903       0.001062
20040907       0.001768
20040908       0.001412
20040909      -0.011281
20040910       0.001605
20040913       0.001602
20040914       0.006753
20040915      -0.006178
20040916      -0.006927
20040917       0.006260
20040920      -0.033416
20040921       0.009195
20040922      -0.010569
20040923      -0.000368
20040924      -0.003685
20040927      -0.008321
20040928       0.002610
20040929       0.012832
20040930      -0.006243
20041001       0.009978
20041004      -0.005671
20041005      -0.001656
20041006       0.000737
20041007      -0.012155
20041008      -0.003542
20041011       0.004116
20041012      -0.002609
20041013      -0.009527
20041014      -0.000943
20041015       0.013593
20041018      -0.000559
20041019      -0.012300
20041020       0.015283
20041021       0.001120
20041022      -0.010630
20041025      -0.013572
20041026       0.016816
20041027      -0.026875
20041028      -0.009077
20041029      -0.002534
20041101      -0.003517
20041102      -0.000588
20041103       0.017461
20041104       0.025646
20041105       0.006204
20041108      -0.004297
20041109      -0.009758
20041110       0.004359
20041111       0.018868
20041112       0.011111
20041115      -0.002198
20041116      -0.002386
20041117       0.002576
20041118       0.005139
20041119      -0.008216
20041122       0.002577
20041123      -0.007345
20041124      -0.002220
20041126      -0.005562
20041129       0.008576
20041130      -0.011460
20041201       0.022064
20041202       0.021222
20041203      -0.007703
20041206      -0.019679
20041207      -0.004788
20041208       0.018320
20041209       0.024532
20041210       0.001064
20041213       0.000886
20041214       0.000000
20041215      -0.006550
20041216      -0.000356
20041217      -0.011765
20041220       0.002706
20041221       0.008635
20041222      -0.002675
20041223      -0.005901
20041227      -0.003418
20041228       0.000722
20041229      -0.003607
20041230       0.003802
20041231      -0.006673
20050103       0.001997
20050104      -0.012502
20050105       0.010459
20050106       0.004903
20050107       0.010481
20050110       0.007868
20050111      -0.001065
20050112       0.003730
20050113      -0.017342
20050114       0.006303
20050118       0.001969
20050119       0.016789
20050120       0.000353
20050121      -0.018519
20050124      -0.007907
20050125       0.009419
20050126      -0.005204
20050127      -0.002164
20050128      -0.021150
20050131      -0.016990
20050201      -0.006763
20050202       0.010025
20050203      -0.002996
20050204      -0.011645
20050207      -0.001710
20050208      -0.010470
20050209      -0.009042
20050210       0.002136
20050211       0.010267
20050214       0.010546
20050215       0.014801
20050216      -0.003179
20050217       0.000375
20050218       0.003188
20050222      -0.023364
20050223       0.023732
20050224       0.006356
20050225       0.006688
20050228      -0.020299
20050301       0.007911
20050302       0.001495
20050303      -0.002053
20050304       0.006918
20050307      -0.002785
20050308      -0.006518
20050309      -0.006560
20050310       0.005094
20050311      -0.014267
20050314       0.014093
20050315      -0.006197
20050316      -0.002079
20050317      -0.001136
20050318       0.012322
20050321      -0.012360
20050322      -0.013083
20050323       0.014986
20050324      -0.004354
20050328      -0.001711
20050329      -0.012379
20050330       0.028924
20050331      -0.006747
20050401      -0.007358
20050404       0.024520
20050405       0.001855
20050406      -0.000741
20050407       0.020571
20050408      -0.010350
20050411       0.015413
20050412       0.003253
20050413      -0.005584
20050414      -0.003804
20050415      -0.003636
20050418      -0.003650
20050419      -0.004945
20050420      -0.012148
20050421       0.014984
20050422      -0.005536
20050425      -0.001113
20050426      -0.008545
20050427       0.002998
20050428       0.008593
20050429       0.002964
20050502       0.012004
20050503       0.001825
20050504       0.004372
20050505      -0.006529
20050506      -0.000548
20050509       0.004201
20050510      -0.001819
20050511       0.010933
20050512      -0.000721
20050513      -0.012446
20050516       0.007123
20050517       0.008887
20050518       0.013841
20050519       0.003901
20050520      -0.002473
20050523       0.000000
20050524      -0.008499
20050525      -0.004821
20050526       0.001436
20050527      -0.000896
20050531      -0.010940
20050601       0.017588
20050602      -0.002673
20050603      -0.012507
20050606       0.000724
20050607       0.002531
20050608      -0.002525
20050609      -0.001989
20050610      -0.008152
20050613      -0.008037
20050614       0.001473
20050615       0.000184
20050616      -0.002757
20050617       0.003134
20050620      -0.003124
20050621       0.001475
20050622       0.002025
20050623      -0.014328
20050624      -0.015654
20050627      -0.002840
20050628       0.012531
20050629       0.002625
20050630      -0.013466
20050701       0.002844
20050705      -0.002836
20050706      -0.004739
20050707      -0.006476
20050708       0.015337
20050711       0.017749
20050712       0.000742
20050713       0.011865
20050714       0.003115
20050715      -0.004566
20050718       0.002202
20050719       0.004760
20050720       0.007653
20050721       0.001999
20050722      -0.002539
20050725      -0.000909
20050726       0.003094
20050727       0.004718
20050728       0.008127
20050729      -0.003404
20050801      -0.005573
20050802       0.000723
20050803      -0.006503
20050804      -0.015091
20050805      -0.001292
20050808       0.002773
20050809      -0.005714
20050810      -0.004264
20050811      -0.000931
20050812      -0.002050
20050815       0.011765
20050816      -0.011074
20050817      -0.002986
20050818       0.014227
20050819       0.006645
20050822       0.011368
20050823       0.004351
20050824      -0.014079
20050825       0.006957
20050826      -0.000727
20050829       0.012373
20050830      -0.004313
20050831       0.001444
20050901       0.005047
20050902       0.004125
20050906       0.010359
20050907      -0.005480
20050908      -0.001955
20050909       0.013357
20050912      -0.005975
20050913      -0.018034
20050914      -0.009363
20050915       0.008724
20050916       0.008108
20050919      -0.006970
20050920       0.008639
20050921      -0.002498
20050922       0.014132
20050923       0.000882
20050926      -0.002644
20050927       0.009012
20050928       0.005954
20050929       0.012187
20050930       0.022704
20051003      -0.002523
20051004      -0.020738
20051005      -0.016701
20051006      -0.015584
20051007      -0.003202
20051010      -0.003569
20051011       0.003044
20051012       0.000357
20051013       0.003034
20051014      -0.001601
20051017      -0.005881
20051018      -0.007709
20051019       0.010840
20051020      -0.008981
20051021      -0.006525
20051024       0.005291
20051025       0.008893
20051026      -0.010793
20051027       0.000546
20051028       0.016358
20051031       0.001252
20051101      -0.013217
20051102       0.007240
20051103       0.005570
20051104      -0.000715
20051107      -0.006080
20051108       0.002339
20051109       0.005206
20051110       0.006607
20051111       0.000000
20051114      -0.007983
20051115       0.001431
20051116       0.010714
20051117       0.009717
20051118       0.005249
20051121       0.003307
20051122      -0.008675
20051123      -0.002275
20051125       0.004736
20051128      -0.002968
20051129       0.009981
20051130      -0.008495
20051201       0.007869
20051202      -0.004858
20051205       0.001220
20051206      -0.000348
20051207      -0.006445
20051208      -0.000526
20051209       0.005613
20051212      -0.007326
20051213       0.028115
20051214       0.018971
20051215      -0.010567
20051216      -0.014918
20051219       0.007572
20051220      -0.005807
20051221       0.005326
20051222       0.004443
20051223       0.001701
20051227      -0.004755
20051228      -0.001024
20051229      -0.002050
20051230      -0.009243
20060103       0.015549
20060104       0.001871
20060105      -0.003226
20060106      -0.001022
20060109       0.007503
20060110      -0.003893
20060111       0.003568
20060112      -0.011006
20060113       0.008389
20060117      -0.004244
20060118       0.005115
20060119      -0.002727
20060120      -0.011451
20060123      -0.003458
20060124       0.003990
20060125       0.010368
20060126       0.005986
20060127       0.015641
20060130      -0.010044
20060131       0.001522
20060201       0.009961
20060202      -0.002842
20060203       0.000503
20060206       0.001843
20060207      -0.007861
20060208       0.002529
20060209       0.002522
20060210       0.001342
20060213      -0.004355
20060214       0.006730
20060215       0.004512
20060216       0.010314
20060217       0.004446
20060221      -0.001967
20060222       0.017411
20060223      -0.007427
20060224       0.000325
20060227      -0.002439
20060228      -0.023146
20060301       0.003004
20060302      -0.009316
20060303       0.002015
20060306       0.000000
20060307       0.010558
20060308       0.012769
20060309       0.005404
20060310       0.013844
20060313      -0.004337
20060314      -0.031784
20060315      -0.001833
20060316      -0.008514
20060317      -0.004883
20060320       0.001354
20060321      -0.002535
20060322       0.007793
20060323      -0.014120
20060324       0.001535
20060327      -0.007661
20060328      -0.013038
20060329       0.003650
20060330      -0.001905
20060331       0.000000
20060403       0.004338
20060404       0.002073
20060405      -0.006552
20060406      -0.002083
20060407      -0.003826
20060410      -0.002270
20060411      -0.011549
20060412      -0.001239
20060413       0.003190
20060417      -0.010071
20060418       0.002320
20060419       0.003917
20060420       0.003389
20060421       0.001422
20060424       0.004615
20060425       0.011837
20060426       0.012921
20060427       0.006378
20060428      -0.002912
20060501      -0.005669
20060502       0.003974
20060503      -0.032525
20060504      -0.006403
20060505      -0.002327
20060508       0.010946
20060509       0.002840
20060510      -0.002832
20060511      -0.012247
20060512      -0.011501
20060515       0.010180
20060516       0.008458
20060517      -0.012670
20060518      -0.007952
20060519      -0.013481
20060522       0.002401
20060523       0.003869
20060524       0.006056
20060525       0.008026
20060526      -0.002352
20060530      -0.013604
20060531      -0.002391
20060601       0.004240
20060602      -0.009728
20060605      -0.014272
20060606       0.003573
20060607      -0.002436
20060608       0.028174
20060609      -0.005298
20060612      -0.002571
20060613      -0.003314
20060614       0.012932
20060615       0.000912
20060616       0.002551
20060619      -0.002726
20060620       0.012940
20060621       0.004318
20060622       0.000537
20060623      -0.002149
20060626       0.004665
20060627      -0.004287
20060628       0.000359
20060629       0.021876
20060630      -0.024390
20060703       0.012590
20060705      -0.006572
20060706       0.009297
20060707       0.000886
20060710       0.008496
20060711       0.004739
20060712      -0.011179
20060713      -0.001237
20060714      -0.015564
20060717       0.002875
20060718      -0.000179
20060719       0.020426
20060720      -0.000530
20060721      -0.009539
20060724       0.014803
20060725      -0.000352
20060726      -0.003692
20060727      -0.004059
20060728       0.006556
20060731      -0.010738
20060801      -0.004804
20060802       0.042196
20060803       0.019900
20060804       0.000000
20060807      -0.000841
20060808       0.005387
20060809      -0.003014
20060810       0.012093
20060811       0.000000
20060814      -0.008297
20060815       0.011379
20060816      -0.000331
20060817      -0.001324
20060818       0.000829
20060821       0.006458
20060822       0.004442
20060823      -0.002129
20060824       0.002134
20060825      -0.002948
20060828       0.001807
20060829       0.003608
20060830       0.008987
20060831       0.002429
20060901       0.000162
20060905      -0.005653
20060906      -0.001949
20060907       0.001465
20060908      -0.006338
20060911       0.012758
20060912      -0.001130
20060913      -0.020857
20060914       0.003468
20060915       0.002139
20060918      -0.006568
20060919       0.006777
20060920       0.011821
20060921       0.001785
20060922       0.001134
20060925       0.007766
20060926       0.003050
20060927       0.004001
20060928      -0.007492
20060929      -0.004497
20061002       0.000968
20061003       0.004191
20061004       0.016693
20061005       0.002842
20061006      -0.006770
20061009      -0.003804
20061010      -0.002068
20061011      -0.003827
20061012      -0.001120
20061013      -0.004486
20061016      -0.001288
20061017       0.003223
20061018       0.010442
20061019      -0.001438
20061020       0.002880
20061023       0.009572
20061024      -0.006321
20061025       0.003976
20061026       0.005861
20061027       0.000945
20061030       0.003933
20061031      -0.006582
20061101      -0.005521
20061102       0.003648
20061103       0.002055
20061106       0.002524
20061107       0.008653
20061108      -0.001092
20061109      -0.003748
20061110      -0.001567
20061113      -0.007064
20061114      -0.000791
20061115      -0.001266
20061116       0.006337
20061117       0.005353
20061120      -0.002662
20061121      -0.006751
20061122       0.006007
20061124      -0.001728
20061127      -0.010861
20061128       0.003660
20061129       0.002220
20061130      -0.006644
20061201      -0.001593
20061204       0.011645
20061205       0.001419
20061206       0.004566
20061207       0.000000
20061208       0.001411
20061211      -0.000313
20061212      -0.002662
20061213      -0.004710
20061214      -0.000789
20061215       0.011997
20061218       0.000780
20061219       0.003585
20061220       0.001242
20061221      -0.006515
20061222      -0.003903
20061226       0.006113
20061227       0.003583
20061228       0.000931
20061229      -0.003257
20070103       0.004201
20070104      -0.007592
20070105      -0.008587
20070108       0.002205
20070109      -0.002514
20070110       0.011972
20070111       0.006227
20070112       0.005569
20070116       0.000000
20070117       0.010308
20070118       0.002754
20070119       0.008392
20070122      -0.005598
20070123      -0.001217
20070124      -0.001980
20070125      -0.009006
20070126      -0.000924
20070129       0.000308
20070130      -0.004470
20070131       0.004335
20070201       0.007245
20070202       0.000000
20070205      -0.002908
20070206      -0.008596
20070207      -0.001703
20070208       0.001706
20070209      -0.002477
20070212      -0.004191
20070213       0.008572
20070214       0.002627
20070215       0.001695
20070216       0.001231
20070220      -0.002920
20070221      -0.002928
20070222       0.000309
20070223       0.001700
20070226      -0.005862
20070227      -0.049503
20070228       0.036571
20070301       0.002993
20070302      -0.008166
20070305      -0.005858
20070306       0.002389
20070307      -0.013664
20070308       0.003705
20070309      -0.002407
20070312      -0.001126
20070313      -0.014817
20070314       0.003106
20070315       0.008963
20070316      -0.004846
20070319       0.006006
20070320       0.004840
20070321       0.010918
20070322       0.014136
20070323      -0.000783
20070326       0.001567
20070327      -0.009859
20070328      -0.004109
20070329       0.003968
20070330      -0.001581
20070402      -0.002217
20070403      -0.001904
20070404       0.002385
20070405      -0.000793
20070409       0.004127
20070410      -0.000790
20070411      -0.002689
20070412       0.007614
20070413      -0.002204
20070416       0.005522
20070417       0.002668
20070418      -0.002191
20070419      -0.002196
20070420       0.002829
20070423      -0.002665
20070424       0.001572
20070425       0.002354
20070426      -0.008500
20070427      -0.000159
20070430       0.022547
20070501      -0.022360
20070502      -0.009371
20070503      -0.005932
20070504       0.006613
20070507      -0.003685
20070508      -0.006915
20070509       0.004210
20070510      -0.008386
20070511       0.002602
20070514       0.001135
20070515       0.005671
20070516       0.020139
20070517       0.000790
20070518       0.001736
20070521      -0.003308
20070522      -0.004267
20070523       0.001587
20070524      -0.003645
20070525       0.001432
20070529       0.010959
20070530       0.003142
20070531      -0.004699
20070601      -0.001101
20070604      -0.004568
20070605       0.004273
20070606      -0.004255
20070607      -0.013768
20070608       0.012035
20070611      -0.000317
20070612      -0.014116
20070613       0.003378
20070614       0.000802
20070615       0.002403
20070618      -0.012786
20070619       0.000809
20070620       0.001941
20070621      -0.000969
20070622      -0.013736
20070625       0.000819
20070626       0.001801
20070627       0.003922
20070628      -0.001140
20070629      -0.002771
20070702       0.008988
20070703       0.000810
20070705      -0.001942
20070706      -0.003081
20070709       0.000651
20070710      -0.007965
20070711       0.008684
20070712       0.022255
20070713      -0.004290
20070716       0.007820
20070717      -0.007443
20070718       0.004148
20070719       0.003195
20070720      -0.010193
20070723       0.019147
20070724      -0.005999
20070725       0.000318
20070726      -0.006669
20070727       0.004156
20070730       0.007163
20070731      -0.022285
20070801       0.021015
20070802       0.002217
20070803      -0.006635
20070806       0.033715
20070807       0.003539
20070808      -0.001073
20070809      -0.002916
20070810       0.006464
20070813      -0.016975
20070814      -0.008712
20070815      -0.003767
20070816       0.008664
20070817       0.020615
20070820      -0.005203
20070821      -0.008460
20070822       0.004344
20070823       0.004634
20070824       0.013684
20070827      -0.010617
20070828      -0.008125
20070829       0.006492
20070830      -0.001689
20070831       0.004615
20070904       0.002144
20070905       0.000153
20070906       0.009930
20070907      -0.009681
20070910       0.006568
20070911       0.016540
20070912       0.004777
20070913       0.002229
20070914       0.005188
20070917       0.002065
20070918       0.010743
20070919       0.001602
20070920       0.002762
20070921       0.005944
20070924       0.005909
20070925       0.000716
20070926       0.009449
20070927      -0.005815
20070928       0.003424
20071001       0.008104
20071002      -0.002538
20071003      -0.004524
20071004       0.005965
20071005       0.000000
20071008      -0.001694
20071009       0.005233
20071010       0.004502
20071011       0.005182
20071012      -0.000975
20071015      -0.009763
20071016      -0.002535
20071017       0.001694
20071018       0.004392
20071019      -0.001410
20071022       0.003672
20071023       0.002815
20071024       0.001684
20071025      -0.000420
20071026       0.005606
20071029       0.001115
20071030      -0.040095
20071031       0.008267
20071101      -0.013377
20071102       0.013996
20071105       0.009058
20071106       0.004132
20071107      -0.014900
20071108       0.020455
20071109      -0.005929
20071112       0.004970
20071113       0.011304
20071114      -0.000419
20071115       0.004054
20071116       0.018934
20071119      -0.005055
20071120       0.005356
20071121      -0.012976
20071123       0.008303
20071126      -0.009196
20071127       0.013021
20071128       0.010666
20071129       0.003247
20071130      -0.002023
20071203      -0.006487
20071204      -0.003128
20071205       0.007095
20071206       0.005013
20071207      -0.000809
20071210       0.002833
20071211      -0.006592
20071212       0.011241
20071213      -0.003616
20071214      -0.006720
20071217      -0.008931
20071218      -0.005462
20071219       0.001922
20071220       0.002877
20071221       0.012160
20071224      -0.001890
20071226       0.001352
20071227      -0.002026
20071228       0.004872
20071231      -0.011178
20080102      -0.015119
20080103       0.000000
20080104      -0.004011
20080107       0.006526
20080108       0.002621
20080109      -0.001926
20080110      -0.000827
20080111      -0.031733
20080114       0.001567
20080115      -0.008394
20080116      -0.007317
20080117      -0.011185
20080118      -0.013515
20080122      -0.030082
20080123       0.017043
20080124      -0.001359
20080125      -0.012698
20080128      -0.000306
20080129      -0.009343
20080130       0.006339
20080131       0.005070
20080201       0.009630
20080204       0.001514
20080205      -0.016780
20080206       0.004151
20080207       0.007043
20080208      -0.011403
20080211       0.015072
20080212       0.017576
20080213      -0.002382
20080214      -0.005522
20080215      -0.004953
20080219       0.000151
20080220      -0.002111
20080221      -0.003174
20080222       0.003790
20080225       0.007099
20080226       0.014997
20080227      -0.006944
20080228      -0.003571
20080229      -0.011796
20080303       0.002569
20080304      -0.004521
20080305       0.009877
20080306      -0.002884
20080307      -0.010675
20080310      -0.000608
20080311       0.013686
20080312       0.005701
20080313       0.004773
20080314      -0.009204
20080317       0.004645
20080318       0.022222
20080319      -0.010651
20080320       0.023006
20080324       0.008649
20080325      -0.006145
20080326       0.001438
20080327      -0.003303
20080328       0.000432
20080331       0.009073
20080401       0.015270
20080402      -0.009277
20080403      -0.000142
20080404       0.001845
20080407      -0.001275
20080408       0.001986
20080409      -0.006228
20080410      -0.000427
20080411      -0.002565
20080414       0.001714
20080415       0.001569
20080416      -0.007974
20080417      -0.024686
20080418      -0.005773
20080421       0.009379
20080422      -0.004867
20080423      -0.004446
20080424      -0.005062
20080425      -0.004190
20080428      -0.005109
20080429      -0.004682
20080430       0.017451
20080501      -0.000298
20080502      -0.003431
20080505      -0.002246
20080506       0.000000
20080507      -0.012753
20080508       0.001824
20080509      -0.010771
20080512       0.002147
20080513       0.005815
20080514      -0.003499
20080515       0.013130
20080516       0.005877
20080519       0.001648
20080520      -0.014957
20080521      -0.010477
20080522       0.006905
20080523      -0.005334
20080527      -0.003064
20080528      -0.003074
20080529       0.009249
20080530       0.008859
20080602      -0.010447
20080603       0.000765
20080604       0.015900
20080605       0.003311
20080606      -0.019499
20080609       0.010708
20080610       0.008930
20080611      -0.006901
20080612       0.003928
20080613      -0.000150
20080616      -0.008277
20080617      -0.001517
20080618      -0.012158
20080619      -0.001538
20080620      -0.026811
20080623      -0.003642
20080624      -0.001112
20080625       0.010022
20080626      -0.019531
20080627      -0.028273
20080630       0.005290
20080701       0.019240
20080702       0.011455
20080703       0.015632
20080707      -0.011937
20080708       0.011922
20080709       0.002199
20080710       0.006583
20080711      -0.011990
20080714       0.007565
20080715       0.006570
20080716      -0.000932
20080717       0.000000
20080718      -0.003443
20080721      -0.000471
20080722       0.007228
20080723       0.009360
20080724      -0.002937
20080725      -0.000775
20080728      -0.009773
20080729       0.026790
20080730       0.015716
20080731      -0.016374
20080801      -0.008094
20080804       0.013395
20080805       0.032665
20080806      -0.002943
20080807      -0.004279
20080808       0.031861
20080811      -0.002872
20080812       0.013107
20080813      -0.010520
20080814       0.001580
20080815       0.027112
20080818      -0.004609
20080819      -0.007717
20080820      -0.005939
20080821      -0.005690
20080822       0.024464
20080825      -0.020668
20080826      -0.004135
20080827       0.003150
20080828       0.013560
20080829      -0.017462
20080902       0.010033
20080903       0.013481
20080904      -0.013722
20080905       0.004827
20080908       0.022464
20080909      -0.006633
20080910       0.006955
20080911       0.009532
20080912       0.000958
20080915      -0.013807
20080916      -0.001941
20080917      -0.014722
20080918       0.005216
20080919      -0.013322
20080922      -0.032973
20080923      -0.011170
20080924       0.021700
20080925      -0.003346
20080926       0.004817
20080929      -0.030360
20080930       0.044045
20081001       0.022672
20081002       0.002385
20081003      -0.005879
20081006      -0.034356
20081007      -0.033975
20081008      -0.002264
20081009      -0.078971
20081010      -0.021682
20081013       0.062626
20081014       0.012798
20081015      -0.066771
20081016       0.032598
20081017      -0.000486
20081020       0.035147
20081021      -0.014865
20081022      -0.060356
20081023       0.030803
20081024      -0.028067
20081027      -0.025480
20081028       0.102144
20081029      -0.035426
20081030       0.034268
20081031       0.023145
20081103      -0.002169
20081104       0.025932
20081105      -0.034206
20081106      -0.007209
20081107       0.017995
20081110       0.007133
20081111      -0.017398
20081112      -0.030868
20081113       0.051738
20081114      -0.029823
20081117      -0.009507
20081118       0.027836
20081119      -0.030817
20081120      -0.047214
20081121       0.063374
20081124       0.025202
20081125      -0.023191
20081126      -0.000317
20081128       0.018841
20081201      -0.059984
20081202       0.015705
20081203       0.023438
20081204      -0.025922
20081205       0.022531
20081208      -0.002235
20081209      -0.043207
20081210      -0.011206
20081211      -0.009134
20081212       0.006145
20081215       0.007126
20081216       0.038073
20081217      -0.014930
20081218      -0.006425
20081219      -0.002156
20081222       0.004653
20081223      -0.010420
20081224       0.009360
20081226       0.002318
20081229      -0.005452
20081230       0.015282
20081231       0.011453
20090102       0.015852
20090105      -0.007166
20090106      -0.002887
20090107      -0.017533
20090108      -0.010969
20090109      -0.009104
20090112       0.001336
20090113      -0.007841
20090114      -0.027072
20090115      -0.006913
20090116       0.004699
20090120      -0.005197
20090121       0.009403
20090122      -0.010596
20090123      -0.016854
20090126       0.006607
20090127       0.005854
20090128       0.026102
20090129       0.000688
20090130      -0.063896
20090202      -0.026606
20090203       0.016211
20090204      -0.025784
20090205       0.015232
20090206       0.012753
20090209      -0.019630
20090210      -0.028145
20090211      -0.005637
20090212       0.002346
20090213      -0.003705
20090217      -0.019182
20090218       0.016763
20090219       0.003533
20090220      -0.017211
20090223      -0.026866
20090224       0.017791
20090225       0.003014
20090226      -0.019030
20090227      -0.016337
20090302      -0.026988
20090303      -0.005121
20090304       0.014583
20090305      -0.040372
20090306       0.006828
20090309      -0.033472
20090310       0.022408
20090311      -0.002214
20090312       0.015753
20090313       0.025557
20090316       0.018530
20090317       0.003346
20090318       0.000834
20090319      -0.035610
20090320      -0.015547
20090323       0.047159
20090324      -0.014034
20090325       0.021033
20090326       0.014565
20090327      -0.003897
20090330      -0.026560
20090331      -0.004019
20090401       0.023784
20090402       0.025099
20090403       0.004249
20090406       0.000403
20090407      -0.019537
20090408      -0.004314
20090409       0.014854
20090413      -0.023379
20090414      -0.016445
20090415       0.031746
20090416       0.034462
20090417       0.024390
20090420      -0.018002
20090421       0.012616
20090422      -0.025891
20090423      -0.005645
20090424       0.003852
20090427       0.009291
20090428      -0.005603
20090429       0.014691
20090430      -0.019437
20090501       0.001214
20090504       0.030101
20090505      -0.023534
20090506       0.021089
20090507       0.009835
20090508       0.004480
20090511      -0.023269
20090512       0.011316
20090513       0.000393
20090514      -0.003140
20090515      -0.002559
20090518       0.036511
20090519       0.008187
20090520       0.020208
20090521      -0.018512
20090522       0.000189
20090526       0.014143
20090527      -0.037189
20090528       0.015643
20090529      -0.012360
20090601       0.027339
20090602       0.006559
20090603       0.001862
20090604      -0.008549
20090605      -0.003186
20090608      -0.000752
20090609      -0.013737
20090610      -0.006296
20090611      -0.001344
20090612       0.010383
20090615      -0.023216
20090616      -0.023963
20090617      -0.001796
20090618       0.023195
20090619      -0.010358
20090622      -0.001580
20090623      -0.000198
20090624       0.000000
20090625       0.022354
20090626       0.001354
20090629       0.009275
20090630      -0.021635
20090701       0.017613
20090702      -0.017115
20090706       0.020740
20090707      -0.004984
20090708       0.014063
20090709      -0.004369
20090710      -0.003625
20090713       0.014554
20090714       0.010570
20090715       0.020732
20090716       0.010247
20090717       0.012860
20090720      -0.006438
20090721      -0.001260
20090722      -0.003244
20090723       0.005285
20090724       0.012328
20090727      -0.001075
20090728      -0.001255
20090729       0.007360
20090730       0.001960
20090731      -0.012805
20090803       0.001802
20090804      -0.002697
20090805      -0.027948
20090806      -0.045446
20090807       0.011077
20090810       0.002691
20090811      -0.004600
20090812       0.002889
20090813       0.004224
20090814       0.001338
20090817      -0.003055
20090818       0.004597
20090819       0.006673
20090820       0.004167
20090821       0.010562
20090824      -0.004479
20090825       0.001125
20090826      -0.000749
20090827      -0.005622
20090828       0.002450
20090831       0.017297
20090901      -0.020144
20090902      -0.004149
20090903       0.001326
20090904      -0.000189
20090908       0.025350
20090909      -0.008118
20090910       0.042411
20090911      -0.007138
20090914      -0.006111
20090915      -0.004882
20090916       0.005088
20090917       0.003978
20090918       0.032235
20090921      -0.003838
20090922       0.002452
20090923       0.000175
20090924       0.010306
20090925       0.002939
20090928       0.002586
20090929      -0.004298
20090930       0.000173
20091001      -0.022445
20091002       0.002296
20091005      -0.001233
20091006       0.006175
20091007      -0.001403
20091008       0.012291
20091009      -0.001561
20091012      -0.001042
20091013      -0.004174
20091014       0.000873
20091015      -0.001221
20091016       0.003494
20091019       0.006093
20091020       0.005883
20091021      -0.003441
20091022       0.011132
20091023      -0.008429
20091026      -0.012838
20091027       0.004921
20091028       0.000874
20091029       0.040363
20091030      -0.025865
20091102       0.016379
20091103      -0.006276
20091104       0.007682
20091105       0.024394
20091106       0.009426
20091109       0.013270
20091110       0.000162
20091111       0.005981
20091112      -0.014945
20091113       0.005057
20091116       0.010713
20091117       0.000642
20091118       0.001605
20091119      -0.004166
20091120      -0.005632
20091123       0.015049
20091124       0.001116
20091125       0.001115
20091127      -0.006203
20091130      -0.002081
20091201       0.008982
20091202       0.004451
20091203      -0.009970
20091204       0.000639
20091207      -0.002077
20091208      -0.009605
20091209       0.005980
20091210       0.000000
20091211       0.001607
20091214       0.010747
20091215      -0.014125
20091216       0.000644
20091217      -0.009170
20091218      -0.000649
20091221      -0.004062
20091222       0.000000
20091223       0.000163
20091224      -0.000489
20091228      -0.000490
20091229       0.005388
20091230      -0.003410
20091231      -0.012058
20100104       0.008082
20100105       0.000327
20100106      -0.004743
20100107      -0.005423
20100108      -0.001322
20100111      -0.003971
20100112       0.011462
20100113       0.010347
20100114       0.000975
20100115      -0.012342
20100119       0.014798
20100120      -0.013448
20100121      -0.010091
20100122       0.007854
20100125       0.005306
20100126       0.000990
20100127       0.001977
20100128       0.014307
20100129      -0.002108
20100201       0.007149
20100202       0.014680
20100203      -0.003975
20100204      -0.019952
20100205      -0.001629
20100208      -0.004731
20100209       0.012293
20100210      -0.001457
20100211       0.004702
20100212      -0.003228
20100216       0.017325
20100217       0.000318
20100218       0.008592
20100219       0.000947
20100222      -0.000473
20100223      -0.003311
20100224       0.010758
20100225      -0.002974
20100226      -0.006593
20100301       0.003635
20100302       0.003149
20100303      -0.002511
20100304       0.001888
20100305       0.000314
20100308      -0.007851
20100309       0.001741
20100310      -0.004581
20100311       0.002539
20100312       0.002375
20100315       0.006001
20100316      -0.002669
20100317       0.007556
20100318      -0.004374
20100319       0.001726
20100322       0.000627
20100323       0.010175
20100324      -0.014257
20100325       0.000157
20100326       0.001100
20100329       0.000628
20100330      -0.001098
20100331      -0.006126
20100401       0.001422
20100405       0.006313
20100406      -0.010194
20100407      -0.009666
20100408       0.000960
20100409       0.002717
20100412      -0.000478
20100413       0.004785
20100414       0.003016
20100415      -0.003007
20100416      -0.002381
20100419       0.005887
20100420      -0.000475
20100421       0.006963
20100422      -0.000629
20100423      -0.000786
20100426       0.006295
20100427      -0.012981
20100428       0.008585
20100429      -0.015355
20100430      -0.000643
20100503       0.008366
20100504      -0.015475
20100505       0.007292
20100506      -0.022683
20100507      -0.007243
20100510       0.034986
20100511      -0.000801
20100512       0.010422
20100513      -0.004284
20100514      -0.003347
20100517       0.013431
20100518      -0.002682
20100519       0.000158
20100520      -0.025467
20100521       0.003895
20100524      -0.007276
20100525      -0.005700
20100526      -0.009992
20100527       0.008438
20100528       0.002297
20100601       0.001146
20100602       0.009483
20100603       0.000972
20100604      -0.016181
20100607      -0.002961
20100608       0.025074
20100609      -0.010782
20100610       0.007158
20100611      -0.014537
20100614       0.003934
20100615       0.010776
20100616      -0.011630
20100617       0.009315
20100618      -0.007448
20100621      -0.003263
20100622      -0.006219
20100623       0.010870
20100624      -0.008309
20100625      -0.017743
20100628       0.013882
20100629      -0.004949
20100630      -0.005637
20100701      -0.007336
20100702      -0.002687
20100706      -0.000674
20100707       0.024941
20100708       0.018579
20100709      -0.003228
20100712       0.005506
20100713       0.004832
20100714       0.004328
20100715       0.001117
20100716      -0.011797
20100719      -0.002097
20100720       0.003395
20100721      -0.007704
20100722       0.004255
20100723       0.008799
20100726       0.009853
20100727       0.008957
20100728      -0.006024
20100729      -0.016427
20100730      -0.008270
20100802       0.014716
20100803      -0.034161
20100804      -0.006506
20100805       0.005206
20100806       0.002673
20100809       0.005998
20100810       0.006625
20100811      -0.008391
20100812      -0.004646
20100813      -0.002834
20100816      -0.000836
20100817       0.008700
20100818       0.007630
20100819      -0.009218
20100820      -0.003489
20100823       0.000834
20100824      -0.006164
20100825       0.000168
20100826      -0.002179
20100827       0.004367
20100830      -0.007191
20100831       0.005053
20100901       0.002179
20100902       0.004515
20100903       0.003662
20100907      -0.002488
20100908       0.003824
20100909      -0.001325
20100910       0.001825
20100913       0.001324
20100914       0.002646
20100915       0.007751
20100916       0.000000
20100917      -0.002291
20100920       0.007545
20100921       0.001465
20100922       0.004389
20100923      -0.009225
20100924       0.006860
20100927      -0.009734
20100928      -0.006881
20100929      -0.006104
20100930      -0.004647
20101001       0.003168
20101004      -0.003324
20101005       0.014343
20101006       0.000822
20101007      -0.001150
20101008       0.017434
20101011       0.004526
20101012      -0.001931
20101013       0.009836
20101014       0.002714
20101015      -0.000637
20101018       0.009401
20101019      -0.002683
20101020       0.010633
20101021       0.002209
20101022      -0.001732
20101025       0.002208
20101026      -0.010702
20101027       0.003500
20101028       0.001744
20101029       0.006014
20101101       0.000787
20101102       0.006287
20101103       0.004530
20101104       0.010729
20101105       0.000000
20101108      -0.003846
20101109       0.000927
20101110      -0.003703
20101111      -0.003252
20101112      -0.000466
20101115      -0.000622
20101116      -0.013066
20101117      -0.002837
20101118       0.011854
20101119       0.000469
20101122      -0.007650
20101123      -0.014947
20101124      -0.000160
20101126      -0.007508
20101129       0.000000
20101130      -0.017061
20101201       0.017685
20101202       0.003379
20101203      -0.000481
20101206      -0.004332
20101207       0.001450
20101208       0.007723
20101209       0.003832
20101210       0.005249
20101213      -0.000158
20101214       0.005697
20101215       0.001416
20101216       0.013514
20101217       0.004806
20101220       0.002469
20101221      -0.001539
20101222       0.001233
20101223       0.004465
20101227      -0.008737
20101228       0.001392
20101229      -0.005559
20101230      -0.001863
20101231       0.000778
20110103       0.006840
20110104       0.002779
20110105      -0.002309
20110106      -0.001698
20110107      -0.002937
20110110      -0.002171
20110111      -0.004972
20110112       0.014522
20110113       0.007850
20110114       0.000764
20110118      -0.000458
20110119       0.005066
20110120       0.006886
20110121       0.001672
20110124       0.010165
20110125       0.001802
20110126      -0.008846
20110127      -0.029194
20110128       0.000312
20110131      -0.016667
20110201      -0.003327
20110202      -0.002066
20110203       0.001752
20110204       0.011288
20110207       0.014778
20110208       0.001394
20110209      -0.003868
20110210       0.002951
20110211       0.002323
20110214      -0.002935
20110215      -0.009606
20110216      -0.002503
20110217       0.003764
20110218       0.004688
20110222      -0.003577
20110223       0.001249
20110224      -0.017147
20110225      -0.003331
20110228       0.003342
20110301      -0.004917
20110302      -0.005260
20110303       0.002243
20110304      -0.008313
20110307      -0.005159
20110308       0.005510
20110309      -0.000806
20110310      -0.008226
20110311       0.000000
20110314      -0.002277
20110315      -0.011247
20110316      -0.015331
20110317       0.011719
20110318       0.002813
20110321       0.011551
20110322      -0.006036
20110323      -0.000328
20110324       0.003776
20110325      -0.004253
20110328      -0.003614
20110329       0.010221
20110330       0.011260
20110331      -0.005971
20110401       0.007792
20110404       0.002899
20110405      -0.009476
20110406       0.001459
20110407       0.005991
20110408      -0.003702
20110411       0.004685
20110412       0.011256
20110413       0.001590
20110414       0.004921
20110415       0.013902
20110418      -0.002805
20110419      -0.002187
20110420      -0.002192
20110421      -0.007062
20110425       0.001581
20110426       0.007259
20110427       0.011202
20110428       0.007498
20110429       0.006202
20110502       0.004314
20110503       0.008131
20110504       0.011566
20110505      -0.008876
20110506      -0.009259
20110509      -0.001992
20110510       0.009057
20110511       0.002891
20110512       0.013956
20110513       0.000299
20110516       0.001197
20110517       0.007171
20110518      -0.000593
20110519       0.001187
20110520      -0.001482
20110523      -0.004602
20110524      -0.000597
20110525      -0.009402
20110526      -0.002862
20110527       0.000151
20110531       0.012085
20110601      -0.008955
20110602      -0.005873
20110603      -0.008787
20110606       0.001070
20110607      -0.006718
20110608      -0.003228
20110609       0.002467
20110610      -0.004769
20110613       0.001082
20110614      -0.000154
20110615      -0.015442
20110616       0.007842
20110617       0.006692
20110620       0.006183
20110621      -0.013366
20110622      -0.002491
20110623      -0.009366
20110624      -0.013709
20110627       0.003675
20110628      -0.001592
20110629      -0.002710
20110630       0.016307
20110701       0.011011
20110705      -0.000156
20110706       0.006847
20110707       0.003864
20110708      -0.000308
20110711      -0.003234
20110712      -0.002936
20110713       0.001705
20110714      -0.000619
20110715       0.003560
20110718      -0.004319
20110719       0.000929
20110720       0.001780
20110721       0.004517
20110722      -0.003721
20110725      -0.014630
20110726      -0.003475
20110727      -0.014107
20110728      -0.004502
20110729      -0.006944
20110801      -0.000976
20110802      -0.009116
20110803      -0.002300
20110804      -0.018936
20110805       0.016952
20110808      -0.021456
20110809       0.015686
20110810      -0.028396
20110811       0.033157
20110812       0.011414
20110815       0.012103
20110816      -0.004202
20110817       0.000811
20110818      -0.013134
20110819       0.001643
20110822       0.012303
20110823       0.021228
20110824       0.004602
20110825      -0.012320
20110826       0.000640
20110829       0.008311
20110830       0.006499
20110831       0.002835
20110901      -0.006596
20110902      -0.011224
20110906      -0.002718
20110907       0.005450
20110908       0.003029
20110909      -0.017008
20110912      -0.000162
20110913       0.001779
20110914       0.006458
20110915       0.007058
20110916       0.024689
20110919      -0.008083
20110920       0.004231
20110921      -0.016542
20110922      -0.029356
20110923       0.001308
20110926       0.021061
20110927       0.011513
20110928      -0.008378
20110929       0.015463
20110930      -0.008163
