date           rtn 
20010904      -0.006395
20010905       0.002469
20010906      -0.025770
20010907      -0.018507
20010910       0.012233
20010917      -0.052249
20010918      -0.002397
20010919      -0.020183
20010920      -0.031780
20010921      -0.010749
20010924       0.035156
20010925       0.010427
20010926      -0.003538
20010927       0.008679
20010928       0.021218
20011001      -0.001628
20011002       0.012564
20011003       0.016765
20011004       0.000838
20011005      -0.001955
20011008      -0.006528
20011009      -0.005351
20011010       0.022273
20011011       0.015510
20011012      -0.004545
20011015      -0.001826
20011016       0.006313
20011017      -0.021275
20011018      -0.002137
20011019      -0.000652
20011022       0.019749
20011023      -0.005116
20011024      -0.002663
20011025       0.017952
20011026      -0.002261
20011029      -0.026015
20011030      -0.012006
20011031      -0.003391
20011101       0.025614
20011102       0.006820
20011105       0.013089
20011106       0.015540
20011107      -0.001335
20011108       0.003118
20011109       0.001066
20011112      -0.006121
20011113       0.022494
20011114       0.000960
20011115       0.001831
20011116      -0.004440
20011119       0.012329
20011120      -0.008379
20011121      -0.006620
20011123       0.014381
20011126       0.002161
20011127      -0.004313
20011128      -0.018106
20011129       0.013499
20011130      -0.007139
20011203      -0.005962
20011204       0.016936
20011205       0.018302
20011206      -0.000511
20011207      -0.006647
20011210      -0.018703
20011211      -0.002011
20011212       0.001139
20011213      -0.019426
20011214       0.009548
20011217       0.010342
20011218       0.005949
20011219       0.007045
20011220      -0.009845
20011221       0.006042
20011224      -0.001914
20011226       0.005491
20011227       0.006068
20011228      -0.000517
20011231      -0.014655
20020102       0.010761
20020103       0.011339
20020104       0.006676
20020107      -0.007057
20020108      -0.002312
20020109      -0.008153
20020110       0.004413
20020111      -0.009821
20020114      -0.006264
20020115       0.008142
20020116      -0.020234
20020117       0.007534
20020118      -0.004575
20020122      -0.006893
20020123       0.007653
20020124       0.003091
20020125      -0.000264
20020128       0.002730
20020129      -0.031442
20020130       0.014418
20020131       0.011710
20020201      -0.004683
20020204      -0.024856
20020205      -0.006190
20020206      -0.004305
20020207      -0.006256
20020208       0.019163
20020211       0.012263
20020212      -0.003141
20020213       0.010622
20020214      -0.001870
20020215      -0.010441
20020219      -0.019208
20020220       0.016826
20020221      -0.020707
20020222       0.012373
20020225       0.016509
20020226      -0.002064
20020227       0.003866
20020228      -0.004478
20020301       0.023302
20020304       0.017672
20020305      -0.003197
20020306       0.011874
20020307      -0.002141
20020308       0.004206
20020311       0.002137
20020312      -0.000597
20020313      -0.009644
20020314      -0.001379
20020315       0.009501
20020318       0.000171
20020319       0.006686
20020320      -0.018817
20020321       0.000434
20020322      -0.002168
20020325      -0.012430
20020326       0.005809
20020327       0.002625
20020328      -0.000436
20020401       0.000437
20020402      -0.005499
20020403      -0.007021
20020404      -0.004154
20020405       0.000178
20020408       0.002130
20020409      -0.006995
20020410       0.011325
20020411      -0.024866
20020412       0.007505
20020415      -0.007629
20020416       0.023786
20020417      -0.002120
20020418      -0.004338
20020419       0.003645
20020422      -0.016655
20020423      -0.004324
20020424      -0.010043
20020425       0.000548
20020426      -0.019001
20020429      -0.004935
20020430       0.009358
20020501       0.012238
20020502      -0.003847
20020503      -0.010850
20020506      -0.019613
20020507      -0.003508
20020508       0.037203
20020509      -0.011559
20020510      -0.018840
20020513       0.020337
20020514       0.021785
20020515      -0.003901
20020516       0.005192
20020517       0.004893
20020520      -0.010821
20020521      -0.009116
20020522       0.002208
20020523       0.010648
20020524      -0.012807
20020528      -0.005428
20020529      -0.007401
20020530      -0.002796
20020531       0.002056
20020603      -0.026581
20020604       0.002491
20020605       0.009366
20020606      -0.020358
20020607      -0.001160
20020610       0.003871
20020611      -0.017158
20020612       0.006081
20020613      -0.010041
20020614      -0.001477
20020617       0.026824
20020618       0.008164
20020619      -0.023340
20020620      -0.012778
20020621      -0.015578
20020624       0.005238
20020625      -0.022445
20020626       0.001640
20020627       0.017499
20020628      -0.004727
20020701      -0.019503
20020702      -0.021231
20020703       0.005686
20020705       0.039786
20020708      -0.012486
20020709      -0.025186
20020710      -0.036402
20020711       0.008142
20020712      -0.010983
20020715       0.005335
20020716      -0.019277
20020717       0.001988
20020718      -0.032400
20020719      -0.035194
20020722      -0.029631
20020723      -0.027372
20020724       0.059662
20020725      -0.008499
20020726       0.019048
20020729       0.048715
20020730       0.013033
20020731       0.002419
20020801      -0.026108
20020802      -0.022415
20020805      -0.034797
20020806       0.033664
20020807       0.017439
20020808       0.032350
20020809       0.003738
20020812      -0.007339
20020813      -0.018208
20020814       0.036529
20020815       0.013880
20020816      -0.002995
20020819       0.023386
20020820      -0.010587
20020821       0.014408
20020822       0.009713
20020823      -0.021514
20020826       0.006977
20020827      -0.011547
20020828      -0.021878
20020829       0.000434
20020830      -0.003907
20020903      -0.038135
20020904       0.014273
20020905      -0.008488
20020906       0.013742
20020909       0.007333
20020910       0.011471
20020911      -0.006216
20020912      -0.018435
20020913       0.002459
20020916       0.002453
20020917      -0.022917
20020918      -0.010019
20020919      -0.025877
20020920       0.000332
20020923      -0.008180
20020924      -0.016137
20020925       0.024784
20020926       0.016360
20020927      -0.034760
20020930      -0.011601
20021001       0.048050
20021002      -0.029981
20021003      -0.010102
20021004      -0.018345
20021007      -0.020668
20021008       0.015670
20021009      -0.028244
20021010       0.032394
20021011       0.043780
20021014       0.005585
20021015       0.048092
20021016      -0.024239
20021017       0.019873
20021018       0.004192
20021021       0.017261
20021022      -0.007209
20021023       0.007596
20021024      -0.020399
20021025       0.020824
20021028      -0.006541
20021029      -0.011606
20021030       0.009710
20021031      -0.010176
20021101       0.019770
20021104       0.009527
20021105       0.007901
20021106       0.012956
20021107      -0.024506
20021108      -0.012230
20021111      -0.015505
20021112       0.007931
20021113       0.001012
20021114       0.018866
20021115       0.007385
20021118      -0.010066
20021119      -0.001326
20021120       0.022244
20021121       0.018621
20021122      -0.007121
20021125       0.000642
20021126      -0.019042
20021127       0.028135
20021129      -0.003182
20021202       0.001596
20021203      -0.013386
20021204      -0.004523
20021205      -0.011033
20021206       0.006562
20021209      -0.027491
20021210       0.013408
20021211       0.000882
20021212      -0.000110
20021213      -0.015754
20021216       0.025856
20021217      -0.008729
20021218      -0.011557
20021219      -0.007127
20021220       0.014197
20021223       0.000333
20021224      -0.007387
20021226       0.000392
20021227      -0.022486
20021230       0.008354
20021231       0.001362
20030102       0.032189
20030103       0.003075
20030106       0.017625
20030107      -0.002474
20030108      -0.014451
20030109       0.015538
20030110       0.002694
20030113      -0.000322
20030114       0.003225
20030115      -0.009965
20030116      -0.004113
20030117      -0.014779
20030121      -0.015553
20030122      -0.012101
20030123       0.006125
20030124      -0.026265
20030127      -0.013661
20030128       0.007394
20030129       0.007573
20030130      -0.023705
20030131       0.019306
20030203       0.001975
20030204      -0.009857
20030205      -0.006208
20030206      -0.004714
20030207      -0.012197
20030210       0.007073
20030211      -0.006904
20030212      -0.015942
20030213       0.003045
20030214       0.021858
20030218       0.017588
20030219      -0.005255
20030220      -0.009979
20030221       0.010079
20030224      -0.016201
20030225       0.007995
20030226      -0.014561
20030227       0.013215
20030228       0.006640
20030303      -0.009541
20030304      -0.015935
20030305       0.008459
20030306      -0.008388
20030307       0.006888
20030310      -0.024004
20030311      -0.009838
20030312       0.006706
20030313       0.034542
20030314       0.003220
20030317       0.031499
20030318       0.005877
20030319       0.007676
20030320       0.002160
20030321       0.021263
20030324      -0.033233
20030325       0.009574
20030326      -0.005027
20030327       0.000804
20030328      -0.005049
20030331      -0.022719
20030401       0.015341
20030402       0.024175
20030403      -0.004766
20030404       0.005929
20030407      -0.001927
20030408       0.001590
20030409      -0.013153
20030410       0.005515
20030411      -0.004114
20030414       0.020654
20030415       0.009331
20030416      -0.017042
20030417       0.014844
20030421       0.001005
20030422       0.018851
20030423       0.009196
20030424      -0.008896
20030425      -0.012369
20030428       0.017289
20030429       0.000000
20030430       0.001307
20030501      -0.000109
20030502       0.014255
20030505      -0.001931
20030506       0.009459
20030507      -0.005537
20030508      -0.010065
20030509       0.013845
20030512       0.012269
20030513      -0.001792
20030514      -0.002112
20030515       0.006349
20030516      -0.002523
20030519      -0.023400
20030520      -0.002051
20030521       0.002055
20030522       0.009930
20030523       0.002031
20030527       0.017491
20030528       0.002830
20030529      -0.002613
20030530       0.016034
20030602       0.004126
20030603       0.004109
20030604       0.014425
20030605       0.004941
20030606      -0.003914
20030609      -0.010175
20030610       0.010178
20030611       0.010579
20030612       0.003091
20030613      -0.010436
20030616       0.021093
20030617       0.000000
20030618      -0.000885
20030619      -0.015260
20030620      -0.002197
20030623      -0.010257
20030624       0.001016
20030625      -0.010049
20030626       0.013022
20030627      -0.011538
20030630      -0.000307
20030701       0.009218
20030702       0.012585
20030703      -0.010324
20030707       0.019850
20030708       0.004469
20030709      -0.005635
20030710      -0.012726
20030711       0.009466
20030714       0.004888
20030715      -0.002184
20030716      -0.005870
20030717      -0.014211
20030718       0.010254
20030721      -0.012361
20030722       0.009056
20030723       0.000706
20030724      -0.007557
20030725       0.017667
20030728      -0.003692
20030729      -0.004606
20030730      -0.002414
20030731       0.002319
20030801      -0.008854
20030804       0.000000
20030805      -0.021216
20030806       0.005808
20030807       0.010518
20030808       0.002857
20030811       0.003765
20030812       0.009123
20030813      -0.005123
20030814       0.002726
20030815       0.003122
20030818       0.008633
20030819       0.003782
20030820      -0.004065
20030821       0.003186
20030822      -0.009924
20030825       0.001604
20030826       0.001801
20030827       0.000300
20030828       0.006191
20030829       0.006749
20030902       0.013407
20030903       0.005447
20030904       0.000484
20030905      -0.005609
20030908       0.008266
20030909      -0.006559
20030910      -0.010097
20030911       0.002942
20030912       0.001858
20030915      -0.003514
20030916       0.014595
20030917      -0.001931
20030918       0.011801
20030919      -0.005066
20030922      -0.010803
20030923       0.003803
20030924      -0.017777
20030925      -0.008209
20030926      -0.003291
20030929       0.009805
20030930      -0.009710
20031001       0.021311
20031002       0.003625
20031003       0.009175
20031006       0.004546
20031007       0.003851
20031008      -0.002494
20031009       0.002692
20031010       0.002781
20031013       0.003156
20031014       0.003527
20031015      -0.002660
20031016       0.004000
20031017      -0.010910
20031020       0.007481
20031021      -0.001714
20031022      -0.012588
20031023      -0.001835
20031024       0.002225
20031027       0.000483
20031028       0.013606
20031029       0.001333
20031030       0.002092
20031031      -0.000949
20031103       0.006553
20031104      -0.002170
20031105       0.000756
20031106       0.005291
20031107      -0.007425
20031110      -0.004072
20031111      -0.000285
20031112       0.011222
20031113       0.000282
20031114      -0.008462
20031117      -0.005026
20031118      -0.010388
20031119       0.008475
20031120      -0.008976
20031121       0.004143
20031124       0.013242
20031125       0.003788
20031126       0.003585
20031128       0.000752
20031201       0.010803
20031202      -0.002509
20031203      -0.001584
20031204       0.004106
20031205      -0.006970
20031208       0.006738
20031209      -0.007716
20031210      -0.000094
20031211       0.011243
20031212       0.001946
20031215      -0.004994
20031216       0.005205
20031217       0.003143
20031218       0.011244
20031219      -0.002774
20031222       0.006979
20031223       0.000638
20031224      -0.001002
20031226       0.000730
20031229       0.013309
20031230       0.000180
20031231       0.000899
20040102      -0.000449
20040105       0.010878
20040106       0.000978
20040107       0.003376
20040108       0.003985
20040109      -0.008732
20040112       0.007385
20040113      -0.005829
20040114       0.008351
20040115       0.002467
20040116       0.003955
20040120      -0.000263
20040121       0.007881
20040122      -0.002606
20040123      -0.003223
20040126       0.012584
20040127      -0.010270
20040128      -0.011423
20040129       0.000970
20040130       0.000000
20040202       0.004318
20040203      -0.001667
20040204      -0.008174
20040205       0.002924
20040206       0.011221
20040209       0.000262
20040210       0.003232
20040211       0.010623
20040212      -0.003618
20040213      -0.004496
20040217       0.009033
20040218      -0.004390
20040219      -0.003718
20040220      -0.003037
20040223      -0.002524
20040224      -0.001745
20040225       0.004196
20040226       0.000609
20040227       0.000696
20040301       0.009911
20040302      -0.005854
20040303       0.001818
20040304       0.002593
20040305       0.003362
20040308      -0.012201
20040309      -0.004001
20040310      -0.016769
20040311      -0.012969
20040312       0.013139
20040315      -0.012258
20040316       0.005306
20040317       0.011182
20040318       0.000265
20040319      -0.014285
20040322      -0.012696
20040323      -0.001733
20040324       0.000822
20040325       0.013236
20040326       0.000270
20040329       0.014050
20040330       0.003375
20040331       0.001151
20040401       0.006012
20040402       0.007558
20040405       0.005495
20040406      -0.003210
20040407      -0.002350
20040408      -0.002268
20040412       0.003935
20040413      -0.014022
20040414       0.001590
20040415      -0.003792
20040416       0.007702
20040419       0.000000
20040420      -0.016779
20040421       0.006701
20040422       0.014023
20040423       0.000963
20040426      -0.001399
20040427       0.000876
20040428      -0.012948
20040429      -0.008775
20040430      -0.007780
20040503       0.010725
20040504      -0.000803
20040505       0.006425
20040506      -0.008601
20040507      -0.016546
20040510      -0.010276
20040511       0.008454
20040512       0.006378
20040513      -0.004165
20040514       0.000455
20040517      -0.008542
20040518       0.005041
20040519      -0.003466
20040520       0.003203
20040521       0.001733
20040524       0.004189
20040525       0.014328
20040526       0.003487
20040527       0.005613
20040528      -0.000089
20040601      -0.001329
20040602       0.003726
20040603      -0.009193
20040604       0.007940
20040607       0.015224
20040608       0.001395
20040609      -0.009316
20040610       0.004921
20040614      -0.009882
20040615       0.007066
20040616      -0.000175
20040617      -0.001491
20040618       0.001878
20040621      -0.003784
20040622       0.005035
20040623       0.008614
20040624      -0.003137
20040625      -0.004808
20040628      -0.003426
20040629       0.004143
20040630       0.005355
20040701      -0.013883
20040702      -0.000531
20040706      -0.008770
20040707       0.002949
20040708      -0.007129
20040709       0.002782
20040712       0.000447
20040713       0.000716
20040714      -0.003040
20040715      -0.006456
20040716      -0.000812
20040719      -0.004245
20040720       0.012700
20040721      -0.018452
20040722       0.002738
20040723      -0.008373
20040726      -0.001927
20040727       0.009379
20040728       0.003006
20040729       0.004269
20040730       0.002442
20040802       0.002075
20040803      -0.007743
20040804      -0.000091
20040805      -0.016334
20040806      -0.014299
20040809       0.001404
20040810       0.011402
20040811      -0.000554
20040812      -0.010910
20040813       0.001963
20040816       0.010355
20040817       0.005633
20040818       0.010284
20040819      -0.002908
20040820       0.007019
20040823      -0.002534
20040824       0.001361
20040825       0.006797
20040826       0.000000
20040827       0.003150
20040830      -0.008255
20040831       0.005247
20040901       0.001890
20040902       0.011319
20040903      -0.004086
20040907       0.006600
20040908      -0.002481
20040909      -0.000888
20040910       0.005156
20040913       0.003273
20040914       0.002028
20040915      -0.007566
20040916       0.003014
20040917       0.004232
20040920      -0.006010
20040921       0.004357
20040922      -0.012482
20040923      -0.005379
20040924       0.004597
20040927      -0.006370
20040928       0.004786
20040929       0.005032
20040930      -0.000715
20041001       0.016911
20041004       0.001672
20041005       0.000527
20041006       0.006321
20041007      -0.010208
20041008      -0.008286
20041011       0.004089
20041012      -0.003895
20041013      -0.008798
20041014      -0.008069
20041015       0.005604
20041018       0.003775
20041019      -0.008417
20041020      -0.001987
20041021       0.006515
20041022      -0.011237
20041025      -0.001182
20041026       0.015292
20041027       0.012014
20041028       0.003012
20041029      -0.000177
20041101       0.002739
20041102       0.000352
20041103       0.012594
20041104       0.013655
20041105       0.006263
20041108      -0.001450
20041109      -0.001964
20041110       0.000770
20041111       0.007609
20041112       0.007891
20041115       0.002450
20041116      -0.007159
20041117       0.005938
20041118       0.001349
20041119      -0.011117
20041122       0.004769
20041123       0.001526
20041124       0.002370
20041126      -0.000844
20041129      -0.004479
20041130       0.000679
20041201       0.011367
20041202       0.000839
20041203      -0.000670
20041206      -0.000335
20041207      -0.009311
20041208       0.005843
20041209       0.003536
20041210       0.001007
20041213       0.008715
20041214       0.003489
20041215       0.000745
20041216      -0.000579
20041217      -0.006639
20041220       0.000251
20041221       0.007701
20041222       0.002409
20041223       0.000746
20041227      -0.002070
20041228       0.005476
20041229       0.001485
20041230      -0.001895
20041231      -0.002146
20050103      -0.004716
20050104      -0.013051
20050105      -0.006064
20050106       0.005084
20050107      -0.001433
20050110       0.004728
20050111      -0.006891
20050112       0.003300
20050113      -0.008012
20050114       0.005271
20050118       0.010403
20050119      -0.010463
20050120      -0.006090
20050121      -0.006128
20050124      -0.001969
20050125       0.002831
20050126       0.002995
20050127       0.001706
20050128       0.000000
20050131       0.006216
20050201       0.006347
20050202       0.003027
20050203      -0.002599
20050204       0.010676
20050207      -0.001331
20050208       0.001166
20050209      -0.007487
20050210       0.003604
20050211       0.008602
20050214      -0.000745
20050215       0.003729
20050216       0.000660
20050217      -0.008085
20050218       0.001331
20050222      -0.014868
20050223       0.007167
20050224       0.006614
20050225       0.009897
20050228      -0.006588
20050301       0.004974
20050302      -0.000495
20050303       0.000413
20050304       0.012457
20050307       0.000489
20050308      -0.003746
20050309      -0.011117
20050310       0.002232
20050311      -0.007011
20050314       0.006230
20050315      -0.008255
20050316      -0.008490
20050317       0.002015
20050318      -0.002957
20050321      -0.003712
20050322      -0.010161
20050323       0.000855
20050324       0.001197
20050328       0.001451
20050329      -0.006649
20050330       0.014159
20050331      -0.001862
20050401      -0.004493
20050404       0.001703
20050405       0.004761
20050406       0.003469
20050407       0.005396
20050408      -0.010399
20050411       0.000763
20050412       0.005166
20050413      -0.011794
20050414      -0.013044
20050415      -0.013993
20050418       0.003066
20050419       0.007948
20050420      -0.013950
20050421       0.019420
20050422      -0.003793
20050425       0.006576
20050426      -0.009714
20050427       0.003906
20050428      -0.012538
20050429       0.013573
20050502       0.005616
20050503       0.001718
20050504       0.007719
20050505      -0.000340
20050506      -0.003150
20050509       0.006235
20050510      -0.010355
20050511       0.005489
20050512      -0.011003
20050513      -0.001984
20050516       0.009333
20050517       0.006678
20050518       0.010291
20050519       0.004209
20050520      -0.001425
20050523       0.005541
20050524      -0.002338
20050525      -0.000753
20050526       0.005360
20050527       0.001666
20050531      -0.006403
20050601       0.008537
20050602       0.002158
20050603      -0.005051
20050606      -0.000916
20050607       0.000750
20050608      -0.001831
20050609       0.004754
20050610      -0.002324
20050613       0.003161
20050614       0.002322
20050615       0.001903
20050616       0.002560
20050617       0.003687
20050620       0.000330
20050621       0.000577
20050622       0.000823
20050623      -0.014066
20050624      -0.007342
20050627       0.001429
20050628       0.008393
20050629      -0.002663
20050630      -0.005424
20050701       0.002937
20050705       0.008031
20050706      -0.008382
20050707       0.003934
20050708       0.011421
20050711       0.005110
20050712       0.002624
20050713       0.001390
20050714       0.003921
20050715      -0.000570
20050718      -0.003989
20050719       0.005476
20050720       0.003414
20050721      -0.005833
20050722       0.006682
20050725      -0.002833
20050726       0.001218
20050727       0.003648
20050728       0.006301
20050729      -0.006663
20050801      -0.000727
20050802       0.005985
20050803       0.002653
20050804      -0.008018
20050805      -0.006790
20050808      -0.001872
20050809       0.006033
20050810      -0.000486
20050811       0.003973
20050812      -0.006138
20050815       0.006176
20050816      -0.013003
20050817      -0.000082
20050818      -0.000082
20050819       0.002292
20050822       0.000000
20050823      -0.001878
20050824      -0.008917
20050825       0.003632
20050826      -0.006826
20050829       0.007701
20050830      -0.005259
20050831       0.012639
20050901      -0.000734
20050902      -0.001796
20050906       0.011695
20050907       0.001698
20050908      -0.003309
20050909       0.008907
20050912      -0.002006
20050913      -0.005549
20050914      -0.003639
20050915      -0.000487
20050916       0.007078
20050919      -0.003320
20050920      -0.008449
20050921      -0.009340
20050922       0.003556
20050923       0.000824
20050926       0.001153
20050927      -0.000247
20050928       0.000987
20050929       0.008137
20050930       0.003098
20051003      -0.003576
20051004      -0.011256
20051005      -0.013117
20051006      -0.003594
20051007       0.003440
20051010      -0.008444
20051011      -0.001433
20051012      -0.007853
20051013      -0.000596
20051014       0.010559
20051017       0.003708
20051018      -0.010830
20051019       0.016636
20051020      -0.017616
20051021       0.003909
20051024       0.015491
20051025      -0.002001
20051026      -0.002923
20051027      -0.010639
20051028       0.014395
20051031       0.002755
20051101       0.002997
20051102       0.010457
20051103       0.004271
20051104      -0.001309
20051107       0.000983
20051108       0.000000
20051109       0.001309
20051110       0.007762
20051111       0.003405
20051114      -0.000566
20051115      -0.003638
20051116       0.002029
20051117       0.009313
20051118       0.003931
20051121       0.005035
20051122       0.004294
20051123       0.005780
20051125       0.000787
20051128      -0.007079
20051129      -0.001109
20051130      -0.005393
20051201       0.010207
20051202       0.001263
20051205      -0.002128
20051206       0.001896
20051207      -0.005835
20051208      -0.000635
20051209       0.002619
20051212       0.000950
20051213       0.006801
20051214       0.003927
20051215      -0.002895
20051216      -0.003204
20051219      -0.005144
20051220       0.000955
20051221       0.001589
20051222       0.005237
20051223       0.000553
20051227      -0.010177
20051228       0.002232
20051229      -0.004453
20051230      -0.005432
20060103       0.017589
20060104       0.004736
20060105       0.000628
20060106       0.008322
20060109       0.002569
20060110       0.001009
20060111       0.003181
20060112      -0.003944
20060113      -0.000932
20060117      -0.002720
20060118      -0.003974
20060119       0.003833
20060120      -0.018237
20060123       0.003572
20060124       0.001028
20060125       0.000869
20060126       0.005527
20060127       0.009265
20060130      -0.000778
20060131      -0.007319
20060201       0.006980
20060202      -0.011605
20060203      -0.004965
20060206       0.002613
20060207      -0.008847
20060208       0.009085
20060209      -0.001658
20060210       0.001819
20060213      -0.001816
20060214       0.010600
20060215       0.003522
20060216       0.007488
20060217      -0.002710
20060221      -0.002484
20060222       0.006071
20060223      -0.001470
20060224       0.002557
20060227       0.000386
20060228      -0.009501
20060301       0.008890
20060302      -0.000077
20060303      -0.004638
20060306      -0.004582
20060307      -0.001560
20060308       0.002110
20060309      -0.006706
20060310       0.009499
20060313       0.001866
20060314       0.010479
20060315       0.004455
20060316       0.002065
20060317       0.000835
20060320      -0.001608
20060321      -0.006288
20060322       0.006096
20060323      -0.002071
20060324       0.000769
20060327      -0.001459
20060328      -0.006153
20060329       0.006268
20060330      -0.001769
20060331       0.000231
20060403      -0.000770
20060404       0.006398
20060405       0.003447
20060406      -0.001069
20060407      -0.010163
20060410       0.001544
20060411      -0.008479
20060412       0.001866
20060413      -0.001319
20060417      -0.000388
20060418       0.015856
20060419       0.001913
20060420       0.001375
20060421       0.000152
20060424      -0.001830
20060425      -0.004125
20060426       0.000230
20060427       0.004831
20060428       0.003358
20060501      -0.008139
20060502       0.007515
20060503      -0.003730
20060504       0.003591
20060505       0.008831
20060508      -0.001207
20060509       0.001964
20060510      -0.000528
20060511      -0.012071
20060512      -0.013058
20060515       0.002012
20060516      -0.001467
20060517      -0.019024
20060518      -0.005045
20060519       0.007052
20060522      -0.007632
20060523      -0.007611
20060524       0.007989
20060525       0.012364
20060526       0.005089
20060530      -0.017760
20060531       0.011182
20060601       0.009568
20060602       0.002097
20060605      -0.014574
20060606      -0.002439
20060607      -0.007491
20060608      -0.000874
20060609      -0.003181
20060612      -0.010850
20060613      -0.011614
20060614       0.007752
20060615       0.021215
20060616      -0.007251
20060619      -0.007862
20060620       0.003396
20060621       0.007414
20060622      -0.004400
20060623      -0.000161
20060626       0.004420
20060627      -0.008641
20060628       0.006779
20060629       0.020200
20060630      -0.000314
20060703       0.004480
20060705      -0.005712
20060706       0.002912
20060707      -0.006513
20060710       0.001896
20060711       0.004415
20060712      -0.010674
20060713      -0.016263
20060714      -0.003871
20060717      -0.001457
20060718       0.005108
20060719       0.013874
20060720      -0.006842
20060721      -0.007050
20060724       0.018233
20060725       0.003566
20060726       0.001342
20060727      -0.000946
20060728       0.010023
20060731      -0.001016
20060801      -0.004928
20060802       0.006760
20060803       0.002655
20060804      -0.001713
20060807      -0.001950
20060808      -0.004220
20060809      -0.003375
20060810       0.003071
20060811      -0.002826
20060814       0.000787
20060815       0.011958
20060816       0.009018
20060817       0.001849
20060818       0.005076
20060821      -0.004285
20060822      -0.000077
20060823      -0.002767
20060824      -0.000848
20060825       0.001234
20060828       0.004776
20060829       0.001150
20060830       0.000613
20060831      -0.000153
20060901       0.005971
20060905       0.001902
20060906      -0.008810
20060907      -0.004597
20060908       0.002848
20060911       0.000998
20060912       0.009815
20060913       0.004025
20060914       0.000076
20060915       0.002339
20060918       0.001364
20060919      -0.002497
20060920       0.005311
20060921      -0.004830
20060922      -0.003033
20060925       0.007682
20060926       0.008303
20060927       0.001198
20060928      -0.000374
20060929      -0.000823
20061002      -0.003743
20061003       0.002104
20061004       0.011698
20061005       0.001927
20061006      -0.001258
20061009       0.000593
20061010       0.001333
20061011      -0.001183
20061012       0.008660
20061013       0.002568
20061016       0.001537
20061017      -0.003142
20061018       0.001319
20061019       0.001611
20061020       0.000219
20061023       0.004604
20061024       0.002982
20061025       0.003409
20061026       0.003108
20061027      -0.006269
20061030      -0.000725
20061031      -0.000145
20061101      -0.006749
20061102      -0.000585
20061103      -0.001755
20061106       0.011279
20061107       0.003838
20061108       0.002164
20061109      -0.005255
20061110       0.000434
20061113       0.002459
20061114       0.007505
20061115       0.002865
20061116       0.002571
20061117       0.000285
20061120       0.000570
20061121       0.000996
20061122       0.001991
20061124      -0.004045
20061127      -0.013751
20061128       0.004335
20061129       0.010430
20061130       0.000427
20061201      -0.002206
20061204       0.007631
20061205       0.004317
20061206      -0.000846
20061207      -0.004373
20061208       0.001842
20061211       0.002899
20061212      -0.000776
20061213       0.001058
20061214       0.008811
20061215       0.000088
20061218      -0.002740
20061219       0.001902
20061220      -0.000563
20061221      -0.003658
20061222      -0.006143
20061226       0.005897
20061227       0.006569
20061228      -0.002105
20061229      -0.004149
20070103      -0.001765
20070104       0.002122
20070105      -0.007976
20070108       0.004625
20070109      -0.000850
20070110       0.003332
20070111       0.004380
20070112       0.007597
20070116      -0.001955
20070117       0.000420
20070118      -0.003356
20070119       0.001964
20070122      -0.003081
20070123       0.002950
20070124       0.008053
20070125      -0.011740
20070126      -0.000703
20070129      -0.000774
20070130       0.005209
20070131       0.006723
20070201       0.005983
20070202       0.001383
20070205       0.000276
20070206       0.000276
20070207       0.002209
20070208      -0.001308
20070209      -0.007447
20070212      -0.003404
20070213       0.008435
20070214       0.006567
20070215       0.001305
20070216      -0.000480
20070220       0.002127
20070221      -0.000411
20070222      -0.000754
20070223      -0.003908
20070226      -0.000895
20070227      -0.039058
20070228       0.010251
20070301      -0.002980
20070302      -0.013095
20070305      -0.009519
20070306       0.017110
20070307      -0.001002
20070308       0.008455
20070309       0.000284
20070312       0.001492
20070313      -0.019434
20070314       0.007450
20070315       0.001364
20070316      -0.002787
20070319       0.012055
20070320       0.005492
20070321       0.016457
20070322      -0.000768
20070323       0.001467
20070326      -0.001325
20070327      -0.002374
20070328      -0.007280
20070329       0.001058
20070330       0.000211
20070402       0.001127
20070403       0.010763
20070404       0.001114
20070405       0.002711
20070409       0.001387
20070410       0.001177
20070411      -0.004080
20070412       0.004444
20070413       0.004562
20070416       0.009496
20070417       0.002658
20070418       0.001224
20070419      -0.000272
20070420       0.009441
20070423      -0.003768
20070424       0.000405
20070425       0.009182
20070426       0.001137
20070427      -0.000802
20070430      -0.008293
20070501       0.002563
20070502       0.005852
20070503       0.005417
20070504       0.003791
20070507       0.000199
20070508      -0.001325
20070509       0.002720
20070510      -0.010453
20070511       0.008557
20070514      -0.002187
20070515       0.000266
20070516       0.006841
20070517      -0.001979
20070518       0.008724
20070521      -0.000524
20070522      -0.000787
20070523       0.000131
20070524      -0.009053
20070525       0.004171
20070529       0.003626
20070530       0.008145
20070531      -0.001042
20070601       0.004957
20070604       0.000130
20070605      -0.003958
20070606      -0.010750
20070607      -0.018045
20070608       0.013011
20070611       0.001721
20070612      -0.010906
20070613       0.014968
20070614       0.006386
20070615       0.005663
20070618      -0.001176
20070619       0.002485
20070620      -0.013897
20070621       0.005558
20070622      -0.009409
20070625      -0.004782
20070626      -0.010278
20070627       0.014229
20070628      -0.000133
20070629       0.000332
20070702       0.009041
20070703       0.003623
20070705      -0.001050
20070706       0.005257
20070709       0.000131
20070710      -0.013595
20070711       0.007090
20070712       0.015790
20070713       0.002980
20070716      -0.000129
20070717      -0.000517
20070718      -0.001809
20070719       0.003884
20070720      -0.010125
20070723       0.003062
20070724      -0.017341
20070725       0.002049
20070726      -0.023679
20070727      -0.019660
20070730       0.015643
20070731      -0.011263
20070801       0.004872
20070802       0.007990
20070803      -0.025745
20070806       0.016759
20070807       0.010670
20070808       0.013941
20070809      -0.029634
20070810      -0.004677
20070813       0.003593
20070814      -0.015286
20070815      -0.013775
20070816       0.007516
20070817       0.018367
20070820      -0.000484
20070821       0.002005
20070822       0.011868
20070823      -0.000886
20070824       0.012353
20070827      -0.009304
20070828      -0.021980
20070829       0.019621
20070830      -0.002661
20070831       0.009853
20070904       0.010096
20070905      -0.008653
20070906       0.002301
20070907      -0.013907
20070910      -0.001917
20070911       0.011661
20070912       0.002576
20070913       0.007033
20070914      -0.000067
20070917      -0.005373
20070918       0.029440
20070919       0.005903
20070920      -0.007042
20070921       0.002684
20070924      -0.001842
20070925      -0.001978
20070926       0.005284
20070927       0.005914
20070928      -0.003331
20071001       0.011273
20071002      -0.001361
20071003      -0.002012
20071004       0.001561
20071005       0.011882
20071008      -0.005326
20071009       0.009418
20071010      -0.001662
20071011      -0.004801
20071012       0.005532
20071015      -0.008444
20071016      -0.007935
20071017       0.003056
20071018      -0.003630
20071019      -0.026157
20071022       0.005813
20071023       0.008104
20071024      -0.001845
20071025       0.002377
20071026       0.011723
20071029       0.003320
20071030      -0.006942
20071031       0.010388
20071101      -0.023408
20071102       0.001126
20071105      -0.007606
20071106       0.013462
20071107      -0.027356
20071108      -0.005071
20071109      -0.013727
20071112      -0.009921
20071113       0.030480
20071114      -0.002769
20071115      -0.014424
20071116       0.001718
20071119      -0.013924
20071120       0.006121
20071121      -0.020465
20071123       0.017293
20071126      -0.022063
20071127       0.011494
20071128       0.031984
20071129       0.000340
20071130       0.010056
20071203      -0.006592
20071204      -0.008938
20071205       0.016740
20071206       0.014314
20071207      -0.000199
20071210       0.007753
20071211      -0.027420
20071212       0.009871
20071213      -0.002075
20071214      -0.012679
20071217      -0.014269
20071218       0.005583
20071219       0.000000
20071220       0.006307
20071221       0.014342
20071224       0.007426
20071226       0.002144
20071227      -0.012571
20071228      -0.002506
20071231      -0.007400
20080102      -0.008755
20080103      -0.000483
20080104      -0.024506
20080107      -0.000849
20080108      -0.016148
20080109       0.010510
20080110       0.006554
20080111      -0.008069
20080114       0.008063
20080115      -0.022013
20080116      -0.008613
20080117      -0.025916
20080118      -0.010268
20080122      -0.010147
20080123       0.024021
20080124       0.008442
20080125      -0.014446
20080128       0.016536
20080129       0.004954
20080130      -0.007358
20080131       0.018234
20080201       0.016088
20080204      -0.012609
20080205      -0.026774
20080206      -0.008052
20080207       0.006614
20080208      -0.006421
20080211       0.005110
20080212       0.009271
20080213       0.010223
20080214      -0.008800
20080215      -0.000222
20080219       0.002812
20080220       0.002952
20080221      -0.008314
20080222       0.006158
20080225       0.012609
20080226       0.007500
20080227      -0.001012
20080228      -0.009767
20080229      -0.022284
20080303      -0.002391
20080304      -0.003820
20080305       0.006316
20080306      -0.020698
20080307      -0.010301
20080310      -0.013183
20080311       0.035938
20080312      -0.009351
20080313       0.002208
20080314      -0.015496
20080317      -0.010107
20080318       0.041543
20080319      -0.024770
20080320       0.018431
20080324       0.019988
20080325       0.000965
20080326      -0.012236
20080327      -0.003153
20080328      -0.009565
20080331       0.003498
20080401       0.035160
20080402       0.000659
20080403       0.002487
20080404      -0.001095
20080407       0.000511
20080408      -0.001022
20080409      -0.007236
20080410       0.001399
20080411      -0.019409
20080414      -0.003374
20080415       0.002332
20080416       0.027094
20080417       0.001461
20080418       0.010434
20080421       0.000506
20080422      -0.004403
20080423      -0.001595
20080424       0.004357
20080425       0.009254
20080428       0.000215
20080429      -0.003939
20080430      -0.005896
20080501       0.020686
20080502       0.002764
20080505      -0.004805
20080506       0.008663
20080507      -0.017811
20080508      -0.002580
20080509      -0.001868
20080512       0.011231
20080513       0.000142
20080514       0.002064
20080515       0.012503
20080516       0.000912
20080519       0.002734
20080520      -0.008109
20080521      -0.016914
20080522       0.000143
20080523      -0.013404
20080527       0.007411
20080528       0.004616
20080529       0.005025
20080530       0.002500
20080602      -0.010331
20080603      -0.005832
20080604      -0.000507
20080605       0.019997
20080606      -0.031894
20080609       0.002421
20080610      -0.004977
20080611      -0.014712
20080612       0.003808
20080613       0.012644
20080616       0.000588
20080617      -0.004845
20080618      -0.009737
20080619       0.001266
20080620      -0.016149
20080623      -0.000988
20080624      -0.001978
20080625       0.004726
20080626      -0.027160
20080627      -0.005459
20080630       0.003529
20080701       0.003126
20080702      -0.017137
20080703       0.001030
20080707      -0.010213
20080708       0.017757
20080709      -0.019255
20080710       0.004087
20080711      -0.011652
20080714      -0.009044
20080715      -0.014097
20080716       0.024547
20080717       0.010003
20080718       0.006230
20080721       0.000556
20080722       0.011345
20080723       0.005413
20080724      -0.020754
20080725      -0.000239
20080728      -0.014664
20080729       0.021352
20080730       0.017818
20080731      -0.013226
20080801      -0.005283
20080804      -0.009274
20080805       0.026962
20080806       0.004441
20080807      -0.014892
20080808       0.018581
20080811       0.010358
20080812      -0.010405
20080813      -0.006030
20080814       0.007544
20080815       0.004863
20080818      -0.013674
20080819      -0.010904
20080820       0.004646
20080821       0.001724
20080822       0.014476
20080825      -0.020285
20080826       0.002913
20080827       0.009734
20080828       0.012128
20080829      -0.010754
20080902      -0.006212
20080903      -0.000859
20080904      -0.030106
20080905       0.003144
20080908       0.020656
20080909      -0.029687
20080910       0.004058
20080911       0.014468
20080912       0.004621
20080915      -0.047585
20080916       0.016737
20080917      -0.044963
20080918       0.029672
20080919       0.039485
20080922      -0.022639
20080923      -0.022752
20080924       0.003205
20080925       0.015639
20080926       0.000497
20080929      -0.078362
20080930       0.041390
20081001       0.000603
20081002      -0.036274
20081003      -0.013500
20081006      -0.050933
20081007      -0.044786
20081008      -0.025192
20081009      -0.069839
20081010      -0.024256
20081013       0.145198
20081014      -0.014800
20081015      -0.098448
20081016       0.041657
20081017      -0.005972
20081020       0.060079
20081021      -0.029855
20081022      -0.054454
20081023       0.011584
20081024      -0.050714
20081027      -0.035501
20081028       0.116855
20081029      -0.007253
20081030       0.034594
20081031       0.005504
20081103       0.002892
20081104       0.033982
20081105      -0.042028
20081106      -0.055411
20081107       0.033018
20081110      -0.013105
20081111      -0.030876
20081112      -0.044001
20081113       0.062340
20081114      -0.049907
20081117      -0.013276
20081118       0.018837
20081119      -0.064079
20081120      -0.074233
20081121       0.053943
20081124       0.069291
20081125       0.007409
20081126       0.038641
20081128       0.012588
20081201      -0.088578
20081202       0.038485
20081203       0.024041
20081204      -0.023133
20081205       0.030832
20081208       0.034914
20081209      -0.016484
20081210       0.006816
20081211      -0.024082
20081212       0.011940
20081215      -0.013934
20081216       0.047065
20081217      -0.009687
20081218      -0.018683
20081219      -0.004263
20081222      -0.012813
20081223      -0.010338
20081224       0.005803
20081226       0.005770
20081229      -0.002868
20081230       0.023703
20081231       0.014274
20090102       0.030142
20090105      -0.001183
20090106       0.006677
20090107      -0.029956
20090108       0.004103
20090109      -0.021441
20090112      -0.024021
20090113       0.001840
20090114      -0.031454
20090115       0.000356
20090116       0.007820
20090120      -0.052786
20090121       0.043192
20090122      -0.015467
20090123       0.004350
20090126       0.006858
20090127       0.010158
20090128       0.033834
20090129      -0.032498
20090130      -0.020343
20090202      -0.003018
20090203       0.014047
20090204      -0.004896
20090205       0.014881
20090206       0.028485
20090209       0.001391
20090210      -0.045809
20090211       0.005896
20090212       0.000718
20090213      -0.010758
20090217      -0.042774
20090218      -0.002398
20090219      -0.010743
20090220      -0.009734
20090223      -0.035779
20090224       0.037910
20090225      -0.007847
20090226      -0.016287
20090227      -0.022349
20090302      -0.045043
20090303      -0.007507
20090304       0.023691
20090305      -0.040848
20090306       0.001744
20090309      -0.011753
20090310       0.059609
20090311       0.006512
20090312       0.039372
20090313       0.007815
20090316      -0.003023
20090317       0.030583
20090318       0.022384
20090319      -0.012386
20090320      -0.021137
20090323       0.071829
20090324      -0.019703
20090325       0.010546
20090326       0.020381
20090327      -0.018048
20090330      -0.034555
20090331       0.009265
20090401       0.019366
20090402       0.029238
20090403       0.009948
20090406      -0.007833
20090407      -0.023325
20090408       0.010778
20090409       0.039743
20090413       0.000233
20090414      -0.017243
20090415       0.010670
20090416       0.014663
20090417       0.006705
20090420      -0.041915
20090421       0.019537
20090422      -0.006113
20090423       0.009818
20090424       0.015111
20090427      -0.009462
20090428      -0.003145
20090429       0.021269
20090430       0.000343
20090501       0.005376
20090504       0.034020
20090505      -0.003411
20090506       0.017346
20090507      -0.013903
20090508       0.023333
20090511      -0.018714
20090512      -0.002959
20090513      -0.025173
20090514       0.008570
20090515      -0.008162
20090518       0.028407
20090519      -0.001206
20090520      -0.006694
20090521      -0.014363
20090522      -0.002130
20090526       0.025612
20090527      -0.017853
20090528       0.013940
20090529       0.017708
20090601       0.024208
20090602       0.000844
20090603      -0.012652
20090604       0.009397
20090605       0.000212
20090608      -0.004125
20090609       0.005098
20090610      -0.002536
20090611       0.004449
20090612       0.002742
20090615      -0.022928
20090616      -0.013563
20090617      -0.000982
20090618       0.007307
20090619       0.003678
20090622      -0.029987
20090623       0.000784
20090624       0.008595
20090625       0.021772
20090626      -0.002606
20090629       0.009364
20090630      -0.008091
20090701       0.004133
20090702      -0.027293
20090706      -0.000111
20090707      -0.019376
20090708      -0.000681
20090709       0.001932
20090710      -0.002382
20090713       0.024352
20090714       0.005638
20090715       0.029246
20090716       0.009543
20090717      -0.000212
20090720       0.010634
20090721       0.004615
20090722      -0.000209
20090723       0.022093
20090724       0.004086
20090727       0.002957
20090728      -0.004677
20090729      -0.002431
20090730       0.010425
20090731       0.001419
20090803       0.016496
20090804       0.002589
20090805      -0.002880
20090806      -0.005179
20090807       0.013134
20090810      -0.002095
20090811      -0.012476
20090812       0.010729
20090813       0.007639
20090814      -0.007679
20090817      -0.024606
20090818       0.007934
20090819       0.008780
20090820       0.010304
20090821       0.019606
20090824      -0.000097
20090825       0.001943
20090826       0.000097
20090827       0.002229
20090828      -0.000193
20090831      -0.008899
20090901      -0.022057
20090902      -0.003792
20090903       0.008315
20090904       0.014009
20090908       0.008622
20090909       0.007674
20090910       0.010219
20090911      -0.000191
20090914       0.004868
20090915       0.004179
20090916       0.015134
20090917      -0.001491
20090918       0.000638
20090921      -0.002530
20090922       0.005824
20090923      -0.008312
20090924      -0.011019
20090925      -0.005333
20090928       0.017903
20090929      -0.003010
20090930      -0.003868
20091001      -0.024529
20091002      -0.004951
20091005       0.014928
20091006       0.014324
20091007       0.002749
20091008       0.007656
20091009       0.006097
20091012       0.003916
20091013      -0.002043
20091014       0.017216
20091015       0.003659
20091016      -0.007474
20091019       0.008265
20091020      -0.005274
20091021      -0.008983
20091022       0.010164
20091023      -0.011433
20091026      -0.010825
20091027      -0.004583
20091028      -0.018887
20091029       0.021454
20091030      -0.028973
20091102       0.007339
20091103       0.003163
20091104       0.002580
20091105       0.018396
20091106       0.002620
20091109       0.022776
20091110       0.000183
20091111       0.005110
20091112      -0.010168
20091113       0.005411
20091116       0.014505
20091117       0.001160
20091118      -0.000620
20091119      -0.013031
20091120      -0.003551
20091123       0.012702
20091124       0.001534
20091125       0.003514
20091127      -0.016251
20091130       0.003377
20091201       0.012370
20091202      -0.000449
20091203      -0.007820
20091204       0.005708
20091207      -0.001531
20091208      -0.011097
20091209       0.003750
20091210       0.005626
20091211       0.004248
20091214       0.006840
20091215      -0.004648
20091216       0.001527
20091217      -0.012016
20091218       0.005629
20091221       0.010162
20091222       0.003593
20091223       0.001969
20091224       0.004734
20091228       0.002134
20091229      -0.001402
20091230      -0.000373
20091231      -0.009598
20100104       0.016960
20100105       0.002647
20100106       0.000704
20100107       0.004221
20100108       0.003328
20100111       0.001397
20100112      -0.009326
20100113       0.008446
20100114       0.002705
20100115      -0.011224
20100119       0.012496
20100120      -0.010169
20100121      -0.019229
20100122      -0.022292
20100125       0.005128
20100126      -0.004191
20100127       0.004757
20100128      -0.011472
20100129      -0.010869
20100201       0.015551
20100202       0.012103
20100203      -0.004983
20100204      -0.030866
20100205       0.002067
20100208      -0.007219
20100209       0.012560
20100210      -0.001959
20100211       0.010466
20100212      -0.000832
20100216       0.015735
20100217       0.004739
20100218       0.005895
20100219       0.002074
20100222       0.000180
20100223      -0.012145
20100224       0.009198
20100225      -0.001354
20100226       0.000633
20100301       0.010385
20100302       0.002771
20100303       0.000891
20100304       0.003036
20100305       0.014284
20100308       0.000175
20100309       0.001663
20100310       0.004456
20100311       0.004175
20100312       0.000087
20100315       0.000260
20100316       0.007966
20100317       0.005927
20100318      -0.000534
20100319      -0.005016
20100322       0.005368
20100323       0.007012
20100324      -0.004855
20100325      -0.001626
20100326      -0.000583
20100329       0.006330
20100330       0.000682
20100331      -0.003407
20100401       0.006838
20100405       0.008149
20100406       0.002358
20100407      -0.005712
20100408       0.003485
20100409       0.006546
20100412       0.001589
20100413       0.000752
20100414       0.011349
20100415       0.000825
20100416      -0.015912
20100419       0.003770
20100420       0.008931
20100421      -0.001820
20100422       0.002984
20100423       0.006549
20100426      -0.003797
20100427      -0.023651
20100428       0.007596
20100429       0.012376
20100430      -0.016921
20100503       0.012941
20100504      -0.023515
20100505      -0.005956
20100506      -0.033196
20100507      -0.014893
20100510       0.044041
20100511      -0.002841
20100512       0.013986
20100513      -0.012431
20100514      -0.018105
20100517       0.000527
20100518      -0.013602
20100519      -0.005694
20100520      -0.037759
20100521       0.014646
20100524      -0.012876
20100525       0.001003
20100526      -0.006010
20100527       0.033498
20100528      -0.012559
20100601      -0.016815
20100602       0.026039
20100603       0.003444
20100604      -0.035137
20100607      -0.012451
20100608       0.010712
20100609      -0.005346
20100610       0.029231
20100611       0.004856
20100614      -0.001559
20100615       0.022747
20100616      -0.000357
20100617       0.001608
20100618       0.001073
20100621      -0.002855
20100622      -0.016516
20100623      -0.003103
20100624      -0.016571
20100625       0.004166
20100628      -0.003129
20100629      -0.030875
20100630      -0.009500
20100701      -0.004456
20100702      -0.005450
20100706       0.006556
20100707       0.031472
20100708       0.009919
20100709       0.007465
20100712       0.000648
20100713       0.015088
20100714      -0.000082
20100715       0.000264
20100716      -0.027535
20100719       0.005907
20100720       0.011091
20100721      -0.012998
20100722       0.022331
20100723       0.008670
20100726       0.010416
20100727      -0.000090
20100728      -0.006455
20100729      -0.004872
20100730      -0.000181
20100802       0.022581
20100803      -0.004789
20100804       0.006683
20100805      -0.001062
20100806      -0.004058
20100809       0.005338
20100810      -0.005461
20100811      -0.027364
20100812      -0.006130
20100813      -0.002946
20100816      -0.000462
20100817       0.012285
20100818       0.001825
20100819      -0.017397
20100820      -0.003244
20100823      -0.003779
20100824      -0.014876
20100825       0.003885
20100826      -0.006702
20100827       0.015490
20100830      -0.014496
20100831      -0.000009
20100901       0.029912
20100902       0.009312
20100903       0.012972
20100907      -0.011272
20100908       0.007023
20100909       0.004619
20100910       0.005067
20100913       0.011105
20100914      -0.000621
20100915       0.003817
20100916      -0.000265
20100917       0.000373
20100920       0.015290
20100921      -0.002014
20100922      -0.004913
20100923      -0.008129
20100924       0.020640
20100927      -0.004790
20100928       0.003500
20100929      -0.001744
20100930      -0.002970
20101001       0.004206
20101004      -0.007504
20101005       0.020132
20101006      -0.000086
20101007      -0.001207
20101008       0.005587
20101011       0.000965
20101012       0.003086
20101013       0.007777
20101014      -0.003901
20101015       0.002043
20101018       0.004928
20101019      -0.013104
20101020       0.009766
20101021       0.002206
20101022       0.001837
20101025       0.002983
20101026       0.000169
20101027      -0.002864
20101028       0.000169
20101029       0.000760
20101101       0.000338
20101102       0.007973
20101103       0.003976
20101104       0.019258
20101105       0.003803
20101108      -0.001915
20101109      -0.007184
20101110       0.004029
20101111      -0.003808
20101112      -0.011814
20101115      -0.001398
20101116      -0.015579
20101117       0.000491
20101118       0.014714
20101119       0.002772
20101122      -0.000831
20101123      -0.014498
20101124       0.014796
20101126      -0.011647
20101129       0.003047
20101130      -0.005618
20101201       0.021246
20101202       0.012809
20101203       0.002693
20101206      -0.001058
20101207       0.000570
20101208       0.003664
20101209       0.003894
20101210       0.005818
20101213       0.000643
20101214       0.000883
20101215      -0.004588
20101216       0.005818
20101217       0.001064
20101220       0.002413
20101221       0.006340
20101222       0.003110
20101223      -0.001431
20101227       0.000398
20101228       0.001433
20101229       0.000715
20101230      -0.001588
20101231       0.000239
20110103       0.010338
20110104      -0.000551
20110105       0.005198
20110106      -0.001959
20110107      -0.001962
20110110      -0.001258
20110111       0.003544
20110112       0.009025
20110113      -0.001633
20110114       0.007245
20110118       0.001701
20110119      -0.009805
20110120      -0.001326
20110121       0.002264
20110124       0.005687
20110125       0.000542
20110126       0.003871
20110127       0.002468
20110128      -0.017463
20110131       0.007516
20110201       0.016009
20110202      -0.001950
20110203       0.002261
20110204       0.002829
20110207       0.006252
20110208       0.004547
20110209      -0.002271
20110210       0.000393
20110211       0.005963
20110214       0.002404
20110215      -0.003148
20110216       0.006315
20110217       0.002988
20110218       0.002086
20110222      -0.020070
20110223      -0.006144
20110224      -0.000687
20110225       0.010693
20110228       0.006197
20110301      -0.016673
20110302       0.002139
20110303       0.017224
20110304      -0.007492
20110307      -0.007851
20110308       0.008750
20110309      -0.001433
20110310      -0.018525
20110311       0.006946
20110314      -0.006038
20110315      -0.011457
20110316      -0.018552
20110317       0.013275
20110318       0.003624
20110321       0.015498
20110322      -0.003469
20110323       0.002862
20110324       0.009563
20110325       0.003056
20110328      -0.002437
20110329       0.006719
20110330       0.006901
20110331      -0.001356
20110401       0.004224
20110404       0.000826
20110405      -0.000150
20110406       0.003152
20110407      -0.002544
20110408      -0.003450
20110411      -0.003011
20110412      -0.007474
20110413      -0.000076
20110414       0.000761
20110415       0.003648
20110418      -0.011209
20110419       0.005744
20110420       0.013632
20110421       0.005109
20110425      -0.001046
20110426       0.008613
20110427       0.006521
20110428       0.003243
20110429       0.002351
20110502      -0.001539
20110503      -0.003597
20110504      -0.006631
20110505      -0.009048
20110506       0.004416
20110509       0.003875
20110510       0.008536
20110511      -0.010525
20110512       0.004760
20110513      -0.007699
20110516      -0.006341
20110517      -0.000150
20110518       0.008936
20110519       0.002382
20110520      -0.007945
20110523      -0.011601
20110524      -0.000833
20110525       0.003335
20110526       0.004608
20110527       0.003835
20110531       0.010411
20110601      -0.022461
20110602      -0.001062
20110603      -0.009945
20110606      -0.010543
20110607      -0.000659
20110608      -0.004187
20110609       0.007631
20110610      -0.013910
20110613       0.000784
20110614       0.012686
20110615      -0.017785
20110616       0.002204
20110617       0.002966
20110620       0.005116
20110621       0.013704
20110622      -0.006025
20110623      -0.002868
20110624      -0.011621
20110627       0.008911
20110628       0.013053
20110629       0.008564
20110630       0.009562
20110701       0.014776
20110705      -0.000821
20110706       0.001196
20110707       0.010375
20110708      -0.007092
20110711      -0.018080
20110712      -0.004319
20110713       0.003349
20110714      -0.006902
20110715       0.005805
20110718      -0.008201
20110719       0.016231
20110720      -0.000603
20110721       0.013871
20110722       0.000669
20110725      -0.005573
20110726      -0.003736
20110727      -0.020475
20110728      -0.002910
20110729      -0.006835
20110801      -0.004253
20110802      -0.025547
20110803       0.005419
20110804      -0.046842
20110805      -0.001497
20110808      -0.065123
20110809       0.046499
20110810      -0.044178
20110811       0.044884
20110812       0.006733
20110815       0.021165
20110816      -0.008539
20110817       0.000669
20110818      -0.043119
20110819      -0.016330
20110822       0.000799
20110823       0.032910
20110824       0.014085
20110825      -0.015244
20110826       0.014534
20110829       0.028736
20110830       0.002637
20110831       0.004438
20110901      -0.010473
20110902      -0.025550
20110906      -0.007297
20110907       0.028208
20110908      -0.010392
20110909      -0.026210
20110912       0.006470
20110913       0.009171
20110914       0.013844
20110915       0.017257
20110916       0.005896
20110919      -0.009965
20110920      -0.001164
20110921      -0.029458
20110922      -0.032324
20110923       0.006025
20110926       0.023780
20110927       0.011184
20110928      -0.020376
20110929       0.007860
20110930      -0.024989
