1971 4 1 7.31 4.15
1971 5 1 7.43 4.63
1971 6 1 7.53 4.91
1971 7 1 7.6 5.31
1971 8 1 7.7 5.56
1971 9 1 7.69 5.55
1971 10 1 7.63 5.2
1971 11 1 7.55 4.91
1971 12 1 7.48 4.14
1972 1 1 7.44 3.5
1972 2 1 7.33 3.29
1972 3 1 7.3 3.83
1972 4 1 7.29 4.17
1972 5 1 7.37 4.27
1972 6 1 7.37 4.46
1972 7 1 7.4 4.55
1972 8 1 7.4 4.8
1972 9 1 7.42 4.87
1972 10 1 7.42 5.04
1972 11 1 7.43 5.06
1972 12 1 7.44 5.33
1973 1 1 7.44 5.94
1973 2 1 7.44 6.58
1973 3 1 7.46 7.09
1973 4 1 7.54 7.12
1973 5 1 7.65 7.84
1973 6 1 7.73 8.49
1973 7 1 8.05 10.4
1973 8 1 8.5 10.5
1973 9 1 8.82 10.78
1973 10 1 8.77 10.01
1973 11 1 8.58 10.03
1973 12 1 8.54 9.95
1974 1 1 8.54 9.65
1974 2 1 8.46 8.97
1974 3 1 8.41 9.35
1974 4 1 8.58 10.51
1974 5 1 8.97 11.31
1974 6 1 9.09 11.93
1974 7 1 9.28 12.92
1974 8 1 9.59 12.01
1974 9 1 9.96 11.34
1974 10 1 9.98 10.06
1974 11 1 9.79 9.45
1974 12 1 9.62 8.53
1975 1 1 9.43 7.13
1975 2 1 9.11 6.24
1975 3 1 8.9 5.54
1975 4 1 8.82 5.49
1975 5 1 8.91 5.22
1975 6 1 8.89 5.55
1975 7 1 8.89 6.1
1975 8 1 8.94 6.14
1975 9 1 9.13 6.24
1975 10 1 9.22 5.82
1975 11 1 9.15 5.22
1975 12 1 9.1 5.2
1976 1 1 9.02 4.87
1976 2 1 8.81 4.77
1976 3 1 8.76 4.84
1976 4 1 8.73 4.82
1976 5 1 8.77 5.29
1976 6 1 8.85 5.48
1976 7 1 8.93 5.31
1976 8 1 9 5.29
1976 9 1 8.98 5.25
1976 10 1 8.93 5.02
1976 11 1 8.81 4.95
1976 12 1 8.79 4.65
1977 1 1 8.72 4.61
1977 2 1 8.67 4.68
1977 3 1 8.69 4.69
1977 4 1 8.75 4.73
1977 5 1 8.82 5.35
1977 6 1 8.86 5.39
1977 7 1 8.94 5.42
1977 8 1 8.94 5.9
1977 9 1 8.9 6.14
1977 10 1 8.92 6.47
1977 11 1 8.92 6.51
1977 12 1 8.96 6.56
1978 1 1 9.02 6.7
1978 2 1 9.16 6.78
1978 3 1 9.2 6.79
1978 4 1 9.36 6.89
1978 5 1 9.58 7.36
1978 6 1 9.71 7.6
1978 7 1 9.74 7.81
1978 8 1 9.79 8.04
1978 9 1 9.76 8.45
1978 10 1 9.86 8.96
1978 11 1 10.11 9.76
1978 12 1 10.35 10.03
1979 1 1 10.39 10.07
1979 2 1 10.41 10.06
1979 3 1 10.43 10.09
1979 4 1 10.5 10.01
1979 5 1 10.69 10.24
1979 6 1 11.04 10.29
1979 7 1 11.09 10.47
1979 8 1 11.09 10.94
1979 9 1 11.3 11.43
1979 10 1 11.64 13.77
1979 11 1 12.83 13.18
1979 12 1 12.9 13.78
1980 1 1 12.88 13.82
1980 2 1 13.04 14.13
1980 3 1 15.28 17.19
1980 4 1 16.33 17.61
1980 5 1 14.26 10.98
1980 6 1 12.71 9.47
1980 7 1 12.19 9.03
1980 8 1 12.56 9.61
1980 9 1 13.2 10.87
1980 10 1 13.79 12.81
1980 11 1 14.21 15.85
1980 12 1 14.79 18.9
1981 1 1 14.9 19.08
1981 2 1 15.13 15.93
1981 3 1 15.4 14.7
1981 4 1 15.58 15.72
1981 5 1 16.4 18.52
1981 6 1 16.7 19.1
1981 7 1 16.83 19.04
1981 8 1 17.29 17.82
1981 9 1 18.16 15.87
1981 10 1 18.45 15.08
1981 11 1 17.83 13.31
1981 12 1 16.92 12.37
1982 1 1 17.4 13.22
1982 2 1 17.6 14.78
1982 3 1 17.16 14.68
1982 4 1 16.89 14.94
1982 5 1 16.68 14.45
1982 6 1 16.7 14.15
1982 7 1 16.82 12.59
1982 8 1 16.27 10.12
1982 9 1 15.43 10.31
1982 10 1 14.61 9.71
1982 11 1 13.83 9.2
1982 12 1 13.62 8.95
1983 1 1 13.25 8.68
1983 2 1 13.04 8.51
1983 3 1 12.8 8.77
1983 4 1 12.78 8.8
1983 5 1 12.63 8.63
1983 6 1 12.87 8.98
1983 7 1 13.42 9.37
1983 8 1 13.81 9.56
1983 9 1 13.73 9.45
1983 10 1 13.54 9.48
1983 11 1 13.44 9.34
1983 12 1 13.42 9.47
1984 1 1 13.37 9.56
1984 2 1 13.23 9.59
1984 3 1 13.39 9.91
1984 4 1 13.65 10.29
1984 5 1 13.94 10.32
1984 6 1 14.42 11.06
1984 7 1 14.67 11.23
1984 8 1 14.47 11.64
1984 9 1 14.35 11.3
1984 10 1 14.13 9.99
1984 11 1 13.64 9.43
1984 12 1 13.18 8.38
1985 1 1 13.08 8.35
1985 2 1 12.92 8.5
1985 3 1 13.17 8.58
1985 4 1 13.2 8.27
1985 5 1 12.91 7.97
1985 6 1 12.22 7.53
1985 7 1 12.03 7.88
1985 8 1 12.19 7.9
1985 9 1 12.19 7.92
1985 10 1 12.14 7.99
1985 11 1 11.78 8.05
1985 12 1 11.26 8.27
1986 1 1 10.88 8.14
1986 2 1 10.71 7.86
1986 3 1 10.08 7.48
1986 4 1 9.94 6.99
1986 5 1 10.14 6.85
1986 6 1 10.68 6.92
1986 7 1 10.51 6.56
1986 8 1 10.2 6.17
1986 9 1 10.01 5.89
1986 10 1 9.97 5.85
1986 11 1 9.7 6.04
1986 12 1 9.31 6.91
1987 1 1 9.2 6.43
1987 2 1 9.08 6.1
1987 3 1 9.04 6.13
1987 4 1 9.83 6.37
1987 5 1 10.6 6.85
1987 6 1 10.54 6.73
1987 7 1 10.28 6.58
1987 8 1 10.33 6.73
1987 9 1 10.89 7.22
1987 10 1 11.26 7.29
1987 11 1 10.65 6.69
1987 12 1 10.65 6.77
1988 1 1 10.43 6.83
1988 2 1 9.89 6.58
1988 3 1 9.93 6.58
1988 4 1 10.2 6.87
1988 5 1 10.46 7.09
1988 6 1 10.46 7.51
1988 7 1 10.43 7.75
1988 8 1 10.6 8.01
1988 9 1 10.48 8.19
1988 10 1 10.3 8.3
1988 11 1 10.27 8.35
1988 12 1 10.61 8.76
1989 1 1 10.73 9.12
1989 2 1 10.65 9.36
1989 3 1 11.03 9.85
1989 4 1 11.05 9.84
1989 5 1 10.77 9.81
1989 6 1 10.2 9.53
1989 7 1 9.88 9.24
1989 8 1 9.99 8.99
1989 9 1 10.13 9.02
1989 10 1 9.95 8.84
1989 11 1 9.77 8.55
1989 12 1 9.74 8.45
1990 1 1 9.9 8.23
1990 2 1 10.2 8.24
1990 3 1 10.27 8.28
1990 4 1 10.37 8.26
1990 5 1 10.48 8.18
1990 6 1 10.16 8.29
1990 7 1 10.04 8.15
1990 8 1 10.1 8.13
1990 9 1 10.18 8.2
1990 10 1 10.18 8.11
1990 11 1 10.01 7.81
1990 12 1 9.67 7.31
1991 1 1 9.64 6.91
1991 2 1 9.37 6.25
1991 3 1 9.5 6.12
1991 4 1 9.49 5.91
1991 5 1 9.47 5.78
1991 6 1 9.62 5.9
1991 7 1 9.58 5.82
1991 8 1 9.24 5.66
1991 9 1 9.01 5.45
1991 10 1 8.86 5.21
1991 11 1 8.71 4.81
1991 12 1 8.5 4.43
1992 1 1 8.43 4.03
1992 2 1 8.76 4.06
1992 3 1 8.94 3.98
1992 4 1 8.85 3.73
1992 5 1 8.67 3.82
1992 6 1 8.51 3.76
1992 7 1 8.13 3.25
1992 8 1 7.98 3.3
1992 9 1 7.92 3.22
1992 10 1 8.09 3.1
1992 11 1 8.31 3.09
1992 12 1 8.22 2.92
1993 1 1 8.02 3.02
1993 2 1 7.68 3.03
1993 3 1 7.5 3.07
1993 4 1 7.47 2.96
1993 5 1 7.47 3
1993 6 1 7.42 3.04
1993 7 1 7.21 3.06
1993 8 1 7.11 3.03
1993 9 1 6.92 3.09
1993 10 1 6.83 2.99
1993 11 1 7.16 3.02
1993 12 1 7.17 2.96
1994 1 1 7.06 3.05
1994 2 1 7.15 3.25
1994 3 1 7.68 3.34
1994 4 1 8.32 3.56
1994 5 1 8.6 4.01
1994 6 1 8.4 4.25
1994 7 1 8.61 4.26
1994 8 1 8.51 4.47
1994 9 1 8.64 4.73
1994 10 1 8.93 4.76
1994 11 1 9.17 5.29
1994 12 1 9.2 5.45
1995 1 1 9.15 5.53
1995 2 1 8.83 5.92
1995 3 1 8.46 5.98
1995 4 1 8.32 6.05
1995 5 1 7.96 6.01
1995 6 1 7.57 6
1995 7 1 7.61 5.85
1995 8 1 7.86 5.74
1995 9 1 7.64 5.8
1995 10 1 7.48 5.76
1995 11 1 7.38 5.8
1995 12 1 7.2 5.6
1996 1 1 7.03 5.56
1996 2 1 7.08 5.22
1996 3 1 7.62 5.31
1996 4 1 7.93 5.22
1996 5 1 8.07 5.24
1996 6 1 8.32 5.27
1996 7 1 8.25 5.4
1996 8 1 8 5.22
1996 9 1 8.23 5.3
1996 10 1 7.92 5.24
1996 11 1 7.62 5.31
1996 12 1 7.6 5.29
1997 1 1 7.82 5.25
1997 2 1 7.65 5.19
1997 3 1 7.9 5.39
1997 4 1 8.14 5.51
1997 5 1 7.94 5.5
1997 6 1 7.69 5.56
1997 7 1 7.5 5.52
1997 8 1 7.48 5.54
1997 9 1 7.43 5.54
1997 10 1 7.29 5.5
1997 11 1 7.21 5.52
1997 12 1 7.1 5.5
1998 1 1 6.99 5.56
1998 2 1 7.04 5.51
1998 3 1 7.13 5.49
1998 4 1 7.14 5.45
1998 5 1 7.14 5.49
1998 6 1 7 5.56
1998 7 1 6.95 5.54
1998 8 1 6.92 5.55
1998 9 1 6.72 5.51
1998 10 1 6.71 5.07
1998 11 1 6.87 4.83
1998 12 1 6.72 4.68
1999 1 1 6.79 4.63
1999 2 1 6.81 4.76
1999 3 1 7.04 4.81
1999 4 1 6.92 4.74
1999 5 1 7.15 4.74
1999 6 1 7.55 4.76
1999 7 1 7.63 4.99
1999 8 1 7.94 5.07
1999 9 1 7.82 5.22
1999 10 1 7.85 5.2
1999 11 1 7.74 5.42
1999 12 1 7.91 5.3
2000 1 1 8.21 5.45
2000 2 1 8.33 5.73
2000 3 1 8.24 5.85
2000 4 1 8.15 6.02
2000 5 1 8.52 6.27
2000 6 1 8.29 6.53
2000 7 1 8.15 6.54
2000 8 1 8.03 6.5
2000 9 1 7.91 6.52
2000 10 1 7.8 6.51
2000 11 1 7.75 6.51
2000 12 1 7.38 6.4
2001 1 1 7.03 5.98
2001 2 1 7.05 5.49
2001 3 1 6.95 5.31
2001 4 1 7.08 4.8
2001 5 1 7.15 4.21
2001 6 1 7.16 3.97
2001 7 1 7.13 3.77
2001 8 1 6.95 3.65
2001 9 1 6.82 3.07
2001 10 1 6.62 2.49
2001 11 1 6.66 2.09
2001 12 1 7.07 1.82
2002 1 1 7 1.73
2002 2 1 6.89 1.74
2002 3 1 7.01 1.73
2002 4 1 6.99 1.75
2002 5 1 6.81 1.75
2002 6 1 6.65 1.75
2002 7 1 6.49 1.73
2002 8 1 6.29 1.74
2002 9 1 6.09 1.75
2002 10 1 6.11 1.75
2002 11 1 6.07 1.34
2002 12 1 6.05 1.24
2003 1 1 5.92 1.24
2003 2 1 5.84 1.26
2003 3 1 5.75 1.25
2003 4 1 5.81 1.26
2003 5 1 5.48 1.26
2003 6 1 5.23 1.22
2003 7 1 5.63 1.01
2003 8 1 6.26 1.03
2003 9 1 6.15 1.01
2003 10 1 5.95 1.01
2003 11 1 5.93 1
2003 12 1 5.88 0.98
2004 1 1 5.74 1
2004 2 1 5.64 1.01
2004 3 1 5.45 1
2004 4 1 5.83 1
2004 5 1 6.27 1
2004 6 1 6.29 1.03
2004 7 1 6.06 1.26
2004 8 1 5.87 1.43
2004 9 1 5.75 1.61
2004 10 1 5.72 1.76
2004 11 1 5.73 1.93
2004 12 1 5.75 2.16
2005 1 1 5.71 2.28
2005 2 1 5.63 2.5
2005 3 1 5.93 2.63
2005 4 1 5.86 2.79
2005 5 1 5.72 3
2005 6 1 5.58 3.04
2005 7 1 5.7 3.26
2005 8 1 5.82 3.5
2005 9 1 5.77 3.62
2005 10 1 6.07 3.78
2005 11 1 6.33 4
2005 12 1 6.27 4.16
2006 1 1 6.15 4.29
2006 2 1 6.25 4.49
2006 3 1 6.32 4.59
2006 4 1 6.51 4.79
2006 5 1 6.6 4.94
2006 6 1 6.68 4.99
2006 7 1 6.76 5.24
2006 8 1 6.52 5.25
2006 9 1 6.4 5.25
2006 10 1 6.36 5.25
2006 11 1 6.24 5.25
2006 12 1 6.14 5.24
2007 1 1 6.22 5.25
2007 2 1 6.29 5.26
2007 3 1 6.16 5.26
2007 4 1 6.18 5.25
2007 5 1 6.26 5.25
2007 6 1 6.66 5.25
2007 7 1 6.7 5.26
2007 8 1 6.57 5.02
2007 9 1 6.38 4.94
2007 10 1 6.38 4.76
2007 11 1 6.21 4.49
2007 12 1 6.1 4.24
2008 1 1 5.76 3.94
2008 2 1 5.92 2.98
2008 3 1 5.97 2.61
2008 4 1 5.92 2.28
2008 5 1 6.04 1.98
2008 6 1 6.32 2
2008 7 1 6.43 2.01
2008 8 1 6.48 2
2008 9 1 6.04 1.81
2008 10 1 6.2 0.97
2008 11 1 6.09 0.39
2008 12 1 5.33 0.16
2009 1 1 5.06 0.15
2009 2 1 5.13 0.22
2009 3 1 5 0.18
2009 4 1 4.81 0.15
2009 5 1 4.86 0.18
2009 6 1 5.42 0.21
2009 7 1 5.22 0.16
2009 8 1 5.19 0.16
2009 9 1 5.06 0.15
2009 10 1 4.95 0.12
2009 11 1 4.88 0.12
2009 12 1 4.93 0.12
2010 1 1 5.03 0.11
2010 2 1 4.99 0.13
2010 3 1 4.97 0.16
2010 4 1 5.1 0.2
2010 5 1 4.89 0.2
2010 6 1 4.74 0.18
2010 7 1 4.56 0.18
2010 8 1 4.43 0.19
2010 9 1 4.35 0.19
2010 10 1 4.23 0.19
2010 11 1 4.3 0.19
2010 12 1 4.71 0.18
2011 1 1 4.76 0.17
2011 2 1 4.95 0.16
2011 3 1 4.84 0.14
2011 4 1 4.84 0.1
2011 5 1 4.64 0.09
2011 6 1 4.51 0.09
2011 7 1 4.55 0.07
2011 8 1 4.27 0.1
2011 9 1 4.11 0.08
2011 10 1 4.07 0.07
2011 11 1 3.99 0.08
