year mon day gnp
1947 01 01   1780.4
1947 04 01   1778.1
1947 07 01   1776.6
1947 10 01   1804.0
1948 01 01   1833.4
1948 04 01   1867.6
1948 07 01   1877.6
1948 10 01   1880.5
1949 01 01   1854.0
1949 04 01   1847.0
1949 07 01   1867.2
1949 10 01   1848.8
1950 01 01   1923.8
1950 04 01   1982.6
1950 07 01   2061.8
1950 10 01   2097.8
1951 01 01   2123.6
1951 04 01   2160.8
1951 07 01   2204.1
1951 10 01   2208.7
1952 01 01   2229.9
1952 04 01   2232.4
1952 07 01   2247.0
1952 10 01   2320.5
1953 01 01   2363.4
1953 04 01   2382.0
1953 07 01   2366.1
1953 10 01   2328.9
1954 01 01   2318.8
1954 04 01   2321.7
1954 07 01   2347.9
1954 10 01   2396.4
1955 01 01   2465.3
1955 04 01   2505.5
1955 07 01   2539.0
1955 10 01   2553.4
1956 01 01   2543.7
1956 04 01   2563.4
1956 07 01   2560.6
1956 10 01   2599.9
1957 01 01   2618.7
1957 04 01   2613.8
1957 07 01   2637.9
1957 10 01   2606.3
1958 01 01   2536.6
1958 04 01   2552.4
1958 07 01   2611.2
1958 10 01   2671.5
1959 01 01   2725.1
1959 04 01   2793.6
1959 07 01   2791.5
1959 10 01   2802.2
1960 01 01   2864.0
1960 04 01   2851.1
1960 07 01   2856.5
1960 10 01   2821.2
1961 01 01   2839.0
1961 04 01   2890.6
1961 07 01   2937.5
1961 10 01   2997.3
1962 01 01   3050.5
1962 04 01   3086.0
1962 07 01   3114.6
1962 10 01   3125.4
1963 01 01   3164.7
1963 04 01   3203.2
1963 07 01   3263.5
1963 10 01   3288.9
1964 01 01   3364.4
1964 04 01   3401.6
1964 07 01   3448.3
1964 10 01   3455.9
1965 01 01   3543.6
1965 04 01   3592.2
1965 07 01   3662.4
1965 10 01   3747.6
1966 01 01   3839.9
1966 04 01   3852.6
1966 07 01   3877.2
1966 10 01   3909.5
1967 01 01   3943.4
1967 04 01   3943.5
1967 07 01   3977.4
1967 10 01   4006.7
1968 01 01   4089.4
1968 04 01   4158.9
1968 07 01   4188.1
1968 10 01   4205.9
1969 01 01   4271.7
1969 04 01   4283.0
1969 07 01   4308.6
1969 10 01   4288.5
1970 01 01   4282.5
1970 04 01   4291.2
1970 07 01   4328.7
1970 10 01   4280.7
1971 01 01   4402.9
1971 04 01   4429.4
1971 07 01   4461.4
1971 10 01   4475.3
1972 01 01   4556.1
1972 04 01   4662.9
1972 07 01   4710.0
1972 10 01   4786.8
1973 01 01   4913.7
1973 04 01   4972.8
1973 07 01   4953.7
1973 10 01   5000.8
1974 01 01   4966.3
1974 04 01   4975.6
1974 07 01   4921.9
1974 10 01   4895.5
1975 01 01   4829.3
1975 04 01   4866.2
1975 07 01   4950.6
1975 10 01   5022.6
1976 01 01   5134.3
1976 04 01   5174.4
1976 07 01   5200.0
1976 10 01   5238.6
1977 01 01   5306.1
1977 04 01   5409.2
1977 07 01   5504.3
1977 10 01   5496.9
1978 01 01   5523.4
1978 04 01   5728.7
1978 07 01   5788.8
1978 10 01   5872.6
1979 01 01   5883.8
1979 04 01   5896.8
1979 07 01   5952.3
1979 10 01   5967.8
1980 01 01   5988.3
1980 04 01   5860.9
1980 07 01   5845.6
1980 10 01   5938.6
1981 01 01   6064.8
1981 04 01   6013.2
1981 07 01   6089.3
1981 10 01   6022.1
1982 01 01   5920.6
1982 04 01   5960.6
1982 07 01   5926.3
1982 10 01   5928.6
1983 01 01   6000.8
1983 04 01   6138.3
1983 07 01   6259.3
1983 10 01   6389.9
1984 01 01   6507.2
1984 04 01   6618.8
1984 07 01   6681.9
1984 10 01   6728.7
1985 01 01   6780.0
1985 04 01   6840.0
1985 07 01   6937.6
1985 10 01   6994.5
1986 01 01   7055.9
1986 04 01   7073.0
1986 07 01   7144.3
1986 10 01   7168.5
1987 01 01   7210.9
1987 04 01   7293.5
1987 07 01   7355.6
1987 10 01   7483.8
1988 01 01   7530.3
1988 04 01   7623.1
1988 07 01   7658.6
1988 10 01   7763.7
1989 01 01   7835.6
1989 04 01   7892.6
1989 07 01   7957.7
1989 10 01   7983.3
1990 01 01   8063.5
1990 04 01   8096.6
1990 07 01   8089.6
1990 10 01   8050.1
1991 01 01   7994.7
1991 04 01   8033.4
1991 07 01   8062.6
1991 10 01   8104.4
1992 01 01   8192.3
1992 04 01   8278.3
1992 07 01   8359.1
1992 10 01   8447.8
1993 01 01   8472.8
1993 04 01   8518.0
1993 07 01   8570.1
1993 10 01   8663.0
1994 01 01   8755.9
1994 04 01   8870.0
1994 07 01   8924.0
1994 10 01   9022.1
1995 01 01   9056.1
1995 04 01   9078.7
1995 07 01   9137.3
1995 10 01   9214.6
1996 01 01   9285.0
1996 04 01   9434.1
1996 07 01   9511.9
1996 10 01   9621.4
1997 01 01   9685.0
1997 04 01   9837.4
1997 07 01   9951.3
1997 10 01  10019.8
1998 01 01  10124.7
1998 04 01  10212.5
1998 07 01  10331.5
1998 10 01  10512.2
1999 01 01  10619.0
1999 04 01  10707.5
1999 07 01  10839.7
1999 10 01  11045.6
2000 01 01  11069.2
2000 04 01  11288.1
2000 07 01  11292.8
2000 10 01  11386.8
2001 01 01  11333.9
2001 04 01  11416.9
2001 07 01  11360.3
2001 10 01  11468.8
2002 01 01  11523.3
2002 04 01  11564.5
2002 07 01  11638.7
2002 10 01  11661.7
2003 01 01  11694.9
2003 04 01  11808.1
2003 07 01  12000.8
2003 10 01  12136.0
2004 01 01  12234.0
2004 04 01  12285.1
2004 07 01  12386.7
2004 10 01  12460.7
2005 01 01  12623.4
2005 04 01  12667.7
2005 07 01  12776.9
2005 10 01  12812.4
2006 01 01  12974.7
2006 04 01  13021.6
2006 07 01  13009.6
2006 10 01  13107.3
2007 01 01  13122.6
2007 04 01  13248.4
2007 07 01  13405.8
2007 10 01  13511.0
2008 01 01  13431.7
2008 04 01  13476.6
2008 07 01  13367.4
2008 10 01  12991.9
2009 01 01  12785.6
2009 04 01  12770.7
2009 07 01  12844.9
2009 10 01  12971.6
2010 01 01  13092.9
2010 04 01  13238.4
2010 07 01  13328.9
2010 10 01  13383.9
2011 01 01  13432.2
2011 04 01  13504.2
2011 07 01  13567.9
