'axisymmetric'  'z'
8  6  1
17.4  17.4  4155400.0
 0.0  0.005  0.01  0.015  0.02  0.025  0.03  0.035  0.04
 0.0 -0.005 -0.01 -0.015 -0.02 -0.025 -0.03    
1.0  180  0.5  15  7  180
0
14
 1   8   500.0  300.0
 8  15   500.0  300.0
15  22   500.0  300.0
22  29   500.0  300.0
29  36   500.0  300.0
36  43   500.0  300.0
43  50   500.0  300.0
50  57   500.0  300.0
57  58   500.0  300.0
58  59   500.0  300.0
59  60   500.0  300.0
60  61   500.0  300.0
61  62   500.0  300.0
62  63   500.0  300.0
600.0   600.0   600.0   600.0   600.0  600.0   600.0   600.0   600.0
600.0   600.0   600.0   600.0   600.0  600.0   600.0   600.0   600.0
600.0   600.0   600.0   600.0   600.0  600.0   600.0   600.0   600.0
600.0   600.0   600.0   600.0   600.0  600.0   600.0   600.0   600.0
600.0   600.0   600.0   600.0   600.0  600.0   600.0   600.0   600.0
600.0   600.0   600.0   600.0   600.0  600.0   600.0   600.0   600.0
600.0   600.0   600.0   600.0   600.0  600.0   600.0   600.0   600.0
0
10


0.1  1800  0.5  150  7  1800
