
 2.15549 2.04734
 2.83488 2.87018
 2.39480 3.63540
 2.12493 2.80709
 8.65104E-1 1.92092
 2.66628E-1 6.66004E-1
 2.64443E-1 5.73971E-1
 9.82826E-1 4.62058E-1
 1.57007E-1 1.04116
 3.39512E-1 -1.20548
 -4.76910E-1 7.81870E-1
 -6.71343E-1 -3.16650E-1
 -1.70930 -1.73393
 -1.32341 -1.70172
 -2.48561E-1 -1.62809
 4.20263E-1 2.18518E-1
 -2.32490E-1 8.66902E-1
 -8.47807E-2 -2.92472E-1
 1.45361 7.32374E-1
 3.87050E-1 1.11783
 1.12706 8.68800E-1
 7.10023E-1 1.41661
 9.58381E-1 6.86829E-1
 2.82282E-1 9.69769E-2
 -2.69549E-1 6.71094E-1
 4.71811E-1 2.94472E-1
 7.13359E-1 3.61779E-2
 5.72254E-1 1.13723E-1
 4.20827E-1 1.56759
 6.54042E-1 9.33171E-1
 1.28964 1.73878
 1.53330 1.43251
 6.64715E-1 1.44063
 6.43724E-1 1.07591
 6.13295E-1 1.02279
 9.11839E-1 4.68129E-1
 -9.03548E-1 2.94875E-1
 -1.06654 -1.57864
 1.40983E-1 5.94634E-3
 1.46718 1.63984
 1.08907 1.13837
 4.66068E-1 4.85668E-1
 3.50926E-1 1.13127
 -5.53114E-1 -2.99545E-1
 -1.59452 -1.13342
 -1.39995 -1.37617
 -2.40546E-1 -1.32271
 6.27495E-1 -3.71493E-1
 5.39713E-1 8.29267E-1
 8.19711E-1 7.36775E-1
 5.90261E-1 3.19636E-1
 7.65480E-1 9.26242E-1
 1.54025E-1 7.53029E-1
 1.20140 3.10109E-1
 7.56091E-1 9.70313E-1
 3.43151E-1 7.60053E-1
 -1.25559 -1.16591
 -1.59429 -2.03619
 -1.26717 -9.45036E-1
 -1.49466 -1.13008
 -2.13049 -1.65056
 -1.89078 -2.22825
 -9.50581E-1 -2.25884
 -1.51286 -6.44515E-1
 -8.96315E-1 -1.11625
 -1.08940 -1.61547
 -6.44268E-1 -1.00592
 -3.64563E-1 -6.87417E-1
 -6.32207E-1 -9.19761E-1
 -1.14288 -1.34888
 -4.03877E-1 -9.35897E-1
 -3.56089E-1 -8.96024E-1
 -3.94122E-2 2.98638E-1
 7.44895E-1 1.02639
 5.29639E-1 7.66022E-1
 1.67823E-1 8.06839E-1
 4.97445E-1 4.14729E-1
 -8.28027E-1 -4.32601E-1
 -6.06287E-1 -4.82129E-1
 -3.72474E-1 -3.95730E-1
 1.62121E-1 1.97904E-2
 1.24494 1.60981
 -1.23445E-1 9.76989E-2
 1.22334E-1 3.95746E-1
 4.92520E-1 3.68991E-1
 6.15958E-1 6.88798E-1
 -9.29085E-1 6.65956E-2
 -5.91547E-1 -9.34661E-1
 5.55856E-1 5.69129E-1
 5.97884E-1 4.33794E-1
 4.46579E-1 1.09866
 8.30600E-1 1.31172E-1
 6.43066E-1 8.05336E-1
 1.05037 1.25661
 -6.80245E-1 5.14232E-1
 7.18483E-2 1.35541E-1
 -1.22653 -4.93304E-1
 -4.48699E-1 -1.80792
 -4.68055E-1 -4.25913E-1
 -1.81851E-1 -4.87731E-1
 8.38609E-1 -3.28201E-1
 1.68970E-1 1.62246
 1.09399E-1 -3.26533E-1
 -1.58203E-2 9.52820E-1
 -5.68374E-1 -1.03126
 9.86103E-1 -7.51284E-1
 9.22704E-2 2.13993E-1
 1.33345 2.39564E-1
 1.18792 1.39505
 5.01397E-1 1.14461
 -1.70766E-1 4.60427E-1
 4.24388E-1 -6.34027E-1
 1.15487 1.18739
 1.04442 1.51209
 1.09489 1.51167
 9.87973E-1 1.06173
 8.42191E-1 1.30588
 -1.05868E-1 -2.24180E-1
 -2.73270E-1 -4.82894E-1
 5.36531E-1 -1.78371E-1
 8.38496E-1 1.04212
 1.25940 1.54610
 3.06870E-2 5.84110E-1
 -6.70177E-1 -9.09226E-1
 6.21107E-1 -1.05148E-1
 5.10868E-1 7.54148E-1
 3.25498E-1 5.29504E-1
 -1.18518E-1 2.32098E-1
 1.56261E-1 1.26970E-1
 5.36865E-1 2.83132E-2
 3.28862E-1 8.78467E-1
 3.64343E-1 9.64347E-1
 1.02123 8.51078E-1
 -5.98737E-3 5.10350E-1
 3.28489E-1 -1.11211E-2
 -1.40973 -6.58763E-1
 -3.60317E-1 -1.59919
 4.98740E-1 -6.75785E-1
 1.50058 9.77972E-1
 5.45181E-1 1.51447
 3.61169E-3 7.01485E-1
 6.56312E-1 1.38586
 1.14816 1.68574
 1.34944 1.47894
 1.62128 1.93920
 1.22856 1.47201
 1.84994 2.30216
 1.33884 1.98850
 1.99783E-1 8.89659E-1
 4.58390E-1 -4.59709E-2
 5.62915E-1 3.30450E-1
 6.24974E-1 7.94512E-2
 4.67353E-1 5.96272E-1
 6.98568E-1 8.70616E-1
 8.95740E-1 9.52594E-1
 1.32345 9.73284E-1
 7.19530E-1 1.64059
 -7.31644E-1 1.65563E-1
 -5.98052E-1 -3.54471E-1
 -4.76704E-1 -2.12589E-1
 -8.36749E-1 -3.78669E-1
 -7.34356E-1 -3.54524E-1
 -2.24333 -1.65126
 -2.10802 -2.40417
 -1.63369 -1.92318
 -2.14037 -2.15699
 -2.12806 -2.94444
 -1.03914 -2.02051
 -1.59183 -1.47805
 -6.71320E-1 -7.55036E-1
 -3.53671E-1 -5.47375E-1
 -3.08903E-1 -9.78904E-1
 1.97234E-1 -1.04226E-1
 -3.41570E-1 -3.12670E-1
 3.61428E-1 -3.94422E-2
 -9.96473E-2 -1.91104E-1
 -2.50048E-1 3.97519E-2
 -3.93666E-1 -1.16909E-1
 3.52697E-1 2.11137E-1
 6.43697E-2 -3.78168E-3
 2.96007E-1 6.35613E-1
 1.24592 1.98018
 5.88418E-1 1.36013
 1.31945 3.64494E-1
 -1.41259E-2 6.39948E-1
 7.76301E-1 3.21834E-1
 1.69546 1.42720
 8.76598E-1 1.97539
 1.17418 1.01875
 -6.56807E-1 -3.89186E-1
 -5.10807E-1 5.35093E-2
 -1.14823 -1.18005
 -9.33467E-1 -1.63620
 8.68436E-2 -4.86585E-1
 1.03007 1.38027
 5.03401E-1 1.46373
 8.02712E-1 1.62095
 6.04483E-1 1.11064
 2.44708E-1 1.16363
 -2.09177E-1 5.20340E-3
 4.65422E-1 3.12564E-2
 1.05904 1.75387
 -6.12929E-1 6.39203E-1
 -9.94990E-2 -8.06874E-1
 1.70529E-1 -4.70287E-1
 7.17445E-1 2.64952E-1
 7.04104E-1 9.29271E-1
 -2.36034E-1 3.62836E-2
 -1.67222 -1.17477
 -5.73846E-2 -6.34980E-1
 -1.64940E-1 -1.46547E-1
 -1.10730E-1 -8.68687E-1
 -7.81334E-1 -4.36201E-1
 -1.78082 -1.75372
 -1.50361 -1.58357
 -3.36187E-1 -9.88057E-1
 2.95398E-2 -3.33590E-1
 7.04792E-1 1.21640E-1
 8.82032E-1 3.43057E-1
 -7.20883E-1 -7.07021E-2
 -4.36630E-1 -7.61912E-1
 -9.54767E-1 -7.90536E-1
 -1.47516 -1.50209
 -1.37070 -2.11527
 -1.68583 -1.63174
 -2.35526 -2.32684
 -2.69040 -2.94538
 -2.07819 -1.71146
 -1.14356 -1.36171
 -9.83464E-1 -1.50928
 1.79135E-1 -5.78748E-1
 1.40471 1.54953
 2.12276 1.89052
 2.01682E-1 1.87388
 7.67976E-1 1.55550
 4.27967E-1 1.60964E-1
 -5.60859E-1 -7.84749E-2
 -3.28520E-2 -8.92252E-1
 5.27030E-1 -1.37698E-1
 9.45958E-1 9.65332E-1
 5.75608E-1 8.37118E-1
 1.92651E-1 4.69212E-1
 3.19779E-1 4.30974E-1
 1.10647 8.08604E-1
 5.40353E-1 9.54818E-1
 1.18682E-1 -1.06656E-1
 1.71721E-1 2.79341E-1
 -2.67971E-1 -5.48824E-1
 -4.77327E-1 -3.57658E-1
 -6.25500E-1 -1.01619
 3.44681E-3 -9.04289E-1
 5.46624E-1 5.48680E-1
 7.35936E-1 7.85899E-1
 5.96178E-1 2.46746E-1
 5.12593E-1 9.89574E-2
 -1.93992E-1 9.36151E-1
 -1.33876E-2 2.50269E-1
 -7.19271E-1 -2.53460E-1
 -9.89673E-1 5.76375E-2
 -7.68254E-1 -6.83929E-1
 -4.22750E-1 5.09955E-2
 -6.66599E-1 -1.11852
 5.61008E-1 -1.53864E-1
 6.85241E-1 6.49741E-1
 -3.30715E-1 -3.30117E-2
 -6.41232E-1 4.68331E-1
 -4.49700E-1 -8.98934E-1
 -1.07768 -7.24376E-1
 -2.93702E-1 -1.09443
 -9.89825E-1 -6.26761E-1
 -6.48567E-1 -3.97893E-1
 5.24192E-2 -2.75617E-1
 1.39146E-1 3.11899E-1
 2.45409E-1 6.29464E-1
 1.64794 1.77374
 1.17370 2.04956
 1.59512 1.97254
 5.35231E-2 9.39601E-1
 -2.91585E-1 2.99250E-1
 -1.14075 -1.25701
 4.67722E-1 -1.97537E-1
 -8.93135E-1 3.56765E-1
 2.56384E-1 4.02616E-1
 -7.70539E-2 -6.65919E-2
 3.85898E-1 -4.63844E-1
 1.11151 1.35893
 1.39347 1.30120
 8.41640E-1 1.27612
 1.86034E-1 1.99131E-1
 8.08897E-1 -7.13554E-2
 -6.59084E-1 -3.00187E-1
 -1.62124 -1.67035
 -1.88928 -2.41769
 -1.67998 -1.57736
 -9.63785E-1 -2.49345
 -1.33077 -1.04080
 -1.11242 -6.70081E-1
 4.13002E-1 -2.39229E-1
 -5.22470E-1 6.65805E-1
 -1.44133E-1 -3.28388E-1
 -1.67959E-1 -6.85208E-1
 3.40557E-1 -6.48284E-1
 3.23852E-1 8.74317E-1
 -2.59519E-1 -2.47468E-1
 1.67721 5.38446E-1
 1.21393 1.73340
 1.03749 1.46193
 1.39778 1.51757
 9.24838E-1 1.74512
 6.93192E-1 1.47610
 8.71242E-1 1.68585E-1
 7.16447E-1 1.05645
 -4.33509E-1 4.49703E-1
 -3.37282E-1 -7.03723E-1
 -2.04300 -7.27150E-1
 -1.40451 -2.37750
 -1.33336 -2.31517
 -1.99744E-1 -1.29482
 -2.79689E-1 -1.21119E-1
 -8.18903E-1 -9.04920E-1
 -4.17852E-1 -6.70567E-1
 -2.53742E-1 -1.01200
 -6.24557E-1 -6.74068E-1
 -6.96527E-1 -9.91851E-1
 -2.68514E-1 -5.89194E-1
 -7.34136E-1 -2.01478E-1
 4.28607E-1 -2.80935E-1
 -1.47958 -5.00251E-1
 -6.31405E-1 -2.16991
 -2.94641E-1 8.27924E-2
 2.16958E-1 8.11891E-1
 5.52399E-2 2.92460E-1
 -7.72313E-1 -2.30794E-1
 -9.50401E-1 -1.16807
 -1.18741 -2.22492
 1.26882E-1 -3.41971E-1
 4.97924E-1 6.34355E-1
 2.90250E-2 8.78534E-1
 -7.65895E-1 -5.29482E-1
 7.77337E-1 3.93505E-1
 2.43116 1.60294
 1.68554 1.82437
 2.17322 1.81007
 1.09581 1.39195
 1.73398 2.19286
 1.61101 2.69561
 -2.71794E-1 3.20260E-1
 3.90440E-1 -6.69917E-2
 6.03635E-1 -1.09209E-1
 1.24227 1.22829
 4.84633E-1 7.89402E-1
 8.14684E-1 1.08643
 -4.26773E-1 -2.88592E-1
 -3.04270E-1 -4.80622E-1
 -8.05521E-1 -2.26927E-1
 -6.83848E-1 -7.06667E-1
 -7.12810E-2 -4.67613E-1
 -4.22030E-1 -8.80893E-2
 1.17611 1.15234
 -1.19293E-1 9.02998E-1
 3.32604E-1 -3.22645E-1
 -1.53640E-1 -2.44367E-1
 -9.81903E-1 -8.83601E-1
 -7.21194E-1 -6.96231E-1
 -1.51884 -7.68384E-1
 -3.96538E-1 -1.24495
 -1.55734 -1.19273
 -1.05820 -1.07122
 -7.93330E-1 -1.70308
 -3.63129E-1 -9.06396E-1
 -1.02009 -6.21632E-1
 -3.26255E-1 -7.31975E-1
 -7.04025E-1 1.31977E-1
 -6.05100E-1 -4.78877E-1
 -9.13739E-1 -6.69596E-1
 -1.98907E-1 -1.18350
 1.90886E-1 2.28351E-1
 -1.19171E-1 -1.79796E-1
 -4.41322E-1 -3.19328E-1
 -5.77822E-3 -7.59008E-3
 1.46876 6.70662E-1
 1.85636 1.69514
 1.23295 1.87603
 3.71526E-1 1.06216
 -3.30702E-1 -2.41164E-1
 -1.35630 -1.18822
 -1.10204 -9.14149E-1
 -8.99358E-1 -8.27585E-1
 -1.54523 -1.83432
 -7.43317E-1 -1.21266
 -7.84158E-1 -1.16365
 3.45348E-1 -2.22941E-2
 3.46173E-1 -7.63496E-1
 6.71161E-1 6.66868E-1
 4.37519E-1 5.70465E-1
 4.76009E-1 9.76763E-1
 -1.40145E-1 6.45406E-1
 2.58927E-2 -1.74988E-1
 2.31444E-1 5.80222E-1
 1.11452 1.77305
 1.68818 1.52147
 8.41038E-1 1.43255
 1.64759 1.35262
 2.34630 2.43131
 1.72801 1.86860
 1.95514 2.07820
 1.76077 2.86636
 1.93576 1.61781
 5.39091E-1 1.76916
 3.13193E-1 5.50043E-1
 -7.27500E-1 2.28500E-1
 -1.94736E-1 -1.06881
 -6.60488E-1 -9.61406E-1
 5.39491E-2 -6.97143E-1
 -4.05079E-1 -2.77325E-1
 3.01731E-1 4.16454E-1
 1.26660 -1.23631E-1
 1.37710 1.71841
 2.05164 1.72210
 2.12926 2.33144
 1.11255 1.51047
 -3.14659E-1 1.96504E-1
 -6.96651E-1 -5.71962E-1
 -6.46272E-1 -6.94846E-1
 -7.17137E-1 -7.99610E-1
 7.34650E-1 -3.56998E-1
 -3.94156E-1 -2.93510E-1
 -2.09083E-1 -8.38353E-1
 -5.78206E-1 -4.80195E-1
 -1.06857 -6.80003E-1
 1.60973E-1 -3.26583E-1
 -2.51927E-4 1.55561E-1
 2.17685E-1 3.42805E-1
 1.24103E-1 -2.80974E-1
 6.57636E-1 6.83546E-1
 3.94453E-1 2.88718E-1
 5.53603E-1 2.64644E-3
 -6.46341E-2 -1.11139E-1
 -5.17217E-1 -9.78648E-1
 -1.02531 -1.51027
 -9.89975E-1 -1.20495
 6.20668E-1 -4.41451E-1
 8.61510E-2 2.58725E-1
 -5.36681E-1 4.59260E-2
 5.14315E-1 -1.74580E-1
 -2.71696E-1 -4.68656E-1
 -1.24965 -4.23462E-1
 -2.02411 -1.55189
 -1.76178 -2.85058
 -1.99113 -1.88491
 -8.28009E-1 -1.68012
 -9.55993E-1 -1.63898
 -1.81072 -1.00050
 -4.51950E-1 -1.96683
 -1.00704 -8.01285E-1
 -1.28991 -8.79715E-1
 -8.49686E-1 -1.46769
 -3.61879E-1 -6.76375E-1
 -4.21868E-1 -4.48693E-1
 -4.60270E-1 -4.80197E-1
 -2.13147E-1 -1.02871
 2.82289E-1 -6.06173E-1
 -6.94098E-2 -3.61240E-1
 -5.96361E-1 -9.18740E-1
 -8.37641E-1 -1.77901
 -4.48997E-1 -1.26252E-1
 4.27761E-1 -1.34116E-1
 5.53259E-1 4.88752E-2
 4.25092E-1 4.55446E-1
 -7.55977E-2 2.78738E-1
 2.77754E-1 2.48731E-1
 -9.60817E-1 -3.39204E-1
 -7.75024E-1 -1.19362
 3.44214E-1 -1.15497E-1
 1.81513E-1 4.04013E-1
 -1.15965 -9.04258E-1
 -7.21042E-1 -1.41530
 -1.00876 -4.51144E-1
 -3.46762E-2 -1.40309
 6.14279E-1 2.32276E-1
 4.74203E-1 8.32145E-1
 1.12587 1.23707
 1.85729 1.94012
 1.17633 2.13135
 1.68381E-1 7.76324E-1
 -3.32424E-1 8.33195E-2
 -4.78761E-1 -3.18904E-1
 -5.83341E-1 -3.05736E-1
 -7.47265E-1 -1.19218
 4.51737E-1 -1.30065E-1
 1.20492 1.33375
 3.33349E-1 1.61934
 2.97609E-1 7.85111E-1
 3.92058E-1 8.92210E-1
 1.61987 1.68200
 6.64439E-2 8.37846E-1
 4.88661E-1 2.56153E-1
 -2.98498E-1 5.33751E-1
 -2.53372E-1 -1.93110E-1
 5.60761E-1 -1.63993E-1
 9.20687E-1 4.38969E-1
 2.04995 1.40112
 2.21176 2.98215
 1.76192 2.58554
 1.57107 2.15937
 4.49337E-1 1.56319
 7.24514E-1 1.05909
 6.74330E-1 9.80906E-1
 5.95791E-1 1.70967
 -6.79669E-1 2.18941E-1
 -8.61069E-1 -1.07636
 -1.25346 -1.15574
 -8.24260E-1 -1.52141
 -4.24256E-1 -4.80438E-1
 -6.16385E-1 -1.07639
 -1.02125E-1 2.15432E-1
 3.05818E-1 -4.66930E-1
 1.09077 1.09847
 7.41097E-1 1.00246
 1.30028 1.42177
 1.21312 1.40422
 1.10846 1.89755
 8.06266E-1 1.36481
 2.13244E-1 6.66339E-2
 4.10786E-1 3.56865E-1
 -2.14435E-1 1.41445E-1
 -3.92605E-1 1.13842E-1
 1.74888 7.71466E-1
 1.50762 2.15772
 1.64874 2.48872
 1.52346 1.85642
 2.01069 1.88685
 2.28410 2.16206
 1.61185 2.96919
 1.12983 2.16069
 6.90384E-1 1.26814
 9.61074E-1 6.76556E-1
 1.50730 1.16984
 1.68646 2.33265
 1.84311 1.33991
 1.43638 1.81621
 5.34518E-1 1.08219
 4.50101E-1 -7.42946E-1
 6.04711E-1 5.20593E-1
 -1.99167E-1 3.04703E-1
 4.70253E-1 7.04883E-1
 3.59467E-1 1.31829
 -6.39290E-2 4.73657E-1
 6.35493E-2 -5.80171E-1
 9.75862E-1 1.29309E-2
 2.01077 1.71694
 1.25569 2.48834
 1.54429 2.40223
 8.26529E-1 1.15160
 1.18122 1.36954
 1.70878 1.05669
 6.27410E-1 1.67792
 -1.26422 -7.90424E-1
 -1.38692E-1 -7.83018E-1
 7.13241E-1 5.17800E-1
 1.41358 1.52382
 2.99922E-1 1.00305
 8.32355E-2 2.82082E-2
 -5.83223E-1 1.46473E-2
 -9.77002E-3 2.89125E-1
 1.20192E-1 -4.53878E-2
 4.01566E-2 -1.14097E-1
 -1.07881 -6.26647E-1
 -8.25576E-1 -7.11120E-1
 -7.46712E-2 1.23623E-1
 -1.90924 -6.41195E-1
 -2.25651 -2.95030
 -1.44994 -2.34949
 -1.28499 -1.71450
 -4.90980E-1 -1.15539
 9.16333E-1 6.19388E-1
 3.28589E-1 1.21286
 -4.65816E-1 2.83672E-1
 -2.35686E-1 -9.16703E-1
 -1.87488E-1 6.03563E-1
 -7.68634E-1 -1.12012
 1.34624E-1 -1.27043
 1.15161 5.01419E-1
 7.64116E-1 1.19577
 9.93330E-1 9.57592E-1
 8.11221E-1 9.81735E-1
 3.57154E-3 1.18904
 -8.75253E-1 -9.77032E-1
 -2.96663E-1 -1.50868E-1
 -8.67269E-1 -4.79943E-1
 -2.03122 -1.72498
 -2.02907E-1 -1.30372
 -7.62480E-1 -8.22245E-1
 -1.00412 -1.61824
 -7.53613E-2 -7.31018E-1
 -2.14826E-1 -1.78832E-1
 3.70296E-1 9.00849E-2
 -2.26017E-1 3.30307E-1
 -7.26506E-1 -7.24770E-1
 4.05612E-1 -7.37821E-1
 -5.86485E-1 2.57320E-2
 -1.80813 -9.31548E-1
 -1.27807 -1.92808
 -9.94354E-1 -1.20568
 -2.59428E-1 -6.01134E-1
 -1.04667 -2.70539E-1
 -1.61584 -1.38404
 -5.56550E-1 -1.06739
 -4.03866E-1 -5.53159E-1
 -1.16025 -7.03067E-1
 2.17381E-1 -5.73082E-1
 -5.23937E-1 2.70368E-1
 -7.93561E-1 3.85957E-2
 -7.18812E-1 -7.87234E-1
 -1.33309 -1.15349
 -1.88604 -1.27913
 -3.22560E-1 -1.67106
 -2.50340E-1 -3.21925E-1
 6.38781E-1 1.21023E-1
 -5.47315E-1 3.91599E-1
 -1.72688 -7.00343E-1
 -1.40809 -1.60019
 -1.09796 -1.65287
 -2.42978E-2 -1.41790
 -4.15965E-1 -7.18588E-1
 -7.80795E-1 -1.14056
 -1.90633E-1 -7.15928E-1
 2.36848E-1 3.82382E-3
 3.29955E-1 6.86912E-1
 -1.03220E-1 -3.85671E-1
 4.15281E-1 -1.41659E-1
 8.83496E-1 8.09723E-1
 1.06785 1.89920
 8.73039E-1 8.73521E-1
 6.99456E-1 4.37617E-1
 2.00502 1.77380
 2.00643 1.95240
 1.17758 1.71762
 1.90188E-1 5.97472E-1
 -7.47835E-2 -7.18769E-2
 -3.16597E-1 -5.20407E-1
 4.29526E-1 3.50797E-2
 1.21799 7.31535E-1
 1.13972 1.27236
 1.22153 1.28341
 9.01992E-1 5.80718E-1
 8.10035E-1 1.82647
 5.45872E-1 6.67594E-1
 -8.08433E-1 -2.40278E-1
 -1.24274 -1.49932
 -1.15868 -1.13608
 -9.40029E-1 -1.49962
 -1.01842 -2.16351
 -8.42537E-1 -6.16883E-1
 -1.44954 -1.28626
 -2.19215 -1.72856
 -1.65154 -2.51268
 -1.53379 -2.78670
 -1.35126 -2.14296
 -2.17398 -1.32495
 -2.44485 -3.05800
 -2.99811 -3.30523
 -1.62193 -2.01943
 -8.38125E-1 -2.10270
 -9.76240E-1 -1.16055
 -1.09047 -8.14961E-1
 -4.20749E-1 -2.01074E-1
 1.03036 6.10482E-1
 5.94578E-1 6.24867E-1
 4.92223E-1 8.67071E-1
 6.07782E-1 3.62506E-1
 9.86348E-1 1.19156
 8.81970E-1 4.17070E-1
 7.20229E-1 6.66620E-1
 1.01184E-1 4.47685E-1
 2.45721E-1 3.62780E-1
 -1.99385E-1 -1.99646E-1
 -6.76690E-1 -7.28602E-1
 -9.04320E-1 -7.25710E-1
 -1.26200 -1.39123
 -7.29339E-1 -1.51237E-1
 -9.31727E-1 -8.36547E-1
 -1.14067 -9.43462E-1
 -8.19830E-2 -7.69427E-1
 -8.11781E-1 -1.94353E-1
 1.12101 -5.22554E-1
 -2.33691E-1 5.92227E-1
 -9.00569E-1 -6.34993E-1
 -5.99758E-1 -4.20655E-1
 6.45090E-1 -1.39889E-1
 1.28539 2.00415
 1.28522 1.29344
 2.75402 2.74410
 5.72442E-1 1.38617
 -1.36397E-1 3.98349E-1
 9.78615E-1 1.00659
 5.91663E-2 7.61721E-1
 -9.39240E-1 -2.96841E-1
 -7.68906E-1 -1.60423E-1
 -1.64984 -2.00836E-1
 -1.28286 -1.92444
 -1.65293E-1 -3.18428E-1
 5.42129E-1 -1.13273E-1
 6.04109E-1 4.12407E-1
 2.06494 1.36451
 9.51292E-1 1.84005
 5.08772E-1 2.55350E-1
 -8.45812E-1 -6.82183E-1
 -1.75566 -2.00701
 -1.50593 -1.39839
 -1.91200 -3.06651
 -2.17706 -2.71213
 -1.85669 -2.69528
 -1.76937 -1.19270
 -2.16246 -1.85699
 -1.27123 -1.54390
 9.44187E-2 -1.21989E-1
 -5.01782E-1 4.98897E-1
 -7.27818E-1 -1.22073
 -2.20005E-1 -5.07745E-1
 3.80789E-1 1.74687E-1
 1.28834 4.15756E-1
 6.84766E-1 9.67163E-1
 6.63866E-1 1.00251
 9.64693E-1 1.02522
 8.82574E-1 1.32966
 8.91296E-1 7.75742E-2
 9.91748E-1 1.43585
 1.07548 1.17423
 7.78867E-1 1.14712
 -4.97903E-1 3.35880E-2
 -2.48609E-1 1.13041E-1
 -4.65962E-1 -4.34384E-2
 -3.25798E-1 -1.06997
 -5.47657E-1 -8.63810E-2
 -4.21417E-2 -2.03018E-1
 -5.88997E-2 8.43497E-1
 -7.94692E-1 -1.07208E-1
 -4.80543E-1 -1.04425
 -2.25033E-1 -6.29280E-1
 1.91668E-1 -2.10406E-1
 9.32991E-2 -1.25038E-3
 -3.08574E-1 1.36439E-1
 -5.42246E-1 -4.65293E-1
 -8.04410E-1 -1.24603
 -8.48308E-1 -1.41588
 -6.27087E-1 -6.79230E-1
 -3.59606E-1 -6.33026E-1
 -8.03547E-1 -1.24977
 -2.00887E-1 -1.92797E-1
 -2.63660E-1 3.88169E-1
 -3.79193E-1 -2.12973E-1
 -1.25362 -1.55436
 -8.90902E-1 -1.36644
 -1.14615 -1.76749
 -2.60584E-1 -1.11894
 2.07907E-2 -4.78129E-1
 8.40130E-1 9.08303E-1
 7.49395E-1 1.42204
 1.60711 7.38546E-1
 1.74871 1.96023
 9.92616E-1 8.17952E-1
 -1.68400E-1 1.34913E-1
 -7.64901E-1 -2.05595E-1
 -8.78787E-2 -9.75616E-2
 -3.80351E-1 6.49928E-1
 -5.47823E-1 -5.43811E-1
 6.06349E-1 -5.77235E-2
 -8.46062E-2 6.67380E-1
 2.10523E-2 5.44784E-1
 1.88629E-1 -5.04940E-2
 7.88255E-2 6.62813E-1
 4.29999E-1 1.63730
 4.57885E-1 4.57280E-1
 6.69382E-1 5.39262E-1
 8.02510E-1 9.79946E-1
 1.42135 1.10061
 1.16965 1.41805
 1.70423 1.00564
 1.17242 1.85208
 5.28913E-1 5.32020E-1
 1.13862 -2.64813E-2
 1.20150 1.10767
 6.18736E-1 1.43331
 -1.00539E-1 2.97360E-1
 4.62568E-1 -1.19055E-1
 7.85585E-1 4.41215E-1
 1.27890E-1 -1.20066E-1
 1.65167 4.49317E-1
 7.17030E-1 2.07194
 3.07872E-1 5.64842E-2
 6.00593E-1 1.55180E-1
 2.17625E-1 7.16206E-1
 1.27599 1.87319E-1
 1.78246 1.95225
 1.68320 2.07354
 1.21187 1.32050
 1.79211 2.17220
 1.00493 9.68824E-1
 1.24304 8.33396E-1
 1.43677 1.42709
 1.17203 2.38320
 2.54204E-1 9.41988E-1
 1.00413 8.89444E-1
 1.29161E-1 4.89508E-1
 2.72370E-1 1.28855E-1
 1.01354 1.56384
 1.14402 1.89403
 2.57890E-1 5.55767E-1
 -2.00682E-1 -7.78240E-1
 -1.50440E-1 -8.49959E-1
 -3.13437E-1 4.87083E-1
 -5.90517E-1 -7.66634E-1
 -6.54769E-1 -1.17505
 -9.72931E-1 -7.71301E-1
 -1.03761 -1.76113
 -1.06356 -1.02486
 -4.44188E-1 -3.98386E-1
 -6.01058E-1 -2.24189E-1
 -6.11368E-1 -1.06130
 -1.03752 -1.46063
 -5.77977E-1 -1.50685
 -1.54548 -9.90784E-1
 4.12291E-1 -1.43557
 5.45640E-1 1.72366E-1
 1.96909E-1 1.11724
 1.15142 1.06614
 -6.77853E-1 -3.29332E-1
 -1.19097 -8.07454E-1
 -1.61590 -1.75248
 -2.55894 -2.74137
 -1.02475 -2.30569
 -8.26954E-1 -8.15880E-1
 -1.02820 -2.76786E-1
 -8.63201E-1 -1.25643
 -7.45934E-1 -1.03694
 -1.31153 -9.41785E-1
 -4.29008E-1 -1.39140
 -6.42028E-1 -5.00228E-1
 -4.40878E-1 -6.18164E-1
 4.87001E-1 -3.28166E-1
 8.29931E-1 8.09574E-1
 8.30965E-1 5.71599E-1
 2.62651E-1 8.39019E-1
 -7.86312E-1 -2.24793E-1
 -3.30921E-2 -8.19537E-1
 9.17996E-1 6.56030E-1
 1.16224 2.28205
 -4.02053E-1 5.59501E-1
 5.21515E-1 4.77541E-1
 6.23256E-1 8.78011E-1
 2.54085E-1 4.01994E-1
 2.61886E-1 9.07308E-1
 -2.34415E-1 -2.64109E-1
 -1.21698 -1.02329
 -1.82015 -1.15087
 -2.18343 -1.88507
 -1.29112 -1.95579
 -1.03457 -1.63297
 -5.58992E-1 -3.33016E-1
 -4.31653E-1 -1.73341E-1
 -8.31416E-1 -8.57005E-1
 -1.66180 -1.99769
 -1.07858 -9.63454E-1
 -1.19520 -1.21936
 -6.82763E-1 -7.65879E-1
 -2.52994E-2 -1.98634E-2
 -1.77276E-1 -6.10946E-1
 -1.05232E-1 -3.69789E-1
 1.69963E-2 2.64975E-1
 9.81400E-1 4.15481E-1
 2.11669 1.88061
 5.69037E-1 1.62514E-1
 1.07737 7.94956E-1
 4.06732E-1 5.95007E-1
 -4.60287E-1 3.53142E-3
 -6.89871E-1 -1.02535
 -7.32368E-1 -1.05136
 -1.87152E-1 -5.23758E-1
 5.65166E-2 3.71056E-2
 -2.67025E-1 -3.67006E-1
 4.38380E-1 2.81089E-1
 3.29112E-1 1.50239E-1
 -5.30465E-1 9.93221E-2
 -4.47878E-1 -3.61223E-1
 1.12999E-1 -4.80589E-2
 2.94699E-1 7.98847E-1
 -4.16913E-1 2.11187E-1
 -1.04015 -8.60989E-1
 -6.40198E-1 -8.51825E-1
 -1.60542 -1.72419
 -2.42114 -2.34359
 -2.00704 -2.07130
 -2.33268 -2.46056
 -6.19262E-1 -1.60676
 -8.50164E-1 -5.01923E-1
 -9.64232E-1 -1.15135
 -9.18094E-1 -1.20833
 -6.65610E-1 -4.83318E-1
 1.70232E-1 -4.90673E-1
 6.04440E-1 7.02716E-1
 1.18255 1.04604
 -6.43410E-2 8.93467E-1
 -7.65960E-3 1.09592E-1
 6.64744E-1 1.25692
 -8.82516E-1 8.04972E-2
 1.28672E-1 1.75252E-1
 1.89568E-1 -8.31504E-2
 -4.85647E-1 2.11801E-1
 -8.45345E-1 -5.40079E-1
 -4.97115E-1 -4.70420E-1
 -1.07896 -5.25185E-1
 -4.13809E-1 -4.78982E-1
 -9.51245E-1 -1.04332
 -5.23324E-1 -9.11060E-1
 -1.05716 -5.49305E-1
 -1.56453 -1.46938
 -7.47596E-1 -1.43763
 -1.46044 -1.08616
 -9.68469E-1 -1.48975
 -6.31407E-1 -8.00207E-1
 2.13706E-2 9.68633E-1
 -7.22034E-1 -1.91231E-1
 -2.95274E-1 -9.78049E-1
 -5.80681E-1 3.10518E-1
 5.99313E-1 -3.53934E-1
 4.67568E-2 3.51133E-1
 -8.89377E-2 6.18958E-1
 1.46302 1.43491
 3.46535E-1 1.01118
 1.30126 5.32326E-2
 1.46756 1.64252
 9.86862E-1 8.18505E-1
 1.84236 1.82954
 9.15996E-1 1.22610
 1.38195 1.77590
 4.89796E-1 1.04898
 5.35180E-1 1.06611
 7.62427E-1 6.83643E-1
 3.10119E-1 7.19237E-1
 7.60433E-1 1.18255
 -1.15927 -8.98268E-1
 6.25605E-1 -7.14694E-1
 -1.97298E-1 8.36960E-1
 8.54338E-1 -1.08419E-1
 1.60270 1.64647
 3.53616E-1 1.04790
 -2.45468E-2 7.44157E-1
 -2.31998E-1 6.08230E-1
 -1.39212 -1.28432
 -1.39887 -1.45738
 -1.05234 -1.38146
 -1.05332 -9.19971E-1
 -6.52698E-1 -1.00402
 -1.67543 -1.27683
 -1.52539 -1.81435
 4.06091E-1 -7.20777E-1
 -4.40533E-2 1.08006E-1
 -2.66694E-1 -1.80568E-1
 4.99570E-1 -5.11908E-2
 -1.63500 -8.04050E-1
 -6.98603E-1 -1.33197
 -1.08277 -1.51793
 -7.11488E-1 -6.84719E-1
 -8.01315E-2 -4.61512E-1
 2.93789E-1 -2.77376E-2
 6.72624E-1 3.50374E-1
 1.42766 1.42332
 7.62721E-1 9.74145E-1
 1.20742 7.65713E-1
 8.32044E-2 -5.79680E-1
 1.49050E-1 4.65604E-1
 1.00720 7.78262E-1
 6.52463E-1 1.26354
 8.46412E-1 9.17750E-1
 9.95646E-1 1.24108
 2.65035E-1 1.11734
 3.76324E-1 5.50187E-1
 9.20208E-1 8.37546E-1
 6.84478E-1 1.09991
 7.64606E-1 1.17799
 2.29948E-1 2.08915E-1
 9.41809E-1 1.41012
 -1.28006 -6.77576E-1
 -1.21941 -1.77338
 -3.94948E-1 -1.29891
 -1.79913E-1 3.71344E-2
 3.22451E-1 5.04931E-1
 -5.68854E-1 -5.07949E-1
 -8.64600E-2 -1.71690E-1
 -3.52567E-1 -9.83044E-1
 -9.81811E-1 -1.48571
 -1.45087 -1.14999
 -3.79967E-1 -5.03490E-1
 -2.73133E-2 -4.66072E-1
 1.22535 8.59422E-1
 1.44240 1.29313
 1.17031 9.02597E-1
 6.62347E-1 5.53661E-1
 8.20043E-1 1.19582
 1.40683 1.32797
 2.99410 2.81673
 2.67799 3.91700
 2.58345 2.74980
 1.93951 2.20497
 8.83534E-1 1.45837
 1.77972 1.77511
 1.87793 2.57870
 1.75613 2.12032
 3.10039 2.28429
 2.01180 3.21934
 1.32736 2.46663
 1.26212 2.20801
 1.14637 1.87968
 1.11003 1.21154
 -1.28468E-1 1.24182E-1
 -7.19244E-1 -7.95877E-1
 -7.11224E-1 -9.76715E-1
 -2.31282E-1 -4.38788E-1
 -1.27902 -9.10187E-1
 -1.14191 -1.22147
 -9.08946E-1 -9.78253E-1
 -1.20137 -1.40464
 -2.32834 -1.09571
 -2.79190 -3.33733
 -1.91932 -3.32936
 -1.22336 -1.95399
 -2.12790 -2.20230
 -1.56014 -2.22077
 -6.94582E-1 -8.05866E-1
 -3.23713E-1 -7.06475E-1
 1.23288 7.01653E-1
 1.26721 1.38582
 1.10097 9.06481E-1
 1.35178 9.77423E-1
 1.36690 1.56613
 2.24370 2.25649
 2.11388 2.96419
 1.80104 1.86195
 1.52663 2.10361
 1.52083 1.49687
 1.56326 1.75204
 1.90553 1.97600
 2.20115E-1 9.64645E-1
 -2.33787E-1 -6.51958E-1
 -6.13442E-1 -2.79780E-2
 -3.29614E-1 -1.26027E-1
 -9.10925E-1 -1.05679
 5.07267E-1 -2.13509E-1
 9.54185E-1 1.10786
 1.48674 1.83486
 1.38346E-1 4.18695E-1
 9.19941E-1 9.04117E-1
 -2.38844E-1 7.08557E-1
 -7.19253E-1 -2.80651E-1
 -1.21685 -7.87895E-1
 -1.09910 -1.51751
 6.20410E-1 -1.11889
 2.35034E-1 8.50558E-1
 -5.00471E-1 1.36601E-1
 -6.28321E-1 1.73483E-1
 1.02404 -5.21405E-2
 1.26483 2.12381E-1
 3.76474E-1 9.72395E-1
 5.74175E-1 4.85308E-1
 1.54094 1.21130
 9.17380E-1 1.25744
 1.77645E-2 1.64794
 -6.41067E-1 -1.30410E-1
 -1.01916 -7.73317E-1
 -5.24400E-1 -1.89292E-1
 -2.69839E-1 5.65635E-1
 -5.01739E-1 -3.96336E-1
 5.70066E-1 8.08087E-1
 4.24391E-1 5.56193E-1
 1.83559 1.48213
 1.38373 1.46237
 2.15407 1.88961
 3.73832E-1 7.52431E-1
 2.67847E-1 6.96393E-1
 4.56324E-1 9.27945E-1
 1.37191E-1 -2.75314E-1
 8.52417E-1 1.29918
 2.61448 2.31287
 1.47690 2.22568
 6.03689E-1 1.94922
 9.53520E-1 -6.88772E-2
 4.93416E-1 8.83271E-1
 -3.94496E-1 -2.18515E-1
 -8.58243E-2 2.79564E-1
 1.15917 1.00626
 -1.24421E-1 7.70830E-1
 6.48580E-1 4.30505E-1
 1.06988 1.62892
 1.56238 1.68066
 1.82800 2.17650
 1.31328 1.73371
 1.94776 2.04112
 1.86862 1.62650
 1.41345 1.22682
 1.27689 1.47320
 1.04126 1.38624
 -4.77447E-1 5.12689E-1
 -3.65325E-1 -7.46039E-1
 -4.11587E-1 -2.41050E-1
 -1.04597 -9.28795E-1
 -2.68319E-1 -9.85899E-2
 -2.56364E-1 -2.99067E-1
 -6.26256E-1 -1.33159
 7.39190E-1 5.53717E-1
 1.09736 8.25859E-1
 5.24773E-1 1.06665
 5.33821E-1 6.77883E-1
 1.01218E-1 2.85922E-1
 -1.44990E-2 3.30672E-1
 -1.14213 -1.37091
 -8.92791E-1 -1.00584
 -2.08904 -1.45728
 -1.26665 -1.40060
 -1.20099 -1.44429
 -9.65612E-1 -1.05636
 -2.24669 -2.62933
 -2.40549 -2.52013
 -1.35196 -2.04612
 -6.31706E-1 -6.96956E-1
 -1.00133 -5.57642E-1
 -6.53308E-1 -4.46524E-1
 6.89243E-1 6.12364E-1
 5.39801E-1 9.64889E-1
 3.03099E-1 3.06263E-2
 4.30630E-2 3.45631E-2
 -5.80845E-1 -3.96059E-1
 -8.64903E-2 2.67395E-1
 1.55588E-1 2.97175E-1
 -7.82947E-2 4.49850E-1
 4.50200E-2 -4.18063E-1
 -6.54518E-1 -9.18560E-1
 -2.60289E-1 -7.40886E-1
 -1.29588 -3.71135E-1
 -1.04740 -1.39561
 -2.62356E-1 -9.26712E-1
 7.89337E-1 7.11915E-1
 7.45567E-1 4.65082E-1
 5.47548E-1 1.14411
 -8.03510E-1 -4.76942E-1
 -4.66226E-1 -1.03514
 1.27627 4.37154E-1
 1.18201 2.18039
 3.34500E-1 1.43149
 1.07537 4.30362E-1
 4.98975E-1 -1.44785E-1
 -5.66844E-3 -1.45191E-1
 4.69211E-1 6.62902E-1
 3.33481E-1 1.57768E-1
 8.74446E-1 4.18794E-1
 2.03331 9.53156E-1
 2.80231 2.67681
 1.74148 2.88487
 1.95419 2.02310
 2.12504 2.92273
 1.37510 2.79635
 1.66284 2.11779
 1.99401 1.58609
 1.33851 2.09494
 9.41126E-1 1.56440
 4.54992E-1 1.28156
 -2.42149E-1 5.32936E-1
 -9.22163E-1 -8.78204E-1
 3.13055E-2 -3.15170E-1
 -1.25694 -1.27544
 -1.12357 -1.42642
 7.34270E-1 6.84747E-1
 7.03970E-1 1.40132
 6.72372E-1 1.20139
 -2.43425E-1 -5.50156E-1
 -8.37062E-2 -1.13182
 4.62964E-2 -3.38889E-1
 8.45540E-1 2.31325E-1
 2.47460E-1 9.38952E-1
 -1.56961E-1 -3.52221E-1
 -1.75946E-1 -1.20050E-1
 -1.18363 -9.21291E-1
 -1.28779 -1.97265
 -4.61959E-1 -9.82627E-1
 -1.01112 -1.07786
 2.40862E-1 -1.41193
 5.43562E-1 3.99464E-1
 1.05919 1.13569
 4.15998E-1 8.46505E-1
 -6.84036E-1 -7.97189E-1
 -9.18591E-1 -6.33489E-1
 -1.39644 -6.11496E-1
 -5.86909E-1 -1.15353
 -1.39856 -1.54884
 -2.05465 -2.33379
 -1.12527 -2.19635
 -2.36108E-1 -1.22660
 -1.84092E-1 -3.64484E-1
 -1.06263 -5.60613E-1
 -3.78564E-1 -9.12447E-1
 -4.22207E-1 2.98266E-2
 8.25859E-1 7.02071E-1
 1.56794 1.78952
 1.20136 2.03244
 2.84278E-1 3.25572E-1
 8.00100E-2 -3.97597E-2
 -4.15043E-1 -7.21881E-2
 1.78726E-1 7.57401E-1
 6.91122E-1 -3.93030E-1
 -2.52786E-1 2.03751E-1
 -4.84010E-1 -8.02632E-1
 -4.57400E-1 2.74616E-1
 -9.53590E-1 -9.14734E-1
 -1.38280 -1.78924
 -2.94174E-1 -9.07710E-1
 -1.05270E-1 8.90817E-2
 -4.46984E-1 -1.66835E-2
 7.23689E-2 -6.22910E-1
 -1.90544E-1 -4.31620E-1
 4.93143E-2 -4.50778E-1
 6.28045E-1 3.24017E-2
 1.36349 9.29039E-1
 1.13961 1.37591
 1.80811 1.00045
 5.86180E-1 1.22051
 4.95741E-1 9.97455E-1
 1.26905 1.08616
 1.62932E-1 1.31285
 9.99111E-3 7.66664E-1
 -3.82886E-1 -8.82193E-1
 -1.48594 -5.86565E-1
 -1.47765 -2.30440
 -8.70254E-1 -1.35641
 -7.70225E-1 -9.38113E-1
 2.31897E-1 -1.74031E-1
 9.23519E-1 5.57285E-1
 1.45310 1.60100
 5.99319E-1 1.14701
 4.35835E-1 1.27984
 6.85254E-1 2.60304E-1
 2.13798E-1 4.77692E-1
 -8.60236E-1 -3.56537E-1
 -1.49330E-1 -2.84310E-1
 -1.12442 -2.10017E-1
 -4.57690E-1 -1.41625
 -1.16382 -3.67743E-1
 -3.53657E-1 -9.62917E-1
 -4.97429E-1 2.78222E-1
 -1.00218 -1.03878
 -1.86114 -2.17746
 -1.20752 -2.20665
 -1.42242 -1.36077
 -2.05955E-2 -7.80805E-1
 5.94177E-1 7.32068E-1
 1.41992E-1 1.46204
 -2.45873E-1 2.66786E-1
 1.16313 5.12414E-1
 -9.79976E-2 6.62789E-1
 -6.17677E-2 -5.06784E-1
 6.60825E-1 1.93268E-1
 1.33443 1.34257
 1.18615 1.95490
 1.42509 1.45022
 4.46484E-1 1.24448
 -5.90627E-2 5.37607E-1
 3.23319E-1 9.70510E-1
 1.67115E-1 6.19797E-1
 -3.80914E-1 -1.08672
 1.06746E-1 1.89745E-1
 5.53551E-1 4.19595E-1
 7.79154E-1 3.54335E-2
 7.32387E-1 1.09770
 1.01854E-1 3.79893E-1
 8.79794E-1 -2.08317E-2
 5.32751E-1 9.61479E-1
 -3.34120E-1 7.41374E-1
 2.33653E-1 1.99985E-1
 -1.42511 -8.50983E-1
 -8.17289E-1 -7.77331E-1
 -1.50074 -3.81237E-1
 -7.97165E-1 -1.61838
 -1.58664E-1 -5.31044E-1
 -8.39549E-2 1.63476E-1
 7.66082E-2 5.14606E-1
 1.61840 1.85234
 1.87121 2.36157
 3.81526E-1 1.03720
 1.52033E-1 4.39808E-2
 8.64827E-1 5.23452E-1
 6.12734E-1 6.56222E-1
 5.28915E-1 8.13234E-1
 1.47692E-1 4.40494E-1
 5.22695E-1 -4.38711E-1
 8.11239E-1 3.39068E-1
 -6.34973E-2 6.44164E-1
 4.14344E-1 -9.18282E-3
 9.62931E-1 1.12089
 5.48062E-1 3.57981E-1
 -1.52104E-1 -2.24453E-1
 -4.18604E-1 -8.95609E-1
 2.47698E-1 3.15911E-1
 -6.54690E-1 3.21097E-1
 -2.35082E-1 -4.82074E-1
 -1.38099E-1 1.86663E-1
 1.56885E-1 4.48077E-1
 7.43683E-1 5.91265E-1
 1.03140 1.01809
 1.87215 1.34299
 5.07517E-1 5.02634E-1
 -6.52007E-2 -3.05214E-1
 2.92794E-1 4.93186E-1
 -6.37638E-2 4.49813E-1
 7.00547E-1 5.21931E-1
 5.07301E-1 6.26732E-1
 -4.08888E-1 -3.78910E-1
 -4.60371E-1 -3.35151E-1
 -1.88315 -1.07398
 -7.12546E-1 -1.66916
 -6.82243E-1 -1.02802
 -4.64659E-2 1.61630E-1
 -5.04466E-1 -4.97399E-2
 3.25311E-1 5.15750E-1
 3.18731E-1 8.38924E-1
 4.90446E-2 -1.01229E-1
 -2.18540E-1 -3.19340E-1
 -3.32927E-1 -5.15145E-1
 -2.37928E-1 -3.23941E-1
 2.72851E-1 3.27238E-1
 4.55764E-1 2.43702E-1
 1.21777 1.20024
 6.83053E-1 7.38940E-1
 8.76851E-1 9.54986E-1
 5.08403E-1 9.13112E-1
 -2.75923E-1 7.12626E-2
 -1.05466 -1.71500
 -1.63220E-1 -6.76071E-1
 2.72651E-1 7.35804E-2
 -1.75019E-1 8.36847E-1
 -2.56566E-1 -4.93434E-2
 -7.32454E-1 -8.45562E-1
 3.08429E-2 -5.11300E-1
 -1.14136E-1 -5.64188E-1
 9.79124E-4 -4.07209E-1
 -4.57272E-1 1.85769E-2
 -1.28343 -3.40903E-1
 -1.45973 -1.71684
 -4.37666E-1 -8.88516E-1
 1.93399E-1 -4.37395E-1
 -3.06545E-1 2.48911E-1
 3.85491E-1 5.89901E-1
 8.27944E-1 6.32259E-1
 4.22475E-1 7.10809E-1
 5.50629E-1 1.52996E-1
 1.87965 1.20714
 8.65171E-1 1.60249
 -7.91827E-1 -1.06562E-1
 1.22093E-2 2.82667E-1
 -6.31456E-1 1.27132E-1
 1.23403E-1 1.74671E-1
 -5.25272E-1 -2.15091E-1
 -2.10473E-1 -1.11532
 -3.85791E-3 9.91347E-2
 -9.79392E-1 -1.29795
 -6.33660E-1 -1.39223
 4.06768E-1 -1.01770E-1
 2.08044E-1 6.01228E-1
 -1.10942E-1 3.33668E-1
 8.64761E-1 5.17439E-1
 -2.15225E-1 -3.62276E-1
 -1.50774E-1 -4.39974E-1
 5.98331E-1 1.52800E-1
 2.73258E-2 1.19862E-1
 -1.13562 -6.87555E-1
 -1.51521 -1.82172
 -1.25547 -1.18770
 -7.27124E-1 -1.43554
 -1.42941 -2.01167
 -3.20959E-1 -9.64776E-1
 1.71188E-1 -9.48282E-1
 1.05733E-1 1.90632E-1
 -4.19250E-1 -6.28260E-1
 -1.33121 -4.41880E-1
 -1.20031 -1.76463
 -1.05077 -1.35518
 -2.13214 -1.76521
 -1.23193 -1.62641
 -1.12160 -1.20627
 -1.92302 -2.36414
 -2.03298 -3.14843
 -1.91159 -2.84014
 -1.94703 -2.08017
 -1.41842 -1.79040
 -6.47862E-1 -6.40256E-1
 -8.55757E-1 -3.28464E-1
 -1.33955 -1.86335
 -6.11995E-1 -1.44578
 4.10693E-1 -9.96738E-2
 -2.40397E-1 1.16923
 8.10507E-3 -2.39766E-1
 4.86212E-1 8.74586E-2
 9.75541E-1 6.88293E-1
 -2.45443E-2 6.36209E-1
 -6.40772E-1 -5.67899E-2
 3.69786E-1 3.73182E-1
 2.62782E-1 1.37823E-1
 -8.33252E-1 -6.01731E-1
 -8.47008E-1 -1.27335
 -1.34953 -1.39531
 -9.46486E-1 -1.17231
 -9.38552E-2 -8.17752E-1
 -2.15038E-1 -6.69563E-1
 6.48443E-2 3.98384E-1
 -3.87805E-2 -1.97376E-2
 3.54193E-1 1.08644E-1
 -2.23595E-1 1.33696
 4.17171E-2 -4.18016E-1
 1.08265 4.25444E-1
 5.28619E-1 7.66193E-1
 5.93446E-1 1.21465
 1.14214 1.77200
 4.12861E-1 4.65199E-1
 3.05458E-1 8.03953E-1
 -8.68327E-2 7.28334E-1
 -3.27951E-1 -4.53062E-1
 -5.35798E-3 2.21742E-1
 -9.73508E-1 -1.16367E-2
 7.91125E-1 -5.85310E-1
 8.61248E-1 1.35441
 6.31172E-1 9.54152E-1
 -2.48022E-1 -4.72372E-2
 -5.89996E-1 -7.32769E-1
 -1.63795 -2.01339
 -9.54896E-1 -2.81134
 6.23811E-1 4.01527E-1
 4.11290E-1 3.10234E-1
 -7.92168E-1 3.60872E-1
 2.46580E-1 -7.69771E-1
 5.33243E-1 5.72295E-1
 3.24506E-1 2.66360E-1
 6.79196E-1 -3.32267E-1
 2.23330E-1 6.57490E-1
 4.20662E-1 4.35936E-1
 -3.38346E-1 -4.09226E-2
 -8.39962E-1 -5.28755E-1
 -1.31104 -1.12470
 -8.13414E-1 -8.19791E-1
 -6.40595E-1 -1.36659
 2.03314E-1 -1.75610E-1
 -6.78435E-1 -4.98198E-1
 7.16211E-1 8.93513E-1
 4.14219E-1 4.50581E-1
 -2.04982E-1 -3.36536E-1
 -1.45055E-1 3.65850E-1
 2.88541E-1 -1.09904E-2
 5.81077E-2 3.01962E-1
 3.91930E-1 2.99644E-1
 6.09278E-1 1.27495
 -7.22503E-1 -5.28201E-2
 1.10414E-1 -6.93778E-1
 -2.39677E-2 -2.41425E-2
 9.21223E-2 -7.17979E-1
 -7.61807E-2 2.02288E-1
 -1.08239E-1 3.89439E-1
 2.11574 7.24911E-1
 1.41398 2.21117
 1.62697 1.82014
 1.42018 2.28915
 1.31509 8.74367E-1
 8.74026E-2 1.23029E-1
 2.03750E-1 5.92423E-1
 -2.14793E-1 -8.96047E-2
 4.23579E-1 1.58877E-1
 1.14512 8.47420E-1
 1.28610 1.91530
 4.62197E-1 2.41280E-1
 -8.41085E-1 -2.32035E-1
 -1.50019 -1.50390
 -1.02592 -1.80064
 -1.29471 -1.95021
 -1.18581 -1.47144
 -3.61308E-1 -7.08394E-1
 4.12363E-1 3.60510E-2
 8.27983E-1 1.09047
 5.86377E-1 5.03382E-1
 1.02649 8.46223E-1
 8.99932E-1 5.52128E-1
 3.85030E-1 1.06368
 4.22403E-1 8.90507E-1
 4.15793E-1 8.15559E-1
 4.90977E-1 1.35342
 2.84092E-1 4.55580E-1
 1.13841 8.54685E-1
 1.35557E-1 1.25134
 -8.80670E-1 -5.73871E-1
 -1.37088 -1.19578
 1.88453E-1 -1.11348
 3.07853E-1 1.97833E-1
 1.28677E-1 3.02529E-1
 -3.51850E-1 -9.03530E-1
 5.72861E-1 -5.72525E-2
 6.79016E-1 8.41444E-1
 5.44599E-1 1.52729
 1.17144 1.52288
 3.91359E-1 8.62183E-1
 -3.90908E-1 9.71844E-2
 -4.36098E-1 -2.25953E-1
 4.98940E-1 3.37212E-1
 2.23378E-1 6.90303E-1
 -5.27286E-1 -2.88560E-1
 -1.22182 -1.05602
 -7.15532E-1 -1.42620
 -9.17514E-1 -9.34839E-1
 -1.11456 -1.46764
 -1.16584 -8.13756E-1
 -8.99159E-1 -2.28363
 -5.52897E-1 -2.62725E-1
 -2.59844E-1 -7.34851E-1
 -6.55275E-1 -1.12667
 -5.52547E-1 -9.81400E-1
 -4.52636E-1 -7.41904E-1
 -1.05318 -9.21738E-1
 -1.67223E-1 -2.68140E-1
 -2.31945E-1 8.60383E-1
 2.84992E-1 -9.34775E-3
 1.38937 8.49725E-1
 2.14890 2.09631
 1.37808 1.50908
 2.30903 2.30986
 1.46249 2.81648
 1.26783 2.05946
 6.95171E-1 1.27963
 1.57318 8.30567E-1
 2.11969 1.66041
 1.67491 2.58981
 1.07256 1.48768
 1.36637 7.90150E-1
 1.36513 1.84706
 1.03446 7.49805E-1
 6.17306E-1 1.38930
 1.05819E-1 4.55713E-1
 -7.32257E-1 -1.06747
 -3.07388E-1 -3.11187E-1
 8.24052E-1 9.12236E-2
 6.87684E-1 1.24110
 5.18575E-1 8.90543E-1
 8.89183E-1 1.03415
 1.00679 1.01535
 1.29698 3.58018E-1
 8.00998E-1 9.27306E-1
 1.22289 1.12447
 5.12098E-1 1.62828
 -8.11465E-1 6.16057E-1
 -7.20005E-1 -2.65933E-1
 -1.19161 -8.67709E-1
 -6.00081E-2 -1.15915E-1
 7.27804E-1 2.61998E-1
 1.18567 4.54191E-1
 1.39486 1.97791
 -3.70820E-1 -2.07769E-1
 -6.28573E-1 -1.25677E-1
 -8.93011E-1 -9.03950E-1
 -3.19687E-1 -1.37050
 -1.58236E-1 -3.08932E-1
 -5.06649E-1 -1.20418E-1
 4.45302E-1 9.01031E-2
 -2.90362E-1 4.00863E-1
 2.93093E-1 4.07809E-1
 9.14598E-1 9.83085E-1
 1.34339 1.12229
 4.45665E-1 1.14072
 2.84694E-1 9.77807E-1
 2.12430 1.35632
 9.09668E-1 1.50136
 8.93602E-1 1.12964
 3.78213E-1 1.07677
 8.08496E-1 8.41020E-1
 1.15741 5.74964E-1
 1.06642 1.47836
 1.08005 1.37474
 1.34043 1.10696
 -1.44378E-1 9.57566E-1
 2.43023E-1 -3.75046E-1
 -1.16581 -1.20744
 -6.94549E-1 -1.61339
 -3.26521E-1 -9.19880E-1
 2.24698E-1 -6.10263E-1
 5.38037E-1 2.91844E-1
 3.58031E-1 3.83740E-1
 -4.12949E-1 3.23906E-1
 -8.14410E-2 -6.09651E-1
 -3.40525E-2 -1.73024E-1
 3.61808E-1 2.19811E-1
 8.52110E-1 3.32306E-1
 1.20215 9.16230E-1
 1.28098 1.11931
 1.30201 1.12165
 1.45409E-1 6.40086E-1
 -1.95808E-1 1.43009E-1
 -1.13781E-3 2.73549E-2
 -6.30070E-1 -1.55648
 -3.12402E-1 -4.10328E-1
 -2.04573E-1 -1.00055
 9.17129E-1 1.02150
 7.61278E-1 9.43779E-1
 1.56717 7.02850E-1
 6.49537E-1 1.52558
 8.20197E-1 -1.08358E-1
 -3.27485E-1 5.21397E-2
 -1.80150 -1.01700
 -2.79025 -2.28948
 -9.63858E-1 -1.87742
 -6.73137E-1 -1.09075
 -3.14555E-1 -1.50338E-1
 -5.92623E-1 -1.70896E-1
 7.37625E-2 -1.06259
 5.89204E-1 1.00773
 8.00647E-1 1.65392
 1.46555 1.31294
 6.85452E-1 7.64968E-1
 2.39683E-1 2.94829E-1
 3.85590E-1 -6.95282E-4
 3.37318E-1 5.54692E-1
 1.83079 1.21282
 1.23824 1.38909
 1.54005 1.70189
 1.33836 1.33347
 5.38107E-1 1.50008
 6.19907E-1 1.85250E-1
 9.74557E-1 6.89181E-1
 -8.04578E-2 6.58856E-1
 5.55069E-1 3.15537E-2
 -1.85498E-1 1.03887
 2.19038E-2 -6.13053E-1
 9.55322E-1 8.36291E-1
 9.86196E-1 1.73497
 2.06129 1.19959
 3.69355 4.55695
 2.74904 3.71509
 2.21334 3.21553
 1.45197 2.11916
 1.49521 1.59736
 1.54533 1.82373
 1.01619 1.33132
 1.65774 1.81432
 5.53843E-1 1.44330
 1.79723 1.25485
 -2.31396E-2 1.34369
 -3.28841E-1 -2.18262E-1
 7.45065E-1 3.95868E-1
 9.95419E-1 5.51904E-1
 1.26505E-1 6.19182E-1
 -4.69821E-1 -3.19593E-1
 -9.22322E-1 -9.66786E-1
 -1.09282 -1.12507
 -2.13487E-1 -2.31001E-1
 6.21926E-2 -3.22643E-1
 -8.53357E-1 -3.99948E-1
 -3.81333E-1 -3.79582E-1
 -1.04414 -1.27229
 -4.69622E-1 -9.83374E-1
 -1.21618 -1.08149
 -1.22709 -7.31049E-1
 -1.34821 -1.02815
 -1.13380E-1 -7.87478E-1
 -2.81137E-1 2.29467E-1
 7.02184E-1 6.59956E-1
 4.67284E-1 6.16468E-1
 2.69042E-1 1.33249
 -7.28477E-1 -2.21257E-1
 -6.76672E-1 -1.49096
 -5.45375E-1 -1.14326
 3.51999E-1 -1.85415E-1
 1.09674 1.24316
 1.12752 1.37996
 1.39226 2.27039
 1.82781 1.81674
 1.59204 2.01736
 1.27869 1.46734
 1.55289 8.00526E-1
 6.53291E-1 1.38957
 9.05863E-2 3.25444E-1
 -3.89730E-1 -8.15315E-1
 4.15212E-1 8.27914E-1
 1.43060E-1 -5.42549E-1
 4.61465E-1 6.64833E-1
 4.87695E-1 1.20237
 7.43411E-1 -2.86856E-2
 1.40693 1.74402
 2.03920 1.31366
 4.93403E-1 1.47963
 -5.29667E-1 -1.36104E-1
 -1.07121 -1.26423
 -6.13940E-1 -1.32825
 8.84244E-1 6.09235E-2
 1.20648 1.25866
 8.81749E-1 8.04852E-1
 -2.28590E-1 4.73652E-1
 8.52500E-2 -1.54411E-1
 -1.40310 -1.36734
 -1.58946 -1.37780
 -2.18576 -2.12846
 -1.92358 -1.62867
 -1.56173 -1.72467
 -1.90720 -1.18267
 -7.85096E-1 -1.53953
 -4.90895E-1 -3.43294E-1
 -9.57277E-1 -1.22192
 -1.10587 -1.27652
 -1.11259 -1.81535E-1
 -7.48578E-1 3.26008E-2
 -1.92629 -1.34962
 -2.30296 -2.38342
 -2.03161 -2.37709
 -9.95285E-1 -2.07444
 -7.17958E-1 -9.71547E-1
 2.66125E-1 -1.34824
 6.58321E-1 9.86743E-1
 1.13413 1.30696
 1.54676 1.74786
 1.59717 2.29754
 2.08757 2.28714
 1.65505 2.06334
 1.10990E-1 4.21681E-1
 6.11552E-1 4.57934E-1
 3.61377E-1 1.12902
 -1.16294 7.82058E-1
 -9.10265E-1 -1.20890
 -4.12946E-1 -2.48279E-1
 -4.05832E-1 -5.84770E-1
 -9.22233E-2 -1.18874E-1
 4.87411E-1 5.07158E-2
 1.58386 1.25387
 5.15316E-1 9.70483E-1
 -2.69511E-2 3.55130E-1
 6.14344E-1 1.45761E-1
 5.44576E-1 8.82642E-1
 1.92721 1.16782
 1.84211 3.08637
 1.03702 1.52603
 2.43528 2.53006
 2.56386 2.25220
 1.75278 2.81385
 1.71895 2.43489
 8.67396E-1 6.72570E-1
 -6.54568E-1 3.25985E-1
 -1.13416 -1.47457
 -1.73242E-1 -5.94007E-1
 -6.07393E-1 -2.94590E-1
 -1.48807 -1.85814
 -1.44051 -1.71010
 -1.15876 -7.72020E-1
 -1.25237 -9.16386E-1
 -2.53998 -1.79435
 -1.30258 -2.91777
 -1.65998 -1.18282
 -1.10880 -1.56882
 2.13532E-1 8.31076E-2
 -2.91738E-1 2.19527E-1
 -3.38880E-1 -3.03605E-1
 2.57998E-1 -4.37916E-1
 -1.04747 -3.16247E-1
 -1.17393 -4.52244E-1
 -1.48845 -1.33528
 3.05855E-2 -1.52401
 -9.93442E-2 -3.81978E-1
 -4.00559E-1 -4.10298E-2
 -1.50083 -1.02212
 -1.19553 -1.27160
 -6.35995E-1 -7.89994E-1
 2.39778E-1 -1.80230E-2
 2.22010E-2 7.59667E-1
 -1.02179 -3.97745E-1
 -3.55756E-1 -9.90272E-1
 4.53010E-1 -3.11682E-1
 2.67100E-1 8.97795E-1
 7.38116E-1 1.05460
 1.41723 1.28404
 1.51242 1.57547
 4.01235E-1 8.34292E-1
 -2.78924E-1 4.66643E-2
 -2.20839E-2 -4.47328E-1
 5.90918E-1 4.74839E-1
 3.11161E-1 -1.09531E-1
 1.76221E-1 4.52604E-1
 1.51066 2.74975E-1
 1.95928 2.10629
 1.82216 1.93232
 1.70112 2.98320
 5.10908E-1 1.20086
 1.24777 7.72607E-1
 -5.30723E-2 1.86951E-1
 1.62403 1.02088
 2.19443 1.68948
 1.49482 2.13498
 -6.11372E-2 5.50285E-1
 1.37594 8.81794E-1
 1.43964 2.15039
 2.12194E-1 1.25220
 -5.49168E-1 -6.10758E-1
 -1.06052 -9.98188E-1
 -1.77364 -1.04798
 -2.25293 -2.46278
 -1.03914 -2.90873
 -2.24084 -1.02077
 -1.98357 -2.57439
 -1.58713 -1.48977
 -1.39319 -1.41153
 -1.52984 -2.42095
 -1.05544 -1.94832
 -4.66022E-1 -6.42443E-1
 -1.27491 -1.10632
 -1.12786 -1.90986
 2.59148E-1 -1.07121
 -3.72618E-1 -3.84156E-2
 8.37702E-2 2.04893E-1
 3.53024E-1 1.40139
 5.39083E-1 3.37759E-1
 1.78261E-1 5.21214E-1
 9.71319E-1 7.40737E-1
 -6.05829E-1 -6.41375E-1
 -1.16546 -1.28159
 2.63706E-1 -3.83601E-1
 -3.04919E-1 8.34028E-1
 1.84528E-1 -2.68680E-1
 1.58709 5.75546E-1
 -8.83692E-2 7.63289E-1
 -2.95447E-1 8.17657E-1
 -7.94046E-1 1.72144E-1
 -2.90864E-1 -1.03096
 -9.83578E-1 -9.89493E-1
 -1.06717 -1.67962
 -1.30788 -1.54365
 -6.50502E-1 -7.93307E-1
 -6.60622E-2 -4.08034E-1
 8.34268E-1 3.73146E-1
 1.38967 3.56087E-1
 -5.46242E-1 4.03440E-1
 -1.13005 -7.17556E-1
 -1.04543 -6.87623E-1
 -1.09919 -1.48233
 -1.46400 -1.81874
 -1.73327 -1.53676
 -2.03523 -2.28067
 -1.27579 -2.29613
 -1.65189 -1.46351
 -1.54533 -2.15523
 -8.00453E-1 -1.42248
 -1.87609 -1.94791
 -1.60553 -1.97396
 -6.64030E-1 -1.61564
 5.06200E-2 -4.45903E-1
 8.79102E-1 2.21869E-1
 1.21187 1.82930
 1.29300 1.29506
 1.71280E-1 6.33683E-1
 1.00304 1.22512
 1.37395 1.36511
 7.84934E-1 1.06359
 -4.21464E-1 9.45178E-2
 -4.99032E-1 -9.82801E-1
 1.29592 -1.94347E-1
 9.65779E-1 8.75584E-1
 5.57085E-1 1.24563
 -3.56415E-1 -7.73226E-5
 -1.26592E-1 4.68315E-2
 5.72881E-1 2.49504E-1
 -8.69206E-2 4.96593E-1
 -1.43353 -9.42118E-1
 -1.08452 1.76065E-1
 -5.77095E-1 -6.44974E-1
 -1.11304 -1.32771
 2.88138E-1 -3.96125E-1
 -2.99204E-1 -9.54256E-1
 6.84551E-2 3.97192E-1
 1.11258 2.13438E-1
 1.08086E-1 3.82349E-2
 -3.91758E-1 4.28780E-1
 8.47040E-2 -5.10150E-2
 2.15966E-1 9.37051E-1
 9.90637E-2 1.27830
 -9.80072E-3 4.11546E-1
 -7.52008E-1 -9.75479E-1
 -8.10665E-1 -1.15403
 -5.93158E-1 -2.08571E-1
 8.16864E-1 -3.50759E-1
 1.28498E-1 -1.86025E-3
 -5.06295E-1 2.71373E-2
 -7.13036E-1 -3.49419E-1
 -1.22715 -8.97310E-1
 -1.53086 -1.76213
 -9.32984E-1 -1.92893
 -1.46309E-1 -1.14089
 -5.64733E-1 -8.11288E-1
 -9.33402E-1 3.18318E-2
 -1.10961E-1 -1.74284E-1
 3.21227E-1 -2.08030E-1
 -2.12244E-1 -2.26170E-1
 -5.98931E-1 -1.18199
 8.75735E-2 -6.86596E-1
 3.94961E-1 3.78306E-1
 -4.77911E-1 3.75509E-1
 -4.28376E-1 -6.27925E-1
 -7.63106E-1 -7.74949E-1
 -1.17559 -8.51274E-1
 -1.94019E-1 -4.53299E-1
 -6.03364E-1 -8.62023E-2
 -1.04299 -8.22411E-1
 -4.28756E-1 -1.57637
 4.89428E-1 6.60193E-1
 -2.77770E-1 2.07043E-1
 -1.10343 -2.31662E-1
 -1.09549 -1.09819
 -2.32806 -1.91022
 -8.24685E-1 -1.75331
 -6.27431E-1 -5.13415E-1
 -8.35063E-1 -3.07731E-1
 -9.71333E-1 -9.81292E-1
 -2.94770E-1 -2.00641E-1
 2.38876E-1 3.65685E-1
 -2.48374E-1 -6.36175E-1
 -6.47012E-1 -4.87461E-1
 -9.19482E-2 -2.39605E-1
 6.97172E-1 -1.39347E-2
 6.30632E-1 6.60447E-1
 1.17558E-2 -4.02769E-1
 2.07476E-1 6.45179E-1
 -5.36106E-2 -2.19809E-2
 8.74423E-1 7.34947E-1
 7.27218E-1 1.13172
 1.12677E-1 1.43947E-1
 1.37603E-1 -1.10486E-2
 1.19591 6.22063E-1
 2.00855 2.15111
 1.29513 1.97276
 1.50366 2.36123
 6.11363E-1 1.63400
 -6.51398E-1 3.20691E-1
 -1.01950 -1.00472
 -8.41628E-1 -1.66490
 2.41468E-1 -4.72938E-1
 -5.57544E-1 -1.64217E-1
 3.20325E-1 6.81615E-1
 -4.04775E-1 -5.24264E-1
 8.93239E-1 1.89846E-1
 3.27166E-1 5.41027E-1
 7.59988E-1 5.89567E-1
 -5.52529E-1 1.06015
 -1.31056E-1 -7.57173E-1
 -1.73252E-1 -3.14486E-1
 -2.52026E-1 -8.42749E-1
 8.73332E-1 4.11883E-1
 6.93199E-2 5.01999E-1
 1.06448 1.77899E-1
 -1.59006E-1 2.98851E-1
 -1.13027E-1 -5.57309E-1
 -6.60514E-1 -4.32013E-1
 -8.64723E-1 5.83709E-1
 -4.40088E-1 -7.59283E-1
 3.65306E-1 -4.25338E-1
 1.51034 1.51262
 6.34627E-1 8.63688E-1
 -2.24663E-2 -8.12751E-1
 1.67362 8.04659E-1
 2.22295 3.17796
 2.26010 2.38459
 1.94900 3.15620
 2.67640 2.61934
 1.37009 1.99892
 4.74572E-1 1.18422
 1.21279 7.87609E-1
 4.16889E-1 1.34135
 -1.76183E-1 -6.48349E-1
 -4.65146E-2 3.00465E-1
 -7.99429E-2 -1.45728E-1
 7.23794E-1 2.58721E-1
 4.50324E-1 -1.43916E-1
 -5.26884E-2 4.86515E-1
 -8.72307E-1 -3.27612E-1
 -1.71643 -1.68281
 2.64928E-2 -1.64628
 -4.94874E-1 2.30306E-2
 6.67344E-1 -3.11649E-1
 1.03388 1.12171
 4.96270E-1 1.14986
 6.04731E-1 3.95487E-1
 -1.00427 6.96521E-2
 -4.73060E-1 -1.01701
 -8.20188E-1 -3.52658E-1
 -9.06480E-1 -3.74573E-1
 3.64786E-1 -2.59917E-1
 7.20559E-1 4.49002E-2
 8.16279E-1 4.17131E-1
 8.64002E-1 1.79533
 8.63409E-1 1.59283
 1.01760E-1 6.87324E-1
 9.54611E-1 6.27682E-1
 2.05727E-1 1.04049
 7.07465E-1 9.40976E-1
 -5.08193E-1 2.64088E-1
 -7.66312E-1 -9.77441E-1
 -3.31523E-1 -5.93263E-2
 4.22486E-3 -3.02219E-2
 -3.75958E-2 1.54063E-1
 5.92565E-1 -3.38389E-1
 8.56851E-1 -3.71497E-1
 -3.53499E-1 -9.36133E-1
 1.78231E-1 -2.62386E-2
 -2.81824E-1 3.83207E-2
 5.38225E-1 3.65938E-1
 -1.71740E-2 3.20525E-1
 -7.31494E-1 -1.79957E-1
 -9.74005E-2 -3.38139E-1
 1.89782E-1 2.23502E-2
 6.57697E-1 1.89588E-1
 2.47814E-1 -3.91780E-1
 -3.20878E-1 -4.67857E-1
 -3.02166E-1 -4.65286E-1
 -4.17823E-1 -2.07339E-1
 4.08576E-1 -4.64020E-1
 4.41655E-1 1.72799E-1
 1.03240 8.87531E-1
 6.26857E-1 1.38520
 -7.07902E-1 -3.33547E-1
 -1.09697 -8.79676E-1
 -4.56270E-2 -6.35756E-1
 -3.66631E-2 1.59147E-1
 1.01624E-2 -6.41973E-1
 -8.81501E-1 -6.97269E-1
 -1.66091 -2.20853
 -2.09110 -2.11362
 -5.04073E-1 -1.14801
 -6.14750E-2 -1.98406E-1
 2.63045E-1 1.47035E-1
 -4.55565E-1 6.39114E-1
 5.49845E-1 6.29292E-1
 5.13630E-1 2.17637E-1
 1.51979 3.82044E-1
 1.70774 1.76470
 1.91055 2.71676
 1.79200 1.57310
 1.99708 2.08241
 1.52592 1.39905
 2.05092 1.31935
 2.23644 2.37846
 2.32899 2.19558
 1.24706 1.40851
 1.23774 1.77738
 1.15141 1.44774
 1.46593 1.32934
 2.27475 2.03152
 1.25732 2.04405
 1.39332 8.52760E-1
 1.46079 1.14498
 2.01311 2.19212
 1.33520 2.10861
 1.57233 1.30759
 1.57239 1.62311
 1.33367 1.85018
 6.96821E-1 1.23847
 1.13791 1.10590E-1
 4.31587E-1 8.59844E-1
 1.77461E-1 -1.72932E-1
 -7.84523E-1 -2.11128E-1
 -2.11517E-1 -5.32927E-1
 -1.50715 -6.18959E-1
 -6.01499E-1 -1.87678
 -5.00657E-1 -8.02339E-1
 -8.69752E-1 -8.86123E-1
 -8.68296E-1 -1.11862E-1
 -2.65656E-1 -3.91612E-1
 -3.13912E-1 -2.03451E-1
 -1.18115 -1.18505
 -2.32654 -2.36242
 -2.75624 -2.46641
 -1.95764 -2.86648
 -2.05092 -1.87866
 -1.30020 -1.83503
 -9.49761E-1 -1.93757
 -4.73039E-1 -9.19377E-1
 -6.13532E-1 -5.99459E-1
 -2.11635 -1.86464
 -2.86621E-1 -9.97898E-1
 5.88969E-1 -9.72865E-1
 3.27572E-1 1.92902E-1
 -5.43517E-1 -9.40403E-1
 3.24274E-1 9.50564E-5
 1.18091 9.05790E-1
 1.27813 1.32142
 7.10074E-1 7.86214E-1
 1.43304 1.55846
 1.63602 1.41666
 1.34564 1.15301
 1.32379 1.17074
 5.40091E-1 1.02239
 -2.99618E-2 9.46909E-2
 -4.64275E-1 -6.47705E-1
 1.86289E-1 -5.10943E-1
 -3.07071E-2 9.73155E-2
 6.30573E-1 1.06923E-1
 8.17199E-1 3.55267E-1
 8.21582E-1 1.58264
 -3.67381E-1 -1.11037E-1
 9.68361E-1 5.68243E-1
 8.86139E-1 1.32098
 1.11109 9.77560E-1
 1.26361 7.19928E-1
 1.10098 1.31731
 4.43820E-1 1.92496
 -2.89678E-1 2.42747E-1
 6.06951E-2 4.50728E-1
 1.70182E-1 5.42725E-1
 6.06533E-1 7.59855E-1
 -5.79673E-1 -8.57705E-3
 -4.86677E-1 -8.58204E-1
 1.65480E-1 -2.66551E-1
 8.51736E-2 -1.27322E-1
 -9.07850E-3 -5.86634E-2
 -9.65184E-1 -8.77720E-1
 -1.26770 -9.92087E-1
 -1.57348 -1.66410
 -6.63674E-1 -9.01119E-1
 -5.05345E-1 -1.32780
 3.33362E-1 1.90570E-1
 5.52650E-1 -1.62160E-3
 4.16419E-1 2.10018E-1
 4.36834E-1 1.15161
 4.39907E-1 -5.03931E-2
 1.01935 1.03262
 6.06469E-1 1.32510
 1.24328 9.57778E-2
 8.96414E-1 1.67473
 1.06429 1.73662E-1
 4.51180E-1 5.21594E-1
 5.37790E-1 1.73979E-1
 -8.28981E-2 6.22977E-1
 8.58643E-1 3.13906E-1
 4.63552E-1 7.69491E-1
 1.08063 6.68680E-1
 1.09386 1.27672
 1.68140 2.01425
 6.05502E-1 6.28198E-1
 1.32540 1.19251
 1.73088 1.94593
 5.36313E-1 1.17370
 4.56455E-1 1.47860E-1
 -3.00502E-2 1.44563E-1
 -6.62350E-1 -4.69769E-2
 -9.41170E-1 -9.82654E-1
 1.88124E-1 -4.02692E-1
 -1.44375E-1 -3.98487E-3
 2.97372E-1 7.43048E-1
 8.49440E-1 5.48561E-1
 5.81612E-1 4.96063E-1
 4.49941E-1 -1.15526E-1
 7.74594E-1 1.02234
 3.64487E-1 8.97581E-1
 3.39114E-1 1.79839E-1
 8.46757E-1 2.88763E-1
 8.72055E-1 1.35144
 6.58623E-1 8.01909E-1
 6.78127E-1 5.32604E-1
 9.77969E-1 1.64266E-1
 5.21582E-2 -1.91468E-1
 -1.65927E-1 1.57405E-1
 5.51009E-1 1.87790E-1
 2.44051E-1 5.66249E-1
 1.68095E-1 5.29287E-1
 1.04878 2.46844E-1
 1.22858E-1 7.28774E-1
 3.97095E-1 3.24018E-1
 -4.38220E-1 -3.58700E-2
 -3.93703E-1 -6.15354E-1
 -1.03534 -7.52844E-1
 -1.22482 -1.58558
 -1.08240 -2.20199
 -1.18561 -1.62144
 -1.50923 -1.64857
 -3.82763E-1 -1.31789
 2.32281E-1 5.86331E-1
 -7.10278E-1 5.10321E-1
 2.69103E-1 -2.94322E-1
 6.05905E-1 1.62469
 1.09956 1.00237
 -4.63580E-1 4.44049E-1
 -2.57441E-1 -1.16586
 -4.48054E-1 -6.30580E-1
 5.70357E-1 3.59795E-1
 4.64058E-1 8.51670E-1
 8.08908E-2 -6.88855E-2
 -5.42473E-1 -1.56929E-1
 -3.15131E-1 -9.58307E-1
 -5.55300E-1 -9.46744E-1
 6.19537E-1 8.52889E-1
 2.79545E-2 1.25294E-1
 -7.06339E-1 -6.04915E-1
 -3.38335E-1 -2.01912E-1
 -3.00793E-1 -3.68281E-1
 -2.62868E-1 3.41068E-2
 -1.27988E-1 -2.47161E-1
 3.99018E-1 -2.59857E-1
 1.31428 9.50798E-1
 1.42392 1.84083
 1.48253 2.45394
 -1.24301E-1 4.22317E-1
 -1.03872 -5.34819E-1
 -8.10588E-1 -1.24739
 -1.99323E-1 -8.30484E-1
 -3.11028E-1 -1.36239E-1
 -3.93927E-1 -7.77958E-1
 -1.04736 -7.73124E-1
 -8.58364E-1 -1.30507
 -2.54123E-1 -1.88730
 5.95800E-1 -1.75270E-1
 -1.47596E-1 3.55891E-1
 1.31394 1.23274E-1
 1.45631 1.96480
 2.19030 1.63950
 1.46704 1.94826
 -5.40023E-1 4.16714E-1
 -3.70799E-1 -7.47896E-2
 -6.68533E-1 -2.98497E-1
 1.29551E-1 -8.53835E-1
 -4.83015E-1 4.53939E-2
 -4.77037E-1 9.32516E-2
 -2.12077 -1.91820
 -2.36625 -1.82170
 -1.25610 -2.09624
 -1.30094 -9.19109E-1
 -2.12170 -1.56174
 -1.06632 -1.64526
 -4.35312E-1 -9.33710E-1
 5.07977E-1 8.39403E-2
 -2.25901E-1 1.16680
 -7.44439E-1 -1.29038E-1
 -2.12505 -2.29079
 -2.06694 -2.86434
 -1.34703 -2.12563
 -1.33617 -6.65641E-1
 -1.33545 -1.71175
 -1.12677 -1.12277
 -1.31048 -1.13175
 -9.56149E-1 -2.41263
 -1.57858 -1.85334
 -1.20047 -1.53545
 -1.35438 -1.40174
 -1.52664 -2.17235
 -9.92253E-1 -1.31458
 4.64906E-2 -1.33144
 1.22065 6.84351E-1
 1.25687 1.99720
 1.61436 1.16624
 1.21853 1.64785
 1.57629 1.41448
 1.32516 2.73647
 9.85251E-1 1.75447
 8.73697E-1 1.13271
 6.98666E-1 8.44440E-1
 -2.10336E-1 4.58460E-1
 8.70065E-1 9.99961E-1
 7.46995E-1 9.57630E-1
 1.33854 1.56506
 1.15519 1.36416
 1.04887 1.65929
 2.34635 2.44381
 5.60842E-1 1.35313
 5.83405E-1 5.97688E-1
 9.78945E-1 1.12072
 1.44209 1.65245
 1.09386 1.58196
 2.00567E-1 9.96591E-1
 8.98937E-1 2.50276E-1
 -6.04138E-1 7.88848E-2
 -1.15910 -5.01470E-1
 -1.18909 -1.80206
 -5.76338E-1 -9.85737E-1
 4.47972E-1 -8.11712E-1
 -6.33156E-2 -7.20237E-1
 1.44886 6.79237E-1
 1.33623 1.07802
 1.19962 1.02015
 -4.26575E-1 6.42190E-1
 1.07133 4.06769E-1
 1.69720E-1 7.74124E-2
 1.57146 4.58216E-1
 2.57943 1.96567
 1.33730 2.04403
 4.13116E-1 9.99362E-1
 5.92043E-1 2.62521E-1
 1.08866 1.43604
 -2.88741E-1 3.11105E-1
 -5.11099E-1 5.80053E-2
 -1.71369 -9.63180E-1
 -6.30220E-1 -1.22121
 -2.28303E-2 -9.00113E-1
 -6.42309E-1 -6.32175E-1
 5.93656E-1 -3.62790E-1
 5.55001E-1 2.94744E-1
 8.52535E-1 1.17212
 6.64002E-1 7.75252E-1
 9.86139E-1 3.62265E-1
 1.87602 1.63222
 1.98082 1.92450
 1.85422 2.68486
 1.27610 1.26593
 7.64012E-1 8.52687E-1
 -1.98701E-1 -8.23379E-2
 -4.94323E-1 -5.51345E-1
 -2.10017E-1 -8.21110E-1
 -1.61901E-2 -9.46748E-1
 -3.51639E-1 -8.87092E-2
 9.70860E-2 -5.12040E-1
 -5.70271E-1 4.59277E-1
 -9.94336E-1 -7.68756E-1
 -5.17308E-1 -7.85773E-1
 9.24904E-1 4.09486E-1
 6.49574E-1 8.12851E-1
 -1.03683 4.05510E-2
 -4.05933E-1 -7.43334E-1
 -6.41331E-1 -1.33019
 -1.21239 -4.37517E-1
 -1.78175 -1.19256
 -2.81494 -2.06533
 -2.96545 -2.88439
 -2.67343 -4.18765
 -2.33591 -2.80718
 -1.90809 -2.24399
 -1.52240 -2.51524
 -3.93421E-1 -1.05359
 6.24859E-1 -2.04192E-1
 1.59172 1.52313
 -9.33489E-2 8.88191E-1
 -1.18392 -8.61913E-1
 -9.89054E-1 -1.27999
 -1.34194 -1.61612
 4.20497E-1 -1.27543
 4.34453E-2 4.42186E-1
 -1.30597E-1 -2.94261E-1
 5.22321E-2 -5.09390E-1
 -5.68026E-1 -3.19976E-1
 -8.54100E-1 -1.27694
 -4.04734E-1 -1.53039E-1
 -2.38775E-1 -4.44839E-1
 -1.64579E-1 -8.93804E-1
 1.18570E-1 2.13245E-1
 1.74034E-1 3.27136E-1
 -3.88081E-2 3.40449E-1
 -6.27669E-1 2.82729E-2
 -7.29493E-1 -3.57128E-1
 -1.35545 -1.58022
 4.17686E-1 -2.47536E-1
 8.06302E-1 3.98423E-1
 6.32155E-1 8.80903E-1
 -3.33996E-1 1.60119E-1
 8.80646E-1 2.43414E-1
 3.97275E-1 1.03614
 -2.89157E-1 1.82102E-1
 -7.44185E-2 -3.20150E-1
 5.56602E-2 8.52756E-1
 -9.16967E-2 1.57514E-1
 -1.51372E-1 -5.31169E-2
 -9.96422E-1 -7.18938E-1
 -7.94522E-1 -5.35348E-1
 -5.54020E-3 -1.90352E-1
 4.90021E-1 -2.23869E-1
 1.29375E-1 2.52124E-1
 1.49122E-1 4.78964E-1
 -1.30660E-1 8.39776E-1
 -1.78569E-1 -1.25667
 -7.62528E-2 2.16724E-1
 -6.30341E-1 -9.31286E-1
 -3.32415E-1 -7.20146E-1
 -6.06546E-1 -3.00620E-1
 -1.06015 -1.61231E-1
 2.62193E-1 1.25138E-1
 2.71527E-1 4.42813E-1
 -4.31869E-1 2.63828E-1
 -7.77200E-1 -9.47652E-1
 -8.37115E-1 -1.09098
 -1.25222 -1.52317
 -6.21438E-1 -1.52048
 -1.73566 -3.37376E-1
 -1.02460 -1.39404
 -2.07915 -2.50311
 -2.39971 -2.57080
 -2.08702 -3.11248
 -5.76538E-1 -1.08470
 -1.06392 -8.94102E-1
 -5.63894E-1 -9.87422E-1
 -1.58237 -1.24967
 -1.38851 -1.60119
 -1.41846 -7.08446E-1
 -8.84895E-1 -7.49696E-1
 -9.83609E-1 -6.62254E-1
 3.40879E-1 -2.81216E-1
 -9.62923E-1 -6.27844E-1
 -8.81147E-1 -1.19257
 -1.99666 -1.97456
 -1.90745 -2.89649
 -1.12470 -1.91751
 -1.70036 -1.55919
 3.27376E-1 -1.23311
 8.17789E-1 9.27075E-1
 1.03862 6.45498E-1
 5.87846E-1 -3.65454E-1
 5.48695E-1 6.13667E-1
 1.37822 1.16979
 -4.49734E-2 1.43279
 -5.80658E-1 -2.49039E-1
 -1.33975 -8.07135E-1
 -1.34926 -8.36327E-1
 -1.08253 -1.34593
 -3.92703E-1 -1.52678
 5.00467E-3 9.60698E-2
 -3.71202E-1 -5.70802E-1
 -6.77907E-1 -1.03530
 -6.01725E-1 -1.12340E-1
 -1.02103E-1 -5.97729E-1
 5.53402E-1 -2.97727E-1
 -4.29685E-1 9.82825E-1
 -2.92589E-1 8.67678E-2
 9.03544E-1 3.66283E-1
 9.11996E-1 1.20664
 -5.85831E-1 -8.63462E-1
 6.71590E-1 3.15821E-1
 6.29704E-1 5.09122E-1
 1.15626 9.19341E-1
 6.03108E-1 1.19678
 5.25828E-1 3.14740E-1
 -1.50704E-1 4.42596E-1
 -6.84549E-1 -3.97836E-1
 -4.21258E-1 -1.04520
 7.15482E-1 4.97321E-1
 1.64240E-1 -7.28374E-2
 8.52120E-1 3.94481E-1
 -1.60709E-1 4.27279E-3
 9.07704E-1 -7.66879E-1
 4.09049E-1 4.55847E-1
 -2.82052E-2 2.95201E-1
 5.10076E-1 2.12010E-1
 6.88286E-1 1.33131
 2.65946 2.01520
 2.16817 3.18942
 1.58622 2.31352
 8.68879E-1 1.04447
 1.48350 2.07483
 1.01990 1.24522
 1.46785 1.49300
 4.77421E-1 1.98272
 -6.09827E-1 -2.93479E-1
 4.43864E-1 -2.82182E-1
 1.76557E-1 8.55310E-1
 1.55282E-1 -9.17194E-2
 -7.55823E-1 -3.73232E-1
 -1.21603 -5.20471E-1
 5.30259E-1 -9.34663E-1
 3.33003E-1 2.71936E-1
 5.84565E-2 2.44539E-1
 -7.24867E-1 2.51975E-2
 -7.53091E-1 -7.88448E-1
 5.04088E-1 4.79945E-1
 1.41125 7.61826E-1
 1.22426 1.59187
 1.01274 1.36030
 1.40415 1.53940
 4.82792E-1 8.55874E-1
 8.45657E-2 -5.73840E-1
 8.18671E-1 1.32126E-1
 1.19396 4.25679E-1
 1.15426 8.53642E-1
 5.09563E-1 7.29245E-1
 9.07190E-1 4.54343E-1
 6.23677E-1 9.26150E-1
 6.58672E-1 7.13552E-1
 3.25611E-1 -1.41967E-1
 -2.05578E-1 5.65461E-1
 2.59611E-1 -6.70896E-1
 1.03692 5.62659E-1
 1.10264 1.35041
 9.19532E-1 1.58245
 4.06351E-1 1.11392
 1.35574E-1 5.00306E-1
 -2.46296E-1 -7.84195E-1
 -7.58914E-1 6.47407E-1
 -1.16231 -1.69976
 -5.78506E-1 -4.17000E-1
 1.38457 7.13336E-1
 7.10173E-1 7.89022E-1
 9.45960E-1 1.05570
 1.13593 1.31224
 2.25054 1.59270
 2.01091 1.65008
 1.03683 2.42982
 6.58968E-1 1.14062
 6.41607E-1 1.46185
 4.81062E-1 1.26889
 6.04041E-1 8.53100E-1
 -4.57623E-1 -6.35888E-2
 -1.20637 -7.75044E-1
 1.12246E-1 -6.80183E-1
 -1.45686E-1 1.68970E-2
 -4.52648E-1 -4.95542E-1
 6.71401E-1 -1.94338E-2
 7.44566E-1 2.76423E-1
 7.30222E-1 9.48720E-1
 5.13568E-1 5.63361E-1
 2.15804E-1 4.09879E-1
 7.75934E-1 8.36793E-1
 -9.74045E-3 7.74413E-1
 -2.45532E-1 3.49241E-2
 -1.76563E-1 -1.16256E-1
 1.04291 3.01480E-1
 9.37937E-1 1.33509
 5.89246E-1 5.99034E-1
 1.70048E-1 5.58225E-1
 4.04431E-2 5.16784E-2
 8.67959E-2 -5.35257E-1
 -9.52733E-1 -7.43138E-1
 -8.90019E-1 -9.99793E-1
 -1.31751 -1.14706
 -9.15081E-1 -1.82314
 -3.78781E-1 -7.08603E-1
 -6.97769E-1 -1.29914
 -7.05010E-1 -9.19950E-1
 -1.06075 -1.16046
 -1.27231 -2.62757
 -1.02236E-1 -1.73945
 5.91677E-1 3.71547E-1
 4.18901E-1 5.37666E-1
 -6.23462E-2 -2.80197E-1
 -1.36965E-1 -3.48152E-1
 5.06915E-1 7.36081E-1
 -5.47666E-1 -9.13528E-2
 -7.80650E-1 -5.91599E-1
 -1.72359 -1.54422
 -8.49703E-1 -1.53310
 -5.66794E-1 -1.36263
 -7.72012E-1 -6.42778E-1
 -3.80079E-1 -6.61098E-2
 -8.70543E-1 -6.29416E-1
 -6.61908E-1 2.85705E-2
 -1.16658 -8.34888E-1
 5.73930E-1 1.25406E-1
 -6.76154E-2 -1.39840E-1
 1.04832E-1 2.76214E-1
 8.11242E-1 6.08271E-1
 1.14212 1.11722
 5.92321E-1 1.08387
 -1.80288E-1 1.70353E-1
 -1.15405 1.71352E-2
 -9.98816E-1 -1.49604
 -9.53676E-1 -5.08482E-1
 -1.14345 -1.20201
 -6.61745E-1 -8.39027E-1
 -1.12746 -1.08609
 -2.96965E-1 -6.58395E-1
 -2.27975E-1 -5.75941E-1
 3.39385E-1 1.70185E-1
 6.43586E-1 1.20252
 5.86765E-1 -1.24975E-1
 6.55147E-1 -4.91233E-1
 -2.99076E-1 4.49739E-1
 6.97779E-2 1.40115E-1
 7.00935E-1 4.58665E-1
 3.18705E-1 4.07240E-1
 -6.36480E-2 -7.30348E-1
 1.01657E-1 -1.27703E-1
 2.97670E-1 -3.53615E-1
 2.28673E-2 -1.94627E-1
 -4.96298E-1 4.62319E-1
 -1.08956 -8.39328E-1
 -5.27271E-3 -3.57189E-1
 -5.42424E-1 2.02738E-1
 -8.13301E-1 -5.63824E-1
 -1.28438 -1.02327
 -1.86051 -1.62260
 -1.07241 -1.50357
 -1.04012 -2.51652E-1
 -5.24826E-1 -8.98939E-1
 -7.74112E-2 -6.65002E-1
 -1.27733E-1 8.75456E-2
 -4.84454E-1 -7.09308E-1
 -7.63572E-1 -3.63460E-1
 -3.82064E-1 -1.01966E-1
 5.28708E-1 6.05774E-1
 3.60493E-1 7.72843E-1
 1.18824 1.12236
 1.50131 1.49353
 1.19825 1.66636
 1.51056 1.44260
 9.89447E-1 7.61016E-1
 5.76706E-1 1.02172
 5.83428E-1 5.67060E-1
 7.85740E-1 3.85204E-1
 9.52687E-1 6.99403E-1
 1.47345 1.50855
 1.25466 1.56164
 2.94669E-1 5.75782E-1
 4.41758E-1 5.81926E-1
 8.84467E-1 1.51433
 3.12154E-1 1.19268
 -5.07813E-1 3.55605E-1
 -1.07535 -9.26117E-1
 -5.82874E-1 -8.55658E-1
 2.14994E-1 -3.83653E-1
 7.54950E-1 5.40582E-1
 2.24781 1.30658
 2.33934 2.49495
 2.71136 3.69546
 1.19121 2.33772
 2.44696 1.27491
 1.57398 1.39272
 2.36072 2.07093
 2.17912 2.21143
 1.43697 2.56499
 1.59525 1.51938
 2.36085 1.87563
 7.55102E-1 1.78192
 1.38148 1.28501
 3.99305E-1 1.10829
 4.51924E-2 8.34100E-1
 -1.63397E-2 -1.44033E-1
 -1.04409E-1 2.40001E-1
 7.40641E-1 1.69892E-1
 6.92109E-1 6.39828E-1
 -1.05938E-1 3.30043E-1
 4.81690E-1 -4.12294E-1
 8.72412E-1 7.21396E-1
 1.75698 1.02027
 1.03370 1.22648
 1.21609E-1 -2.09908E-1
 -5.69042E-1 -8.94072E-1
 -2.50302E-1 4.50630E-1
 -3.86658E-1 -2.19342E-1
 -2.23172E-1 -1.52392E-1
 8.37805E-1 9.24887E-1
 4.46922E-1 6.08145E-1
 -3.54220E-1 1.23774E-2
 -4.16722E-1 -1.98195E-1
 9.74348E-1 -3.34414E-1
 1.19777 1.04727
 1.06488 1.24020
 2.72013E-1 1.49618
 -6.67346E-1 -4.57279E-1
 2.82931E-1 2.70665E-2
 4.61518E-1 -6.04376E-1
 2.38296 2.42432
 4.71749E-1 2.71365
 -4.37641E-1 4.35722E-1
 8.56478E-2 -3.69168E-1
 5.53152E-1 2.83047E-1
 3.79510E-1 5.30371E-1
 1.60124E-1 -2.48009E-2
 3.09431E-1 2.97686E-1
 -7.33193E-1 -7.90414E-1
 -6.74090E-2 -1.44614
 -4.21876E-1 6.38073E-1
 1.69761E-2 -3.30841E-1
 6.68087E-2 -1.83048E-2
 -1.24238E-1 5.59320E-2
 5.60546E-1 5.91691E-1
 1.92088E-1 1.95853E-1
 -4.63889E-2 1.72001E-1
 8.78078E-1 6.67285E-1
 6.79350E-1 9.69758E-1
 1.13613 9.26362E-1
 1.75763 1.77458
 2.17678 2.75126
 1.79143 1.96456
 6.48602E-1 1.33820
 -2.78764E-1 1.98331E-1
 -3.70656E-1 3.59209E-1
 -9.34253E-1 -1.96108E-1
 -1.31830 -1.72853
 -3.29723E-1 -1.33163
 5.46917E-1 -3.88522E-1
 1.41224 1.23755
 1.46070 1.40231
 6.01391E-1 5.69367E-1
 -5.69284E-1 -3.37725E-1
 -1.32579 -9.25533E-1
 -5.25126E-1 -8.76883E-1
 -9.78664E-1 -8.79474E-1
 -6.43634E-1 -7.58330E-1
 -2.07345E-1 -1.14724
 -8.94352E-1 -8.62313E-1
 -1.31414 -1.50129
 -5.36301E-1 -1.72801
 -1.09217E-1 -4.50930E-1
 -3.12465E-1 -3.90752E-1
 -1.44842E-1 -5.75452E-1
 4.19857E-1 -7.34276E-1
 7.14945E-2 5.23941E-1
 -1.94718 -9.01992E-1
 -1.50565 -1.81514
 -1.13242 -1.37051
 -1.19475 -1.62731
 -1.34799E-2 -2.67910E-1
 -2.71332E-1 -3.38580E-1
 7.92541E-1 4.54911E-2
 9.77001E-1 -5.65752E-2
 1.64519 9.31124E-1
 1.17718 2.12951
 1.11233 6.90346E-1
 1.11311 2.77943E-1
 1.29275 2.02566
 9.85644E-1 1.66418
 3.81861E-1 4.97533E-1
 -5.09369E-1 -8.70831E-2
 -6.66679E-1 -4.95919E-1
 -9.42878E-1 -9.77076E-1
 -1.45176 -1.06098
 -1.94180 -1.95788
 -1.39368 -2.57855
 -6.90541E-1 -7.19747E-1
 -7.36345E-1 -2.32335E-1
 -1.79171 -4.80207E-1
 -3.36685E-1 -1.31025
 -1.47660 -1.31880
 3.87998E-1 -1.05648
 4.50442E-1 7.63356E-1
 8.94739E-1 8.94384E-1
 9.17767E-2 4.82486E-1
 -1.72984 -8.20307E-1
 -1.77425 -1.32052
 -1.39863 -2.06985
 -1.32944 -2.02056
 -5.82711E-1 -1.20444
 -1.47392 -1.22113
 -7.38239E-1 -9.21148E-1
 -6.24157E-2 -5.71241E-2
 1.49914E-1 -3.92847E-1
 1.68626E-1 4.31165E-1
 1.42362 1.22205
 3.83281E-1 1.24419
 -6.89589E-1 -7.27036E-2
 -5.02363E-1 -6.61687E-1
 1.59895E-1 -2.16917E-2
 6.07296E-1 2.54056E-1
 7.19532E-1 6.57441E-1
 -2.96495E-2 -2.67128E-1
 8.84216E-1 3.06520E-2
 1.08092 1.50574
 1.23238 2.08053
 9.10997E-1 7.44823E-1
 -6.05812E-1 1.15796
 -1.94247E-1 -3.65954E-1
 2.96135E-1 1.54000E-1
 4.67138E-1 2.22939E-1
 -1.03337 -9.54603E-3
 -9.11678E-1 -1.11600
 -1.94999 -1.25003
 -1.52878 -1.90523
 -1.44832 -1.78710
 -1.77177 -2.74704
 -9.66444E-1 -1.05787
 -1.59555 -2.12701
 -2.45132E-1 -9.50917E-1
 7.28539E-1 7.40382E-1
 4.84042E-1 1.04955
 -5.32102E-1 -3.49993E-1
 -1.24334 -1.20121
 -1.99034E-1 -8.49356E-1
 3.38493E-1 -7.57011E-1
 6.26832E-1 7.36986E-1
 8.33783E-1 7.42775E-1
 1.04212 9.44003E-1
 7.96835E-1 8.21523E-1
 9.47299E-1 1.24608
 1.23580 1.47524
 1.85425 1.63596
 1.69744 1.98948
 4.15837E-1 1.17303
 -1.18381E-1 -4.94291E-1
 5.34078E-1 6.86502E-1
 4.14760E-1 3.84304E-1
 5.92043E-1 -4.32964E-1
 5.38281E-1 2.12238E-1
 -7.62833E-1 -8.77864E-2
 -3.23012E-1 -5.93464E-1
 -8.92694E-1 -4.45404E-1
 -9.06525E-1 -1.55058
 -1.63707E-1 -6.12474E-1
 -3.35036E-1 9.94484E-2
 -4.08692E-1 -4.42894E-1
 -9.19733E-2 3.29301E-2
 -6.84881E-1 -8.41520E-1
 -5.27561E-1 -9.17966E-1
 -1.41411 -6.59346E-1
 -1.34422 -1.28305
 -6.14768E-1 -1.10254
 -5.14748E-1 -1.36848
 8.30460E-2 -6.83933E-2
 -7.45479E-1 -1.12113
 -9.90367E-1 -4.73852E-1
 -1.52036 -1.34784
 -1.10501 -1.44006
 -2.61606E-1 -9.96404E-1
 5.22215E-1 -5.91829E-1
 5.67507E-1 1.01970
 -1.37054E-1 -2.58162E-1
 -1.96438 -6.48912E-1
 -1.57628 -1.80980
 -1.46012 -1.83230
 -1.09677 -1.41775
 -1.44635 -8.36980E-1
 -9.21067E-1 -1.37096
 -2.81222E-1 -8.95283E-1
 -1.77334 -1.75515
 -4.36554E-1 -1.17605
 3.30871E-1 7.06573E-2
 2.97619E-1 1.05029E-1
 7.72054E-1 4.82123E-1
 1.51208 1.10421
 1.51050 9.59719E-1
 1.42089 2.55351
 1.95169 1.75387
 1.94286 1.63125
 1.86019 2.86865
 2.06723 2.44225
 2.17743 2.47446
 1.58894 2.29795
 4.86745E-1 1.38914
 7.14362E-1 -1.54229E-1
 -9.44298E-1 3.03070E-1
 -9.92413E-1 -1.85030
 -1.19002 -7.82975E-1
 -3.58552E-1 -1.64622
 -7.51120E-1 -5.18035E-1
 6.07772E-1 5.06110E-1
 4.32080E-1 1.09019
 5.05376E-1 3.79372E-1
 1.15556E-1 4.78215E-1
 -1.13933 -7.65971E-1
 -1.53196 -1.50811
 -1.01245 -1.59219
 -9.77619E-1 -1.45116
 -8.39693E-1 -7.97752E-1
 -5.56935E-1 -6.75926E-1
 3.02152E-1 1.89327E-1
 1.66005E-1 2.13963E-1
 8.28476E-2 6.73905E-1
 1.34279 6.40879E-1
 7.82805E-1 6.34096E-1
 -1.28248E-1 5.12825E-1
 -2.63836E-1 -7.23563E-1
 -2.73592E-1 2.70645E-1
 -1.44130E-2 -1.58616E-1
 2.33755E-1 6.31431E-1
 6.68615E-1 4.20522E-1
 1.07757 3.05669E-1
 1.48788E-1 1.39832
 -9.97469E-1 1.53565E-1
 -1.80964 -1.60008
 -1.78957 -2.49686
 -1.02453 -1.65319
 -9.15577E-1 -1.69051
 -2.08009 -1.59042
 -1.86779 -1.98803
 -1.20590 -1.50161
 -1.35179 -2.05659
 6.50063E-1 -1.12680
 -3.30272E-2 6.43117E-1
 -3.69188E-1 -4.19657E-1
 -3.24588E-1 5.70465E-1
 -8.10815E-1 -2.09476E-1
 -7.78845E-1 -7.33954E-1
 4.44133E-1 -3.38978E-1
 7.68161E-1 7.48971E-2
 1.84864 1.90396
 2.66288 2.34204
 1.80044 2.64128
 7.08572E-1 1.78871
 9.67824E-1 5.10092E-2
 6.78184E-1 5.68381E-1
 1.09603 2.89548E-1
 9.29509E-1 1.23414
 6.79673E-2 -6.83078E-2
 1.78800E-1 -3.67071E-1
 -1.10257 -1.10082
 -3.38461E-1 -9.27663E-1
 1.89122E-1 -2.46929E-1
 8.20853E-1 1.56840E-1
 -6.32163E-1 4.41386E-2
 -1.65735 -8.72720E-1
 -2.06624 -2.22711
 -1.52920 -1.85791
 -2.03656 -2.61910
 -2.56965 -2.76295
 -1.83987 -2.90188
 -1.70515 -1.84802
 -1.79108 -2.37630
 -1.89905 -1.86752
 -9.84637E-1 -1.97681
 -7.06461E-1 -1.19075
 -1.91082 -1.76462
 -1.63965 -2.12532
 -1.18640 -1.48093
 -1.08891 -9.84594E-1
 -1.32993 -1.42502
 -2.05748E-1 -1.11862
 -8.80193E-1 -7.87584E-1
 -8.03876E-1 -1.38397
 -2.26350E-1 -6.25955E-1
 -2.23888E-1 -1.72364E-1
 -1.20054 -1.65713
 -4.30514E-1 -1.66786
 5.87028E-1 -2.35639E-3
 3.32656E-1 7.72208E-1
 6.95345E-1 4.89850E-1
 2.06244E-1 -2.97547E-1
 6.59019E-1 7.72059E-1
 8.85809E-2 6.87399E-1
 1.29026 6.09431E-1
 8.80221E-1 1.55375
 1.61393 1.49787
 7.06193E-1 1.30498
 2.24444E-1 1.43179
 8.02680E-1 9.47207E-3
 1.17164 1.62238
 4.82934E-1 5.18006E-1
 2.98022E-1 1.64285E-2
 -4.02165E-1 -1.08270E-1
 -2.65262E-1 -2.47369E-1
 -4.42022E-1 -4.27328E-2
 1.67917 4.60107E-1
 2.25157 1.73095
 2.45561 2.43573
 1.32581 3.01819
 1.68768 1.60895
 1.51004 2.01946
 1.04346 1.11100
 1.27290 8.62315E-1
 -6.59189E-1 4.86557E-1
 -9.43755E-1 -1.54253
 -3.56644E-1 -7.34689E-1
 -1.21683 -6.41269E-1
 -4.29499E-1 -8.29879E-1
 -1.10819 -4.99675E-1
 -3.20595E-1 -3.82188E-1
 -1.77191 -8.55875E-1
 -2.00277 -2.06898
 -1.26914 -1.20118
 5.08755E-1 -7.96625E-1
 5.18082E-1 7.02787E-2
 5.06218E-1 -3.17016E-1
 1.32672E-1 1.21203
 3.88387E-1 3.23638E-1
 6.18583E-1 8.10889E-1
 7.13488E-1 1.61662E-1
 -4.26400E-2 6.42955E-2
 -3.76176E-1 6.49275E-2
 -1.12559 -1.08757
 -1.07345 -1.73474
 -5.26762E-1 -9.02040E-1
 -4.78833E-1 3.23546E-1
 -7.38628E-1 -8.15307E-1
 3.14804E-1 5.49955E-3
 -2.12188E-1 3.96834E-1
 3.93869E-1 -1.54437E-1
 1.63687E-1 -6.28872E-1
 1.34221 3.63642E-1
 1.09307 1.39684
 2.83150E-1 6.93186E-1
 -1.27573 6.18882E-2
 -2.84896 -2.29773
 -2.14010 -3.37606
 -9.74948E-1 -1.57497
 -8.22947E-1 -2.15098E-1
 -1.60065 -2.04264
 -4.28794E-1 -6.39475E-1
 -2.63334E-2 -5.71184E-1
 -2.18150E-1 3.57524E-1
 -3.96456E-1 -4.53190E-1
 -1.48453 -9.96051E-1
 -1.14407E-1 -1.56862E-1
 -9.76805E-2 6.26616E-2
 3.26511E-1 3.53987E-1
 4.86582E-1 6.29370E-1
 -6.42216E-1 1.42268E-1
 3.13296E-1 -1.13334E-2
 1.01052E-1 3.98125E-1
 -5.34343E-1 -2.67729E-1
 -9.80197E-2 -7.54973E-1
 4.58560E-1 -3.92220E-1
 1.59016 1.80652
 6.20076E-1 1.82870
 1.50643 1.23537
 2.45129 2.02044
 1.60998 2.28332
 1.51313 2.47718
 4.68880E-1 9.09518E-1
 1.41941E-1 1.69397E-1
 -9.71224E-1 -6.90986E-1
 -7.42830E-1 -9.19598E-1
 -4.74088E-1 -5.16739E-1
 6.08522E-2 -1.94951E-1
 -7.54041E-2 -1.79007E-1
 -8.04138E-1 -1.24560
 -6.46652E-1 -4.75698E-1
 -4.55953E-1 -3.95369E-1
