ar1.2.s
-0.06777873
1.499433
0.4888059
0.3986613
-0.5162493
0.8676204
1.314398
1.295846
0.088159
0.7948216
1.538561
1.082522
-0.3472185
2.026582
0.3218776
0.0825434
1.380971
0.9024366
1.089607
-0.1822314
1.025356
-0.03613624
-0.1766226
0.573363
-1.882378
-1.198179
-1.301857
-1.759995
-0.7529651
-0.3381904
0.02094213
-1.382033
-0.2672721
-0.04090931
-1.804945
-3.910414
-1.369444
-0.538208
-0.4545085
0.3052784
0.5234046
0.1073818
-1.489912
-0.1197059
1.290321
0.7532189
-0.2094922
-1.277446
-1.293168
-1.484975
0.5849607
-0.1890796
1.216437
-0.1493831
-0.9950247
-0.6421952
-0.3720077
-0.1251954
-0.6556509
-0.7806789
