beersales
11.1179
9.8413
11.5732
13.0097
13.4182
14.4418
14.7534
13.8816
12.5123
11.8983
10.6088
11.5874
10.8633
11
10.9934
12.914
13.5853
14.1553
15.0056
14.859
13.4387
12.2184
10.5208
10.8335
10.0067
10.4321
14.5477
14.2748
14.9986
15.71
14.798
14.6431
12.8878
11.6235
11.4853
11.5065
10.6897
11.0093
14.7983
13.5984
14.9606
15.8187
15.2871
16.2773
13.937
13.327
12.0353
11.567
12.3244
12.0133
15.0094
14.9562
15.9268
15.5702
15.1282
15.5625
13.7112
13.6425
12.5158
11.7629
12.5357
12.6446
14.0848
14.3271
16.1862
16.6604
17.081
16.2811
14.5118
14.1594
12.512
12.383
12.0798
12.4126
15.0092
15.4733
16.9966
17.2933
17.3701
16.2422
14.6808
13.8444
12.3871
12.9072
11.9036
12.9126
15.6815
15.8119
16.5611
17.2255
16.1033
16.259
14.8834
13.8291
13.1376
12.2662
12.5696
12.6644
15.0723
15.5742
16.8397
17.0121
16.8476
17.3471
14.8442
13.8536
12.7904
11.9797
12.4214
12.5443
15.3242
15.0629
16.8656
17.23
17.3288
16.9654
13.6582
14.2932
12.4037
11.3818
13.5114
12.7501
14.4642
15.8558
17.6043
16.1731
16.6319
16.0352
13.5914
14.0102
12.3939
12.1101
13.9861
13.012
14.6625
16.0165
17.1046
16.5952
17.0626
16.3092
14.0156
14.6417
12.4761
12.8391
13.6094
13.7362
15.3119
15.9071
16.135
16.6147
17.0362
15.8162
14.3066
14.4671
12.5856
12.3225
13.8006
13.9416
15.2575
15.2452
16.4849
17.0435
16.4097
16.2246
14.4386
13.9469
13.2062
12.2347
14.0913
13.195
15.4059
14.8754
16.7768
16.9378
16.2259
17.4078
14.7684
14.3167
13.4048
12.0999
14.26
13.38
15.89
15.23
16.91
16.8854
17
17.4
14.75
15.77
14.54
13.22
