euph
0.243988
0.376678
0.486389
0.572266
0.634888
0.677856
0.702606
0.712982
0.712006
0.701782
0.681366
0.650238
0.608398
0.55368
0.485596
0.405609
0.317139
0.223816
0.132202
0.052063
-0.009338
-0.050262
-0.07074
-0.077057
-0.075958
-0.077057
-0.08728
-0.111633
-0.151154
-0.207123
-0.27713
-0.355286
-0.436554
-0.518005
-0.594391
-0.664581
-0.7229
-0.766876
-0.794067
-0.797272
-0.772034
-0.714478
-0.622833
-0.501465
-0.356079
-0.195007
-0.029388
0.131744
0.278503
0.405212
0.507935
0.586914
0.643951
0.681824
0.703094
0.710785
0.707764
0.696533
0.675842
0.643829
0.602081
0.546783
0.476349
0.39444
0.303925
0.210114
0.119843
0.043457
-0.013855
-0.049591
-0.066406
-0.069824
-0.067505
-0.069977
-0.083862
-0.113159
-0.157196
-0.21698
-0.290771
-0.371735
-0.455231
-0.536285
-0.611694
-0.678009
-0.732239
-0.772278
-0.794586
-0.792175
-0.760864
-0.696838
-0.598907
-0.472198
-0.32309
-0.160309
0.006226
0.164459
0.306366
0.427612
0.523987
0.597382
0.64917
0.682037
0.699036
0.702942
0.69754
0.682892
0.659637
0.624664
0.579132
0.519897
0.446777
0.363342
0.271973
0.178986
0.0914
0.019012
-0.032867
-0.063171
-0.075317
-0.075592
-0.071991
-0.074738
-0.090027
-0.121857
-0.1698
-0.23349
-0.30954
-0.391632
-0.475311
-0.556
-0.630432
-0.695679
-0.74881
-0.786621
-0.805511
-0.798248
-0.759583
-0.688232
-0.583496
-0.451813
-0.297821
-0.133057
0.034393
0.191681
0.330292
0.446442
0.538727
0.607727
0.655609
0.685577
0.700958
0.704071
0.69754
0.681793
0.656586
0.621368
0.57431
0.513428
0.438599
0.353546
0.261658
0.169464
0.085297
0.016968
-0.03125
-0.058441
-0.06778
-0.067322
-0.065216
-0.071411
-0.09079
-0.126831
-0.178833
-0.246521
-0.324738
-0.407471
-0.491333
-0.570007
-0.641693
-0.701752
-0.748901
-0.780762
-0.793121
-0.779358
-0.73465
-0.657623
-0.548187
-0.411743
-0.255951
-0.090729
0.075317
0.230011
0.364807
0.476624
0.563477
0.62619
0.667236
0.690765
0.700378
0.698517
0.689636
0.671295
0.644592
0.607269
0.558167
0.494812
0.420074
0.335754
0.245178
0.155701
0.07547
0.011932
-0.03067
-0.053711
-0.06131
-0.060364
-0.06015
-0.069611
-0.093323
-0.134399
-0.190765
-0.262421
-0.34314
-0.427551
-0.511353
-0.590546
-0.662048
-0.721802
-0.768036
-0.797699
-0.805481
-0.785583
-0.733337
-0.647491
-0.52948
-0.38559
-0.224091
-0.054474
0.110443
0.261536
0.391083
0.497253
0.578674
0.636505
0.674316
0.695343
0.70343
0.701202
0.691223
0.672211
0.643646
0.604614
0.552673
0.486694
0.408356
0.319977
0.227661
0.137482
0.057983
-0.002991
-0.042511
-0.061981
-0.066895
-0.064667
-0.06488
-0.076874
-0.103851
-0.147858
-0.208191
-0.281982
-0.36499
-0.449371
-0.53299
-0.609955
-0.678558
-0.734985
-0.777252
-0.802582
-0.803986
-0.77597
-0.715088
-0.621613
-0.497681
-0.350769
-0.189178
-0.021393
0.13916
0.284607
0.408447
0.508728
0.584991
0.638
0.672211
0.691345
0.698334
0.69516
0.683929
0.662781
0.632324
0.590179
0.535309
0.466003
0.385132
0.295685
0.203796
0.116364
0.042908
-0.011414
-0.044708
-0.059082
-0.060089
-0.056152
-0.057739
-0.071747
-0.102478
-0.150024
-0.213715
-0.290955
-0.375641
-0.461151
-0.543762
-0.620056
-0.685669
-0.73822
-0.776123
-0.796783
-0.792999
-0.760345
-0.695557
-0.597992
-0.472382
-0.323547
-0.16153
0.005524
0.164764
0.307709
0.428955
0.524933
0.597229
0.646515
0.677185
0.693451
0.698303
0.693329
0.681122
0.659698
0.627869
0.585785
0.530212
0.461304
0.381195
0.292542
0.20163
0.11554
0.043762
-0.008789
-0.039948
-0.053345
-0.054443
-0.05191
-0.056519
-0.074493
-0.109772
-0.161835
-0.230988
-0.312561
-0.399567
-0.486053
-0.567078
-0.641479
-0.704102
-0.754028
-0.789459
-0.807068
-0.799255
-0.762817
-0.693451
-0.591095
-0.460388
-0.307495
-0.142944
0.024811
0.181732
0.321106
0.438019
0.530426
0.598969
0.646362
0.675537
0.690002
0.692749
0.687531
0.672455
0.649872
0.617279
0.573242
0.515564
0.444977
0.36441
0.275848
0.185761
0.102173
0.033386
-0.015228
-0.043823
-0.054718
-0.054443
-0.052979
-0.059601
-0.081238
-0.119965
-0.175629
-0.24646
-0.328186
-0.413849
-0.498322
-0.577148
-0.649353
-0.708557
-0.754791
-0.785583
-0.798187
-0.784332
-0.740082
-0.663422
-0.553955
-0.418121
-0.262512
-0.097687
0.067322
0.219666
0.353119
0.464478
0.550842
0.61496
0.65863
0.684662
0.696991
0.698364
0.690887
0.676056
0.651764
0.617371
0.571014
0.511322
0.438812
0.355347
0.265167
0.175079
0.092438
0.026276
-0.019012
-0.04425
-0.053711
-0.054138
-0.054596
-0.06424
-0.088654
-0.129395
-0.18573
-0.256439
-0.336548
-0.41983
-0.502228
-0.580872
-0.653656
-0.714966
-0.763702
-0.797791
-0.810547
-0.795105
-0.747467
-0.666656
-0.553467
-0.414551
-0.257813
-0.093719
0.069489
0.219452
0.349304
0.457214
0.541779
0.603516
0.645447
0.671021
0.683655
0.685791
0.679626
0.665436
0.641754
0.60791
0.559845
0.49707
0.421539
0.334869
0.242584
0.15097
0.070129
0.006958
-0.034119
-0.054565
-0.058899
-0.055817
-0.055573
-0.06601
-0.092773
-0.136993
-0.197144
-0.272308
-0.356262
-0.442871
-0.527466
-0.606415
-0.676025
-0.732117
-0.772766
-0.796967
-0.798981
-0.773865
-0.717651
-0.630432
-0.513092
-0.37265
-0.215942
-0.052795
0.10733
0.254913
0.382294
0.487396
0.568695
0.627625
0.667175
0.689423
0.698975
0.698151
0.68924
0.670868
0.643188
0.603638
0.551361
0.484711
0.406464
0.319092
0.22818
0.140137
0.062805
0.003662
-0.034393
-0.053375
-0.058472
-0.057251
-0.060272
-0.075653
-0.106781
-0.153809
-0.217041
-0.292816
-0.375763
-0.460052
-0.54245
-0.618408
-0.685059
-0.739532
-0.780609
-0.804626
-0.806
-0.779633
-0.721008
-0.629913
-0.507172
-0.361176
-0.199554
-0.033264
0.12796
0.273987
0.39856
0.499268
0.575897
0.630524
0.665802
0.685425
0.692688
0.691345
0.682037
0.663818
0.635437
0.596283
0.542328
0.473785
0.394653
0.306732
0.215179
0.128174
0.053436
-0.002045
-0.037231
-0.052765
-0.055084
-0.053009
-0.055725
-0.071777
-0.10379
-0.152679
-0.21814
-0.296295
-0.380646
-0.464844
-0.546417
-0.621399
-0.687408
-0.741821
-0.781067
-0.803314
-0.799896
-0.766937
-0.700439
-0.599976
-0.470367
-0.319153
-0.15625
0.01004
0.167389
0.308075
0.427399
0.523651
0.596588
0.648468
0.682953
0.701294
0.707428
0.703918
0.691925
0.67038
0.638763
0.596527
0.540192
0.469666
0.388092
0.297455
0.203796
0.11618
0.042755
-0.011566
-0.044983
-0.059784
-0.062317
-0.062134
-0.067566
-0.086426
-0.121887
-0.173523
-0.241302
-0.320282
-0.405731
-0.490204
-0.570801
-0.643616
-0.705719
-0.754639
-0.788879
-0.804199
-0.794281
-0.755402
-0.683167
-0.578888
-0.447418
-0.294159
-0.1297
0.037079
0.192871
0.331757
0.447662
0.538727
0.606079
0.652771
0.681396
0.695648
0.698822
0.692902
0.678925
0.656311
0.623108
0.577881
0.518555
0.445709
0.362701
0.272919
0.182373
0.098572
0.029785
-0.018982
-0.046967
-0.057404
-0.057983
-0.057404
-0.064392
-0.085541
-0.123077
-0.176147
-0.245178
-0.326477
-0.413757
-0.500671
-0.583282
-0.658783
-0.721954
-0.770294
-0.801331
-0.810547
-0.79306
-0.745392
-0.666199
-0.554474
-0.41748
-0.260559
-0.095154
0.071228
0.224945
0.359222
0.471924
0.559814
0.624298
0.668304
0.695709
0.708344
0.709625
0.701813
0.686646
0.660797
0.624847
0.576782
0.514526
0.438202
0.352081
0.259369
0.16748
0.083374
0.016144
-0.030487
-0.056274
-0.065857
-0.066742
-0.067352
-0.07666
-0.101563
-0.14325
-0.201965
-0.275482
-0.359863
-0.446808
-0.532471
-0.611969
-0.683807
-0.743286
-0.788025
-0.815369
-0.820251
-0.796875
-0.742645
-0.655884
-0.537598
-0.395142
-0.236053
-0.06839
0.096161
0.247681
0.378418
0.485809
0.568298
0.627625
0.667908
0.691986
0.702911
0.702789
0.693237
0.675385
0.646851
0.608215
0.556946
0.493042
0.41626
0.330719
0.239929
0.151398
0.072693
0.010468
-0.031647
-0.054382
-0.063141
-0.063354
-0.064941
-0.076447
-0.103333
-0.146088
-0.20639
-0.280853
-0.366486
-0.454254
-0.539398
-0.617432
-0.685059
-0.740601
-0.781219
-0.804047
-0.803345
-0.773987
-0.712158
-0.617493
-0.491821
-0.342926
-0.179169
-0.010345
0.151642
0.297607
0.421326
0.522308
0.598297
0.652405
0.689392
0.709656
0.717255
0.714203
0.702972
0.682312
0.651581
0.609161
0.55423
0.485443
0.404846
0.316162
0.223877
0.135773
0.058746
0.000916
-0.036194
-0.05481
-0.059509
-0.059052
-0.062897
-0.080292
-0.114197
-0.164001
-0.229584
-0.307922
-0.39447
-0.480865
-0.564331
-0.640167
-0.705444
-0.756622
-0.792847
-0.81134
-0.806244
-0.772339
-0.706116
-0.607422
-0.479309
-0.329132
-0.164948
0.003876
0.165131
0.308838
0.429352
0.52652
0.598511
0.648285
0.680756
0.696228
0.699646
0.693268
0.680817
0.658813
0.627258
0.584625
0.53009
0.460602
0.380249
0.291779
0.200378
0.113251
0.038849
-0.015564
-0.049286
-0.064331
-0.066284
-0.064117
-0.066376
-0.081543
-0.113464
-0.164185
-0.231964
-0.313202
-0.402496
-0.492096
-0.577606
-0.65506
-0.721161
-0.771667
-0.805634
-0.818878
-0.805756
-0.762878
-0.687592
-0.578674
-0.44339
-0.287659
-0.121185
0.046936
0.204163
0.342468
0.457703
0.548248
0.614899
0.661438
0.690582
0.704498
0.707031
0.699097
0.683044
0.658813
0.623779
0.577789
0.518494
0.446259
0.364075
0.274017
0.183533
0.099579
0.030548
-0.018311
-0.046783
-0.058136
-0.059052
-0.058197
-0.064087
-0.084412
-0.121521
-0.175629
-0.245911
-0.329071
-0.418243
-0.507813
-0.591766
-0.667053
-0.72998
-0.77887
-0.809906
-0.820007
-0.80307
-0.753876
-0.672424
-0.557861
-0.418152
-0.259644
-0.092773
0.074188
0.227844
0.36203
0.473206
0.559784
0.622589
0.665375
0.691162
0.702759
0.703522
0.694824
0.678558
0.653412
0.617859
0.570282
0.509521
0.434326
0.349762
0.258789
0.168732
0.0867
0.021423
-0.02298
-0.047516
-0.05661
-0.056793
-0.056671
-0.066467
-0.091705
-0.134064
-0.193604
-0.267487
-0.351532
-0.437592
-0.524872
-0.605255
-0.678101
-0.738403
-0.784058
-0.811554
-0.816223
-0.792603
-0.736084
-0.647125
-0.52536
-0.379333
-0.217072
-0.0495
0.114594
0.263489
0.391296
0.49588
0.57608
0.632935
0.671112
0.69281
0.700623
0.699432
0.688416
0.669769
0.641998
0.603088
0.552094
0.487335
0.410553
0.324493
0.233398
0.14505
0.066254
0.004669
-0.035461
-0.05545
-0.06076
-0.058167
-0.058136
-0.070038
-0.098114
-0.143494
-0.20578
-0.282898
-0.369263
-0.45813
-0.544434
-0.623444
-0.694641
-0.75058
-0.792389
-0.816223
-0.817291
-0.789856
-0.728973
-0.635529
-0.511414
-0.363251
-0.199615
-0.031494
0.131683
0.278381
0.402405
0.503693
0.579926
0.634094
0.670349
0.690033
0.697205
0.69455
0.684357
0.665771
0.637909
0.597839
0.545288
0.477997
0.40033
0.313232
0.223145
0.135956
0.060272
0.003815
-0.032166
-0.049316
-0.053467
-0.052643
-0.055542
-0.07074
-0.103088
-0.152893
-0.219086
-0.299103
-0.387238
-0.476837
-0.563263
-0.643646
-0.712585
-0.76651
-0.805664
-0.825562
-0.819794
-0.783569
-0.713074
-0.609497
-0.476776
-0.321625
-0.153625
0.017151
0.180145
0.323853
0.444305
0.539093
0.609222
0.657532
0.688019
0.703735
0.708038
0.702698
0.689941
0.667603
0.635376
0.591888
0.53595
0.467468
0.388153
0.300293
0.210632
0.125214
0.052521
0.000122
-0.032257
-0.04657
-0.049408
-0.048798
-0.054413
-0.074341
-0.112
-0.166534
-0.23764
-0.320313
-0.409332
-0.496643
-0.579742
-0.654968
-0.718903
-0.769012
-0.802948
-0.817169
-0.805084
-0.763245
-0.688171
-0.579803
-0.443237
-0.286804
-0.119293
0.048126
0.206757
0.345276
0.460876
0.551483
0.617523
0.662781
0.690186
0.703796
0.70639
0.700043
0.686279
0.663757
0.631104
0.586304
0.528625
0.457001
0.376099
0.287903
0.198517
0.115997
0.046783
-0.002502
-0.031219
-0.043488
-0.046295
-0.04718
-0.056702
-0.081116
-0.122955
-0.180695
-0.254639
-0.338898
-0.429565
-0.519379
-0.602936
-0.681274
-0.746155
-0.794617
-0.824249
-0.830994
-0.809143
-0.755859
-0.669403
-0.550262
-0.406189
-0.243378
-0.073608
0.094269
0.247864
0.380066
0.489563
0.572571
0.631775
0.671936
0.696259
0.706573
0.705872
0.696106
0.677582
0.651215
0.613312
0.563568
0.499176
0.422119
0.336395
0.2453
0.155823
0.075378
0.012238
-0.029907
-0.053101
-0.061523
-0.062958
-0.06662
-0.080811
-0.110504
-0.156738
-0.219208
-0.295715
-0.381958
-0.470886
-0.557617
-0.638641
-0.709961
-0.7677
-0.809753
-0.831116
-0.829224
-0.797211
-0.733063
-0.636749
-0.508514
-0.358276
-0.192596
-0.023224
0.141083
0.289154
0.41507
0.515808
0.592102
0.645874
0.681366
0.701996
0.710236
0.708862
0.698242
0.679321
0.650299
0.610443
0.558716
0.493408
0.415619
0.329834
0.239746
0.153046
0.076233
0.01886
-0.018707
-0.039307
-0.046967
-0.05072
-0.057739
-0.077728
-0.11319
-0.165192
-0.233643
-0.314819
-0.405792
-0.496704
-0.584045
-0.664856
-0.733643
-0.786957
-0.823944
-0.839874
-0.830566
-0.79126
-0.718689
-0.612793
-0.476837
-0.319305
-0.148804
0.022797
0.185181
0.328339
0.447693
0.54184
0.610779
0.658051
0.688843
0.704529
0.708405
0.703308
0.690186
0.668152
0.635132
0.591919
0.535217
0.464966
0.383453
0.296692
0.207062
0.122314
0.05069
-0.002533
-0.036682
-0.054138
-0.060974
-0.064697
-0.075836
-0.100311
-0.141724
-0.198792
-0.271759
-0.356079
-0.446259
-0.535645
-0.61911
-0.695496
-0.758606
-0.804596
-0.833466
-0.840607
-0.821503
-0.770782
-0.687012
-0.569122
-0.42453
-0.259125
-0.085968
0.085999
0.243561
0.378113
0.488129
0.571869
0.631958
0.671906
0.696533
0.707733
0.708557
0.700623
0.685913
0.662506
0.628998
0.584534
0.52597
0.453888
0.37265
0.284058
0.195343
0.113525
0.04715
-0.001007
-0.030853
-0.045898
-0.051849
-0.057007
-0.071045
-0.100067
-0.146332
-0.210571
-0.290039
-0.381561
-0.475433
-0.567902
-0.653717
-0.727203
-0.785767
-0.826813
-0.846741
-0.842194
-0.809052
-0.743134
-0.644196
-0.514008
-0.361023
-0.190369
-0.016571
0.151733
0.302643
0.428955
0.529572
0.604279
0.656677
0.690643
0.709167
0.715881
0.712372
0.700195
0.679596
0.650543
0.612122
0.561401
0.498322
0.422974
0.339508
0.250092
0.162262
0.083679
0.021362
-0.021667
-0.048676
-0.062622
-0.069763
-0.079529
-0.098389
-0.131958
-0.18222
-0.249847
-0.33194
-0.424011
-0.517639
-0.606873
-0.689972
-0.759125
-0.810761
-0.843689
-0.854706
-0.838776
-0.793213
-0.714081
-0.601013
-0.459473
-0.297119
-0.122864
0.051025
0.213013
0.355072
0.470856
0.559723
0.623871
0.66626
0.692139
0.704193
0.705414
0.698425
0.684357
0.661743
0.631165
0.589996
0.536591
0.469971
0.392395
0.308197
0.221222
0.139984
0.070221
0.017273
-0.017761
-0.03894
-0.050598
-0.05896
-0.072601
-0.098724
-0.140991
-0.200745
-0.277405
-0.367035
-0.462036
-0.556824
-0.643372
-0.721619
-0.784637
-0.829071
-0.852081
-0.851471
-0.824066
-0.76416
-0.671661
-0.54657
-0.395874
-0.227203
-0.051941
0.118805
0.274506
0.405792
0.511749
0.590637
0.646118
0.681824
0.702148
0.710358
0.708313
0.698914
0.681
0.655487
0.619965
0.574219
0.516754
0.447052
0.368011
0.283112
0.198059
0.120483
0.055878
0.008545
-0.022369
-0.040802
-0.05072
-0.061188
-0.080078
-0.112823
-0.162231
-0.228943
-0.311615
-0.404755
-0.501495
-0.595673
-0.678925
-0.752289
-0.808044
-0.844177
-0.857361
-0.844879
-0.803772
-0.729462
-0.621765
-0.483887
-0.324677
-0.1521
0.023315
0.189087
0.335693
0.455872
0.549622
0.616394
0.661011
0.688049
0.701202
0.704102
0.698151
0.685761
0.665894
0.637604
0.599976
0.551605
0.491486
0.42038
0.341919
0.259674
0.178436
0.10675
0.049103
0.009094
-0.01712
-0.032593
-0.043213
-0.056702
-0.080872
-0.120178
-0.177338
-0.253143
-0.342499
-0.44043
-0.539429
-0.634552
-0.718536
-0.786469
-0.835968
-0.863953
-0.868225
-0.84256
-0.785767
-0.695465
-0.571289
-0.420898
-0.251434
-0.074615
0.0979
0.256226
0.391174
0.498322
0.577545
0.631989
0.665619
0.683594
0.689545
0.68808
0.67926
0.663727
0.640991
0.610413
0.569824
0.518311
0.455078
0.382324
0.302338
0.220764
0.142242
0.076202
0.02533
-0.008575
-0.029419
-0.041687
-0.053467
-0.072479
-0.104248
-0.152313
-0.218628
-0.301636
-0.395447
-0.493225
-0.589508
-0.675934
-0.750702
-0.808868
-0.847473
-0.864136
-0.855377
-0.81839
-0.750214
-0.6492
-0.515015
-0.357544
-0.184082
-0.006378
0.161926
0.312378
0.435822
0.532654
0.601776
0.646759
0.673035
0.685761
0.688568
0.683655
0.672638
0.655914
0.631378
0.599701
0.557159
0.503693
0.439972
0.367157
0.289368
0.210602
0.138794
0.078369
0.03479
0.004608
-0.014343
-0.027618
-0.043213
-0.068481
-0.108643
-0.166687
-0.243439
-0.334869
-0.43692
-0.539429
-0.637909
-0.724609
-0.795593
-0.846527
-0.875519
-0.878998
-0.854523
-0.80069
-0.714539
-0.595093
-0.448303
-0.281311
-0.104828
0.070709
0.232239
0.371368
0.481995
0.564423
0.620758
0.655914
0.675598
0.683807
0.683594
0.676422
0.663177
0.641296
0.612274
0.574707
0.526764
0.468292
0.399963
0.325714
0.248627
0.173553
0.10849
0.056946
0.021271
-0.001923
-0.017548
-0.030579
-0.050964
-0.085358
-0.135406
-0.204102
-0.289948
-0.388
-0.490387
-0.592011
-0.684814
-0.765106
-0.825897
-0.866821
-0.884766
-0.876221
-0.839478
-0.771057
-0.669983
-0.537872
-0.3815
-0.208008
-0.029846
0.14212
0.29657
0.42453
0.522675
0.592377
0.636627
0.662292
0.674774
0.67749
0.674591
0.665741
0.651794
0.630005
0.600739
0.561401
0.511627
0.450836
0.381531
0.307281
0.231628
0.160278
0.099884
0.053925
0.02301
0.003876
-0.009399
-0.024567
-0.050262
-0.091705
-0.150238
-0.227997
-0.321472
-0.42569
-0.531738
-0.633484
-0.723236
-0.795258
-0.848633
-0.880127
-0.886963
-0.86557
-0.814697
-0.731964
-0.617157
-0.472412
-0.307831
-0.129486
0.048706
0.21405
0.356598
0.470062
0.55368
0.610474
0.645294
0.664703
0.672119
0.672577
0.66684
0.656281
0.639648
0.615601
0.583588
0.541626
0.488403
0.426025
0.356415
0.282654
0.209259
0.143463
0.090332
0.051422
0.024536
0.00592
-0.010254
-0.031952
-0.066895
-0.118622
-0.187927
-0.274872
-0.374146
-0.478882
-0.582184
-0.679749
-0.76181
-0.825928
-0.870026
-0.890717
-0.885742
-0.853058
-0.789307
-0.693573
-0.565643
-0.411652
-0.238678
-0.058014
0.117767
0.276581
0.408356
0.50885
0.579254
0.623138
0.647614
0.659058
0.660767
0.657043
0.648102
0.636108
0.616577
0.590942
0.557373
0.512939
0.457886
0.392975
0.321655
0.247864
0.176788
0.115967
0.069122
0.036987
0.015564
0.000519
-0.015198
-0.040009
-0.080627
-0.137604
-0.213989
-0.307251
-0.412476
-0.521271
-0.628143
-0.723816
-0.802856
-0.862274
-0.899353
-0.911377
-0.895233
-0.848785
-0.77002
-0.658539
-0.516541
-0.351227
-0.171906
0.008118
0.178253
0.326111
0.444672
0.532257
0.59137
0.626648
0.645905
0.653717
0.654419
0.650818
0.642395
0.629272
0.6091
0.581696
0.544128
0.495514
0.437225
0.371124
0.299988
0.227936
0.161377
0.106384
0.065063
0.03717
0.018463
0.002991
-0.017517
-0.050171
-0.098999
-0.165253
-0.250305
-0.349792
-0.457764
-0.563873
-0.666534
-0.753174
-0.820923
-0.867798
-0.891388
-0.889557
-0.860291
-0.80072
-0.710114
-0.587372
-0.436249
-0.264862
-0.083679
0.094574
0.256317
0.3927
0.497681
0.571777
0.619507
0.645691
0.658051
0.661072
0.656647
0.650055
0.63913
0.62381
0.602142
0.572693
0.532288
0.481049
0.419617
0.351379
0.279205
0.208984
0.145996
0.095917
0.060669
0.036224
0.019562
0.003662
-0.019531
-0.057312
-0.113586
-0.187866
-0.280609
-0.384827
-0.49234
-0.597229
-0.692017
-0.771179
-0.832245
-0.872681
-0.889069
-0.879944
-0.843506
-0.775574
-0.676758
-0.545105
-0.387848
-0.21405
-0.034271
0.138092
0.291077
0.415894
0.509338
0.5737
0.61322
0.634613
0.644501
0.645599
0.641968
0.637085
0.627563
0.611877
0.589355
0.558258
0.516327
0.462677
0.398987
0.328766
0.255707
0.18692
0.12851
0.084015
0.05304
0.032135
0.016052
-0.003021
-0.032776
-0.078186
-0.141022
-0.222015
-0.31897
-0.426575
-0.534454
-0.637543
-0.72937
-0.80249
-0.856201
-0.888702
-0.896484
-0.877686
-0.829651
-0.748413
-0.635437
-0.490692
-0.324158
-0.144623
0.034271
0.200806
0.343445
0.455292
0.536469
0.589813
0.62027
0.635742
0.641571
0.641174
0.637878
0.631958
0.621674
0.604431
0.579224
0.543671
0.496765
0.438477
0.372192
0.300018
0.227203
0.160217
0.105499
0.064941
0.037231
0.019348
0.00415
-0.017059
-0.051117
-0.102783
-0.172638
-0.260773
-0.362183
-0.471497
-0.578339
-0.67868
-0.765869
-0.833282
-0.878937
-0.901947
-0.900482
-0.870331
-0.810303
-0.71814
-0.593872
-0.440582
-0.268311
-0.087524
0.08902
0.247742
0.379303
0.479736
0.550629
0.595825
0.620758
0.634399
0.63797
0.637482
0.632935
0.62619
0.614197
0.595917
0.568634
0.529907
0.479736
0.419342
0.35141
0.279968
0.210327
0.148621
0.099731
0.064087
0.039459
0.022125
0.004608
-0.02124
-0.062805
-0.122223
-0.199554
-0.294342
-0.400635
-0.508759
-0.61203
-0.704407
-0.781891
-0.838104
-0.873047
-0.886139
-0.873932
-0.833588
-0.761383
-0.657562
-0.522919
-0.36438
-0.190704
-0.01236
0.157196
0.306061
0.426086
0.515778
0.577057
0.613434
0.632446
0.641876
0.64389
0.642761
0.638367
0.6315
0.618439
0.597015
0.565735
0.523376
0.469025
0.405487
0.33429
0.260773
0.191193
0.132294
0.087067
0.055176
0.033203
0.016235
-0.004242
-0.035522
-0.082397
-0.146576
-0.227966
-0.323944
-0.429199
-0.533936
-0.633789
-0.720581
-0.794708
-0.848846
-0.881622
-0.890839
-0.873505
-0.82605
-0.744537
-0.63092
-0.485443
-0.31955
-0.141388
0.034729
0.198181
0.337616
0.447296
0.527252
0.579742
0.609863
0.626648
0.634979
0.638184
0.637909
0.63504
0.627106
0.611908
0.587402
0.551117
0.503265
0.444092
0.377167
0.304901
0.232391
0.165771
0.110809
0.070404
0.042145
0.022827
0.005859
-0.01709
-0.053375
-0.106476
-0.177094
-0.264465
-0.364471
-0.470245
-0.572266
-0.66684
-0.746582
-0.811249
-0.857178
-0.881226
-0.882294
-0.856323
-0.800323
-0.711761
-0.589691
-0.439178
-0.270233
-0.091675
0.082489
0.23941
0.369751
0.469818
0.540649
0.584808
0.609192
0.622681
0.628784
0.630829
0.630432
0.628204
0.619598
0.603821
0.578064
0.540405
0.490356
0.429779
0.361389
0.288055
0.216248
0.152405
0.100464
0.062531
0.036255
0.016876
-0.002838
-0.030273
-0.072052
-0.130737
-0.20636
-0.298309
-0.401093
-0.506989
-0.608704
-0.700073
-0.775085
-0.834015
-0.871704
-0.887054
-0.878876
-0.842804
-0.773682
-0.673218
-0.540375
-0.382965
-0.209351
-0.031189
0.138886
0.2883
0.408813
0.498077
0.559296
0.596954
0.617859
0.629944
0.636353
0.639038
0.639587
0.6362
0.625031
0.605865
0.575439
0.534027
0.47876
0.414795
0.343018
0.268372
0.19696
0.135681
0.087952
0.054016
0.031067
0.013306
-0.007629
-0.039246
-0.085724
-0.149323
-0.229889
-0.324951
-0.428436
-0.530884
-0.6297
-0.715576
-0.785187
-0.836121
-0.866211
-0.87265
-0.853149
-0.805969
-0.72644
-0.616211
-0.475983
-0.315491
-0.141571
0.031982
0.193237
0.332336
0.441742
0.521698
0.57486
0.606689
0.624481
0.633484
0.637024
0.639099
0.637878
0.632324
0.617859
0.593689
0.557739
0.508698
0.449493
0.381653
0.308228
0.232574
0.162689
0.103607
0.059235
0.027985
0.007233
-0.011536
-0.033783
-0.068207
-0.118774
-0.186005
-0.268829
-0.363647
-0.465088
-0.564423
-0.656555
-0.735535
-0.798676
-0.843689
-0.868103
-0.869843
-0.845581
-0.79303
-0.707245
-0.589722
-0.444489
-0.280151
-0.105835
0.066101
0.22171
0.352905
0.45459
0.528198
0.576538
0.60611
0.623199
0.633087
0.63739
0.638733
0.636749
0.629364
0.614227
0.588562
0.550934
0.499878
0.437744
0.367249
0.291992
0.217957
0.151367
0.097382
0.057861
0.030457
0.009888
-0.009125
-0.035278
-0.075714
-0.132935
-0.206329
-0.295532
-0.39444
-0.496521
-0.592712
-0.68158
-0.755341
-0.811035
-0.848846
-0.865387
-0.858704
-0.825378
-0.762573
-0.668396
-0.541656
-0.390472
-0.221161
-0.046509
0.120636
0.269714
0.391571
0.483704
0.548035
0.589203
0.614441
0.628632
0.6362
0.639893
0.638947
0.635376
0.623566
0.602753
0.572388
0.530151
0.475586
0.411133
0.338867
0.262939
0.189392
0.12674
0.076935
0.041199
0.016846
-0.002838
-0.023804
-0.054382
-0.099213
-0.159241
-0.235718
-0.325165
-0.424133
-0.524231
-0.619781
-0.704132
-0.77478
-0.826691
-0.858795
-0.869629
-0.855072
-0.813385
-0.739471
-0.632935
-0.495941
-0.337097
-0.163422
0.00943
0.17157
0.311493
0.421661
0.504547
0.560822
0.596619
0.618439
0.631866
0.639954
0.644012
0.645355
0.640137
0.626465
0.603668
0.569489
0.523163
0.464294
0.396423
0.32251
0.246918
0.176025
0.117188
0.071991
0.040741
0.019073
0.001526
-0.020172
-0.053162
-0.102112
-0.167267
-0.249268
-0.343262
-0.44455
-0.54422
-0.638397
-0.719208
-0.785065
-0.831573
-0.857513
-0.860657
-0.837158
-0.784973
-0.700317
-0.583313
-0.438812
-0.275177
-0.101379
0.067535
0.221497
0.350891
0.45163
0.52533
0.574036
0.605713
0.625244
0.636841
0.643463
0.646149
0.645142
0.637024
0.621277
0.595154
0.556702
0.504425
0.440521
0.368561
0.291412
0.21524
0.146545
0.090424
0.048065
0.018188
-0.004272
-0.024445
-0.050049
-0.088593
-0.141754
-0.210571
-0.29599
-0.391357
-0.491394
-0.58725
-0.675842
-0.750244
-0.808319
-0.847076
-0.864502
-0.858124
-0.825287
-0.762054
-0.66684
-0.539825
-0.389587
-0.221832
-0.048767
0.117218
0.264587
0.385559
0.4776
0.542175
0.584808
0.61203
0.62851
0.637604
0.643982
0.645264
0.642212
0.631287
0.612122
0.580597
0.537292
0.480194
0.413055
0.339508
0.262604
0.189758
0.126556
0.075928
0.03952
0.013641
-0.006683
-0.027161
-0.056458
-0.099579
-0.158569
-0.234619
-0.324982
-0.424469
-0.525055
-0.619873
-0.70401
-0.77301
-0.825836
-0.857086
-0.866943
-0.85202
-0.808319
-0.734192
-0.628296
-0.491791
-0.33551
-0.165588
0.003998
0.164093
0.302734
0.414307
0.498932
0.55719
0.595184
0.618927
0.632324
0.63916
0.642212
0.642456
0.635651
0.621765
0.597626
0.562714
0.515442
0.456055
0.38736
0.313965
0.238342
0.168243
0.10791
0.060516
0.025635
-0.000397
-0.022339
-0.046875
-0.081909
-0.130219
-0.193451
-0.27359
-0.365295
-0.46463
-0.562927
-0.655762
-0.735199
-0.798401
-0.844452
-0.868225
-0.869415
-0.84198
-0.785675
-0.696991
-0.575897
-0.428528
-0.262207
-0.087585
0.083496
0.238495
0.368195
0.46933
0.543182
0.592621
0.624146
0.642975
0.652802
0.657837
0.659607
0.65683
0.647797
0.628754
0.599792
0.557343
0.502655
0.437012
0.36441
0.287994
0.213104
0.146149
0.091095
0.049622
0.019196
-0.004242
-0.024994
-0.051453
-0.089539
-0.142944
-0.212433
-0.298706
-0.395569
-0.495209
-0.591858
-0.678619
-0.751556
-0.807434
-0.843475
-0.857147
-0.847351
-0.810394
-0.742676
-0.643982
-0.514343
-0.362122
-0.194092
-0.022339
0.141388
0.286133
0.403992
0.493073
0.555267
0.596039
0.621155
0.635712
0.64325
0.647339
0.64682
0.641968
0.630127
0.609039
0.577057
0.532928
0.475891
0.409088
0.335815
0.26004
0.188324
0.126038
0.076111
0.037811
0.009003
-0.014709
-0.038605
-0.070251
-0.115234
-0.174927
-0.252106
-0.341736
-0.441345
-0.541504
-0.636353
-0.718689
-0.784882
-0.83313
-0.860748
-0.866516
-0.846039
-0.795593
-0.713531
-0.599915
-0.457764
-0.296021
-0.122894
0.048767
0.207672
0.343506
0.451355
0.530396
0.58432
0.618805
0.639008
0.649963
0.656097
0.658264
0.657776
0.650177
0.634949
0.608276
0.569214
0.517548
0.454224
0.382782
0.305725
0.22876
0.15799
0.099182
0.054016
0.021332
-0.00293
-0.023102
-0.047424
-0.08255
-0.131958
-0.197754
-0.28067
-0.374298
-0.474762
-0.57254
-0.6633
-0.74115
-0.802551
-0.845032
-0.864777
-0.862946
-0.832367
-0.771912
-0.679535
-0.555511
-0.405762
-0.239166
-0.066376
0.101868
0.252167
0.37677
0.473175
0.540741
0.584991
0.611816
0.627075
0.634308
0.637512
0.637329
0.633484
0.623413
0.604401
0.574493
0.533081
0.479767
0.416351
0.345917
0.271759
0.200012
0.137207
0.085907
0.045044
0.015228
-0.009583
-0.033264
-0.063934
-0.106934
-0.165405
-0.241058
-0.332092
-0.4328
-0.535583
-0.635193
-0.723694
-0.796448
-0.850769
-0.881958
-0.888489
-0.868591
-0.818542
-0.738129
-0.627533
-0.487976
-0.328369
-0.155945
0.017944
0.181
0.322968
0.43634
0.520355
0.576752
0.612244
0.632568
0.643005
0.648071
0.649445
0.647827
0.641205
0.627197
0.604126
0.569275
0.521881
0.463409
0.396362
0.323761
0.250336
0.182281
0.124908
0.078827
0.043243
0.015839
-0.00766
-0.034821
-0.071411
-0.122101
-0.187744
-0.270569
-0.365723
-0.467926
-0.569122
-0.663513
-0.744659
-0.807831
-0.851379
-0.87149
-0.867584
-0.836884
-0.777191
-0.687317
-0.5672
-0.422699
-0.259155
-0.087433
0.08252
0.236816
0.36731
0.46936
0.541534
0.587982
0.615448
0.630249
0.636078
0.638977
0.638092
0.633667
0.623779
0.605591
0.578339
0.539215
0.489624
0.429962
0.362976
0.291779
0.221222
0.157745
0.104828
0.061859
0.029358
0.002686
-0.022339
-0.053406
-0.095825
-0.152679
-0.22641
-0.316223
-0.417145
-0.52121
-0.621796
-0.712616
-0.787994
-0.843872
-0.877502
-0.886719
-0.869965
-0.82486
-0.748383
-0.641388
-0.503906
-0.344055
-0.170624
0.004791
0.170074
0.313721
0.428528
0.514343
0.571564
0.607513
0.627502
0.637573
0.641479
0.642944
0.642456
0.636139
0.623749
0.60257
0.570099
0.525085
0.470215
0.405792
0.336182
0.26413
0.195557
0.136017
0.087036
0.047852
0.01767
-0.008301
-0.035889
-0.07196
-0.120697
-0.185455
-0.266754
-0.361694
-0.464478
-0.567596
-0.66507
-0.749969
-0.817566
-0.864838
-0.887512
-0.885681
-0.856201
-0.796875
-0.70694
-0.585144
-0.437561
-0.270538
-0.09436
0.079285
0.237274
0.370392
0.473297
0.545746
0.592224
0.61911
0.632446
0.637177
0.636932
0.635162
0.630402
0.61969
0.602203
0.57663
0.539154
0.491608
0.433594
0.368164
0.299042
0.231262
0.169067
0.118164
0.075897
0.042938
0.015442
-0.011078
-0.043945
-0.088287
-0.147552
-0.22464
-0.31778
-0.423157
-0.53299
-0.639435
-0.735138
-0.81427
-0.871735
-0.904877
-0.911346
-0.890442
-0.840149
-0.75946
-0.648407
-0.508118
-0.345703
-0.170685
0.0065
0.174438
0.320343
0.437988
0.524536
0.581299
0.615173
0.632538
0.639221
0.640137
0.639587
0.636871
0.631073
0.618622
0.59787
0.567017
0.523773
0.470337
0.408203
0.34079
0.27124
0.205292
0.148102
0.100952
0.062897
0.032898
0.005249
-0.023895
-0.063019
-0.115051
-0.182709
-0.267914
-0.366669
-0.473083
-0.580017
-0.678864
-0.764252
-0.830475
-0.875092
-0.895172
-0.889771
-0.857513
-0.797058
-0.707367
-0.586884
-0.440582
-0.273499
-0.096893
0.078003
0.238098
0.372711
0.476837
0.549805
0.594604
0.618347
0.62796
0.629913
0.627747
0.625061
0.619415
0.611206
0.596344
0.572968
0.53833
0.492737
0.436554
0.372772
0.306244
0.239471
0.178345
0.126923
0.083649
0.048981
0.019897
-0.008545
-0.042267
-0.085876
-0.14502
-0.221008
-0.314087
-0.419586
-0.529724
-0.637299
-0.734924
-0.81604
-0.87558
-0.91095
-0.918854
-0.898346
-0.848846
-0.767883
-0.656464
-0.514587
-0.350433
-0.172699
0.008514
0.179657
0.327759
0.44693
0.533783
0.588959
0.620575
0.634918
0.638916
0.637115
0.632507
0.627594
0.619934
0.607636
0.587524
0.557281
0.515656
0.464081
0.403198
0.336975
0.27002
0.205933
0.150787
0.106171
0.069672
0.039917
0.012848
-0.016907
-0.055145
-0.10675
-0.174835
-0.261078
-0.361694
-0.471893
-0.582245
-0.686066
-0.775024
-0.844635
-0.891785
-0.91449
-0.910004
-0.878448
-0.817535
-0.725616
-0.602814
-0.452423
-0.28186
-0.102692
0.074677
0.237183
0.374207
0.479645
0.552643
0.596771
0.618286
0.62381
0.620758
0.614258
0.606781
0.599152
0.589294
0.574402
0.552094
0.519592
0.47702
0.425476
0.366089
0.30365
0.241272
0.184357
0.136017
0.096405
0.063477
0.035889
0.008057
-0.026154
-0.072083
-0.134064
-0.21521
-0.312683
-0.424133
-0.539917
-0.652405
-0.752869
-0.835907
-0.897003
-0.930847
-0.936401
-0.912964
-0.859894
-0.775116
-0.660706
-0.516388
-0.349701
-0.168976
0.012848
0.185577
0.334564
0.45343
0.539398
0.593719
0.622559
0.633667
0.633362
0.627991
0.620361
0.614594
0.606873
0.595764
0.577606
0.549927
0.510773
0.461975
0.405151
0.343842
0.280914
0.220123
0.167847
0.124878
0.089355
0.060028
0.033173
0.003845
-0.03595
-0.08902
-0.159119
-0.248413
-0.353027
-0.467438
-0.581421
-0.68869
-0.780365
-0.851379
-0.897644
-0.91806
-0.910919
-0.875641
-0.809509
-0.713013
-0.58725
-0.435333
-0.264404
-0.084595
0.092926
0.255402
0.391693
0.496552
0.567291
0.608704
0.627319
0.630035
0.623444
0.613586
0.604797
0.59491
0.584167
0.570099
0.548676
0.517853
0.476868
0.427399
0.370575
0.310547
0.250916
0.197449
0.151947
0.113678
0.081421
0.053589
0.025391
-0.010101
-0.057892
-0.121552
-0.203125
-0.301178
-0.413025
-0.529633
-0.643616
-0.746002
-0.832184
-0.894836
-0.932678
-0.941742
-0.920654
-0.867828
-0.782288
-0.66571
-0.519531
-0.350433
-0.167725
0.016449
0.190918
0.341827
0.460602
0.545197
0.596954
0.622314
0.629333
0.624695
0.616669
0.608765
0.601074
0.592834
0.581299
0.563171
0.535095
0.496552
0.449066
0.393982
0.333923
0.27301
0.21524
0.16571
0.124573
0.091003
0.06308
0.036957
0.007141
-0.033386
-0.088593
-0.162018
-0.254242
-0.362335
-0.479584
-0.596893
-0.707184
-0.800873
-0.873077
-0.920136
-0.940491
-0.931885
-0.894531
-0.825806
-0.726349
-0.597534
-0.441498
-0.26712
-0.084076
0.096893
0.262238
0.399323
0.504089
0.572693
0.610565
0.624725
0.622833
0.613037
0.602325
0.591278
0.582245
0.572479
0.559204
0.538757
0.509521
0.470551
0.423676
0.370117
0.313232
0.256561
0.205353
0.16272
0.127838
0.097534
0.070557
0.041595
0.004242
-0.046021
-0.112823
-0.198242
-0.300629
-0.415649
-0.534882
-0.651367
-0.755585
-0.841827
-0.903839
-0.939178
-0.946136
-0.923096
-0.86853
-0.781952
-0.665131
-0.519501
-0.350037
-0.166992
0.019196
0.194885
0.348022
0.468506
0.553711
0.604584
0.627716
0.632721
0.626617
0.616455
0.607239
0.600098
0.594116
0.585602
0.570526
0.546173
0.51059
0.465393
0.411682
0.353271
0.292572
0.234528
0.184113
0.143738
0.110535
0.082428
0.055817
0.024261
-0.01886
-0.076874
-0.154053
-0.251038
-0.363586
-0.48465
-0.604034
-0.715302
-0.810394
-0.883789
-0.93219
-0.953552
-0.945801
-0.907684
-0.83786
-0.736877
-0.605316
-0.44693
-0.269501
-0.083557
0.098511
0.265137
0.403381
0.507629
0.575256
0.612518
0.625153
0.621552
0.610535
0.598114
0.587158
0.577484
0.566589
0.55365
0.533813
0.506073
0.467865
0.422607
0.36972
0.314178
0.258209
0.207153
0.163971
0.128357
0.098358
0.070984
0.041962
0.003662
-0.048004
-0.116638
-0.204071
-0.309448
-0.426941
-0.549011
-0.667755
-0.774231
-0.861389
-0.924194
-0.958801
-0.964386
-0.938171
-0.880646
-0.790497
-0.668518
-0.517548
-0.344513
-0.158478
0.028839
0.205109
0.356995
0.475769
0.560059
0.60968
0.632538
0.635712
0.62793
0.615936
0.604126
0.59436
0.585297
0.574432
0.558502
0.533783
0.498871
0.454742
0.402863
0.345947
0.288605
0.233215
0.186279
0.147736
0.11618
0.089111
0.061096
0.027252
-0.018982
-0.081451
-0.162689
-0.263397
-0.378632
-0.501953
-0.62384
-0.736664
-0.832336
-0.90625
-0.952087
-0.969604
-0.95636
-0.910828
-0.833374
-0.725586
-0.589508
-0.427246
-0.247772
-0.060608
0.122375
0.289581
0.427704
0.530579
0.596283
0.630005
0.63858
0.631561
0.617157
0.601746
0.587219
0.574768
0.562988
0.549683
0.531128
0.504456
0.468048
0.423218
0.371246
0.316254
0.262268
0.21405
0.173431
0.139557
0.110413
0.082062
0.049744
0.008331
-0.048431
-0.121948
-0.215027
-0.3255
-0.448425
-0.575287
-0.696045
-0.802673
-0.887573
-0.947296
-0.977905
-0.978882
-0.947144
-0.883362
-0.786133
-0.656952
-0.499542
-0.320465
-0.129639
0.06073
0.238403
0.389282
0.506348
0.586029
0.631104
0.647888
0.645172
0.631073
0.613831
0.598389
0.586212
0.575439
0.563293
0.545654
0.519318
0.483124
0.438446
0.38623
0.329712
0.273438
0.221069
0.176941
0.141357
0.111725
0.085175
0.058105
0.024353
-0.022827
-0.086456
-0.168427
-0.269806
-0.3862
-0.509857
-0.63205
-0.744995
-0.840515
-0.913269
-0.957642
-0.973297
-0.958374
-0.911194
-0.832245
-0.723083
-0.584076
-0.418732
-0.235504
-0.045776
0.137909
0.303192
0.438446
0.536957
0.59848
0.628632
0.633484
0.62262
0.605011
0.587646
0.571594
0.559509
0.549072
0.538574
0.520996
0.496002
0.46048
0.417267
0.367126
0.314514
0.263306
0.21759
0.17926
0.147186
0.119965
0.092682
0.061096
0.01947
-0.038757
-0.115509
-0.21286
-0.327484
-0.454498
-0.584167
-0.707611
-0.815857
-0.901947
-0.96106
-0.99176
-0.99118
-0.957733
-0.890594
-0.789917
-0.657104
-0.496185
-0.314117
-0.120087
0.071167
0.249817
0.400696
0.516754
0.593628
0.634918
0.648468
0.642334
0.625275
0.605316
0.587952
0.574768
0.562683
0.550781
0.534515
0.510406
0.476715
0.435608
0.386414
0.332794
0.278473
0.228271
0.186035
0.153046
0.12619
0.102081
0.075653
0.04129
-0.007904
-0.075714
-0.163025
-0.270874
-0.393646
-0.522461
-0.648651
-0.763153
-0.857636
-0.926788
-0.966553
-0.976501
-0.955902
-0.904785
-0.821869
-0.708344
-0.565948
-0.398376
-0.213623
-0.024231
0.1586
0.321106
0.453186
0.549042
0.607513
0.633636
0.635468
0.62085
0.599884
0.579468
0.562561
0.549896
0.539825
0.53006
0.515198
0.491699
0.458893
0.416809
0.368561
0.317535
0.267822
0.223907
0.187469
0.159058
0.134583
0.109406
0.078461
0.035492
-0.025482
-0.105438
-0.206512
-0.324493
-0.453583
-0.584686
-0.708801
-0.816803
-0.902008
-0.9599
-0.987701
-0.985016
-0.94931
-0.881042
-0.779083
-0.645264
-0.485107
-0.303101
-0.110779
0.080719
0.258789
0.409088
0.524231
0.600159
0.641113
0.653748
0.64621
0.627899
0.606781
0.588867
0.575256
0.564484
0.553558
0.539001
0.516052
0.483002
0.441559
0.392181
0.338409
0.284363
0.234772
0.193146
0.161194
0.134979
0.111359
0.085327
0.050995
0.001617
-0.066956
-0.154297
-0.262726
-0.385162
-0.513672
-0.639648
-0.755066
-0.851898
-0.923859
-0.967804
-0.981659
-0.965149
-0.916962
-0.835266
-0.722229
-0.578003
-0.409393
-0.223053
-0.030304
0.154388
0.32016
0.453644
0.55072
0.609711
0.636017
0.637512
0.623444
0.603302
0.582031
0.566132
0.553741
0.543579
0.532745
0.51709
0.493591
0.461792
0.421326
0.373932
0.322906
0.273773
0.22998
0.19455
0.166504
0.142548
0.117798
0.087372
0.044434
-0.016846
-0.096954
-0.197906
-0.316711
-0.446564
-0.577087
-0.700714
-0.809204
-0.896027
-0.956482
-0.988647
-0.990234
-0.958893
-0.893158
-0.79248
-0.659302
-0.497162
-0.313629
-0.118774
0.073944
0.252289
0.402679
0.517853
0.594208
0.635162
0.647003
0.639587
0.620178
0.600098
0.582245
0.569519
0.560059
0.550171
0.537567
0.516235
0.485107
0.445038
0.396942
0.343658
0.288177
0.237
0.194702
0.162689
0.137573
0.115173
0.090607
0.056885
0.006683
-0.06308
-0.153625
-0.26474
-0.389313
-0.520966
-0.648254
-0.764679
-0.861572
-0.933014
-0.976898
-0.990295
-0.973724
-0.92453
-0.843018
-0.730865
-0.587921
-0.420227
-0.23468
-0.043121
0.141113
0.306366
0.440063
0.53775
0.598297
0.624481
0.62616
0.612579
0.590973
0.571899
0.556793
0.545807
0.537689
0.529266
0.514465
0.491791
0.459351
0.417908
0.36972
0.317352
0.266418
0.221161
0.185364
0.157745
0.134918
0.111877
0.082916
0.041321
-0.018646
-0.098785
-0.199158
-0.317902
-0.447479
-0.579224
-0.702911
-0.81189
-0.899139
-0.959747
-0.991608
-0.992432
-0.960144
-0.894409
-0.793579
-0.662292
-0.502167
-0.321198
-0.128784
0.062531
0.241089
0.393768
0.510498
0.589203
0.63147
0.643768
0.637024
0.619202
0.600037
0.583069
0.570923
0.56131
0.552246
0.53952
0.517853
0.48584
0.445313
0.396271
0.342072
0.286072
0.234772
0.1922
0.160583
0.135681
0.114014
0.090454
0.057312
0.00827
-0.060303
-0.14859
-0.257263
-0.3797
-0.509644
-0.635437
-0.750122
-0.845459
-0.91687
-0.961914
-0.977936
-0.965363
-0.921692
-0.846283
-0.737488
-0.596985
-0.430573
-0.244568
-0.052307
0.134583
0.302734
0.439758
0.540253
0.602325
0.63147
0.634766
0.622009
0.602234
0.582733
0.567169
0.556152
0.547089
0.538391
0.524597
0.50235
0.471832
0.431915
0.384369
0.33194
0.279633
0.232849
0.19458
0.164703
0.140503
0.117035
0.088745
0.048431
-0.010559
-0.089172
-0.188446
-0.306396
-0.436188
-0.568634
-0.694214
-0.805359
-0.894135
-0.956055
-0.989807
-0.992371
-0.962524
-0.899689
-0.802185
-0.672424
-0.51178
-0.329681
-0.134827
0.058746
0.239227
0.391052
0.50708
0.584412
0.626099
0.639435
0.633484
0.616486
0.598083
0.581787
0.570648
0.562012
0.553955
0.542847
0.522858
0.492981
0.453735
0.405762
0.351776
0.295258
0.243317
0.199524
0.166901
0.142303
0.12146
0.098114
0.066986
0.018677
-0.049469
-0.138977
-0.24939
-0.375244
-0.508942
-0.63913
-0.757813
-0.856476
-0.930542
-0.975494
-0.990356
-0.973816
-0.924927
-0.844238
-0.730774
-0.588104
-0.421112
-0.236969
-0.046753
0.136292
0.301544
0.436523
0.536041
0.598267
0.627319
0.632324
0.620728
0.602692
0.584381
0.56839
0.556946
0.547089
0.537537
0.523956
0.502411
0.471436
0.431122
0.381897
0.327881
0.274841
0.226685
0.187866
0.158417
0.134155
0.11142
0.08374
0.043945
-0.014435
-0.092712
-0.191132
-0.307953
-0.435852
-0.566772
-0.691742
-0.802155
-0.891205
-0.953644
-0.986908
-0.98938
-0.960266
-0.899048
-0.803589
-0.675812
-0.519135
-0.34082
-0.148712
0.042725
0.221558
0.374817
0.493286
0.573914
0.617523
0.632874
0.628784
0.613586
0.595123
0.579926
0.569336
0.561859
0.554993
0.544861
0.525848
0.497406
0.45816
0.409943
0.355804
0.29834
0.244171
0.199188
0.164368
0.138763
0.116425
0.092926
0.061188
0.013824
-0.053741
-0.141296
-0.248779
-0.371216
-0.500763
-0.627686
-0.744446
-0.843811
-0.919708
-0.968781
-0.987854
-0.976471
-0.932617
-0.856384
-0.746643
-0.605713
-0.437927
-0.251526
-0.057983
0.128357
0.297272
0.434845
0.536438
0.59964
0.629578
0.634125
0.622437
0.603027
0.584198
0.568176
0.557831
0.550354
0.543701
0.533112
0.513489
0.484192
0.444794
0.396973
0.344147
0.291138
0.242523
0.202606
0.170319
0.143372
0.11734
0.087036
0.045074
-0.014557
-0.093628
-0.192749
-0.309784
-0.438324
-0.56955
-0.694733
-0.805969
-0.89566
-0.958649
-0.99292
-0.995819
-0.966278
-0.901855
-0.80307
-0.672882
-0.513275
-0.33252
-0.139374
0.052155
0.231628
0.384644
0.502686
0.582733
0.62677
0.641876
0.636841
0.620972
0.600739
0.585297
0.573242
0.564056
0.555542
0.544434
0.525299
0.49649
0.457764
0.409821
0.35495
0.29776
0.243561
0.197449
0.160797
0.131683
0.106628
0.080048
0.046112
-0.002441
-0.069885
-0.15683
-0.263489
-0.385254
-0.514465
-0.640564
-0.756775
-0.853668
-0.92627
-0.969757
-0.983246
-0.96637
-0.918732
-0.839722
-0.728821
-0.588379
-0.42276
-0.239288
-0.049744
0.13382
0.300201
0.435913
0.536621
0.599426
0.628906
0.633606
0.621002
0.601105
0.581543
0.566345
0.555847
0.548645
0.542297
0.531433
0.511475
0.481842
0.442688
0.395081
0.342712
0.290131
0.241547
0.2005
0.166321
0.137543
0.110535
0.079559
0.038361
-0.019104
-0.096313
-0.193817
-0.307617
-0.433075
-0.561676
-0.68457
-0.793121
-0.881104
-0.942596
-0.975922
-0.977875
-0.948181
-0.885925
-0.790222
-0.662567
-0.505768
-0.328186
-0.137207
0.052734
0.230225
0.382355
0.499359
0.579742
0.623383
0.638367
0.633942
0.618286
0.600433
0.584503
0.573578
0.565796
0.559174
0.55011
0.532379
0.504517
0.466095
0.41806
0.36319
0.30545
0.250519
0.203125
0.165833
0.135406
0.109283
0.081482
0.047668
-0.000641
-0.06778
-0.155029
-0.26181
-0.38324
-0.511719
-0.637085
-0.751312
-0.846924
-0.919342
-0.965515
-0.981354
-0.967773
-0.922394
-0.84436
-0.733978
-0.592865
-0.427063
-0.24408
-0.053375
0.129486
0.296265
0.432648
0.534515
0.598572
0.629425
0.634521
0.622314
0.601898
0.581085
0.564636
0.553131
0.544739
0.537811
0.526062
0.505859
0.476624
0.437927
0.391022
0.338898
0.286926
0.239044
0.199249
0.166748
0.138733
0.112122
0.081726
0.03952
-0.019165
-0.09729
-0.196533
-0.312836
-0.441376
-0.572784
-0.697571
-0.807098
