flow
1672
1759
1008
830
3816
19060
17760
9905
8168
7708
2879
2807
4887
6079
5215
13600
5274
5353
32700
22470
15200
7363
4054
2683
2723
4564
2139
1731
5468
21220
20770
6196
5917
3306
4778
5210
7341
16060
7656
4355
3932
19220
30600
14280
11060
11120
6729
7515
6200
3521
2361
1918
2380
13900
6319
9571
4833
6387
3526
2095
1325
1362
1095
1302
2099
2284
4102
5287
4791
3347
1561
2719
1486
1489
1482
4456
7014
12010
37970
11440
11760
8545
3183
18810
15300
9101
9907
5813
10450
9919
11380
13770
16480
12600
4579
2320
1978
1713
1584
2309
3111
4956
7455
3955
12740
5107
3632
2456
3270
5211
2797
2516
2220
2488
4494
4239
3681
8457
10630
4254
6535
4304
3144
4521
5536
14920
22820
12890
14720
46810
13740
6908
3732
3461
2566
2324
4630
11960
8308
11940
12780
4273
5500
7612
8020
7940
6473
4255
11360
23350
14780
6725
8872
7180
2309
1625
1470
2761
5468
2683
2731
10940
9610
12770
9430
10240
11950
6558
11390
15460
8586
20420
16990
24940
33480
31360
20870
11330
5276
4650
10520
6280
9124
9158
9294
18170
15450
26420
33660
13860
9522
4400
3444
5511
5665
4920
3650
15510
22040
13300
11890
8036
3046
2436
1431
1746
3151
1426
2812
9733
13200
12100
7316
3000
1735
997.7
967.9
942.4
760.6
532.6
661.1
2273
2536
1709
1022
1479
6162
7594
8646
7320
5133
3365
2544
11350
16140
11480
10930
16730
5951
6943
5923
6110
4805
2963
2932
25830
33810
16460
9225
8532
14050
13930
5140
8103
5756
5451
5669
9577
8213
3761
13330
5075
9458
8624
4943
3837
3482
2047
4019
4827
6781
5712
8136
10450
8936
7296
6814
6752
5782
2877
6841
26130
18700
17890
20890
19520
9496
7617
6791
15110
18150
10980
14360
23320
32260
22250
15540
18430
5870
5354
6862
9932
10320
7455
17080
14940
19450
21530
24560
17050
7217
2574
3901
6304
4169
4790
8561
17110
8663
5487
3384
2267
1646
2219
6393
8094
4332
4582
6289
23410
14270
21320
16200
15680
9119
8549
17200
11760
8725
4907
5087
7940
10850
6856
5591
3687
5165
5848
3123
3155
5651
4656
6978
8236
6332
4715
2230
1363
1160
981.8
1081
1238
1103
1295
1402
4285
3488
2329
1910
1019
872.6
2882
926.3
881.7
663.9
939.4
1212
8193
3578
12620
29230
18060
26300
13050
4324
4015
4147
2803
5639
20420
24460
30850
30490
9166
5682
3456
3044
9342
13570
8875
11870
18310
16190
11850
6007
14540
11540
9293
4774
16080
14860
6329
5939
24890
45840
33030
36630
77320
61750
37270
15020
7948
5750
2542
6439
14570
7143
6274
9799
13710
7827
4802
7574
6017
6499
5181
5544
9265
19290
24550
18470
10070
4323
2630
2693
3678
3043
2302
6891
5991
6111
22070
20310
8349
3359
2317
2038
4710
5595
5545
15110
20430
12600
15140
10880
10530
4794
3323
4160
4299
4011
4704
7485
13330
30460
13690
26330
24380
10510
6267
14470
12460
6473
4174
10610
8769
20800
31890
27720
24750
11140
4116
2557
2312
2078
1353
2363
4144
4219
4826
22310
18290
5020
3076
2448
3007
1852
1842
5718
20240
29450
25860
24680
8631
4570
3293
3503
3107
3574
2592
3134
4378
5788
9773
12190
6653
7969
3939
6074
3698
3234
2141
2103
3694
4031
18460
9403
10650
3156
1730
1340
3377
2948
2139
4077
14330
8582
16520
28170
15380
7590
8198
5005
4949
4851
3544
11560
5739
10500
13780
9104
11560
3849
2444
4465
2804
2750
4058
3647
5676
16720
13820
7040
4184
2775
3687
