ima22.s
0
0
-0.005685639
2.124038
2.153365
4.066176
5.848287
7.442235
8.605966
9.438591
13.33408
14.22097
16.73831
17.18395
18.47024
21.09578
20.39388
23.70495
22.94677
25.23211
24.91432
28.03805
27.09603
28.57272
28.38961
29.37257
29.75044
29.72559
29.79664
28.63386
29.63282
29.42477
28.81244
27.12989
28.38869
27.65351
27.4507
27.38048
26.70305
27.85577
29.63611
28.83972
29.33122
31.57468
29.07554
30.47761
29.64783
29.04762
30.14535
27.62089
27.69595
25.52856
26.03314
22.12610
20.65046
18.70578
17.27816
15.45383
16.03175
16.66372
16.59909
18.24697
