ma1.1.s
0.1824901
-0.7478227
-0.3551242
1.014035
-2.363255
2.266259
-0.8432728
-0.03559405
-0.6635782
0.711142
1.921935
-1.264953
0.1866514
-1.218727
1.492379
-1.621567
0.4661442
1.419132
-0.7099177
0.5107706
0.7541254
-1.954535
-0.9732418
-0.1998859
3.243036
-2.106235
1.053862
0.05378167
-0.7132221
0.957953
1.466148
0.07204015
-0.2118257
-1.21493
0.2623442
-0.766156
-1.370372
3.263579
-1.565159
1.10529
-3.396018
1.082057
1.891380
0.01102523
0.6917229
-2.727755
1.839192
0.07252473
-1.831668
0.6357329
2.43404
-1.699333
0.3034316
-0.987473
0.8818326
0.4410129
0.2017412
1.403649
-4.277502
2.261842
-1.477164
1.761581
1.09199
-2.017846
-1.304186
2.537279
0.794163
-0.917285
-1.760841
1.22072
-0.8338034
-0.3431684
3.274929
-0.6947554
-0.319834
-0.02208248
-1.555173
1.206635
0.592635
-0.2737495
0.4622988
-1.243198
2.751043
-1.258179
0.9930006
-1.008347
-0.9127916
0.8136818
0.3419987
-1.706285
0.01242882
2.656521
-2.090072
-0.6279955
1.569902
-1.123642
2.612259
-2.541745
-0.1547289
0.8490174
-1.357756
1.463020
-1.704932
1.333364
-0.6630239
0.1708371
1.836555
-1.848532
0.7243535
-1.519183
-0.2169037
2.452895
0.1841137
-1.268062
-0.4324114
0.4024272
0.6757989
1.614028
-2.031019
1.606979
