ma1.2.s
1.511458
1.820892
0.95662
-1.537937
-2.888307
-0.5035062
-1.081957
-3.107226
0.5657636
2.361628
1.320165
-0.7122708
1.589595
1.342296
-1.954245
-0.2410886
0.7312068
-0.3063173
-1.520583
-2.319953
-1.759043
-2.036043
-1.334877
0.5544397
-1.061139
-0.5429098
1.660701
0.9451029
-1.494506
-0.9089976
0.6888403
-0.630744
-0.8344724
-0.3487084
1.473495
1.185113
-0.2420969
-0.5895749
-1.073151
-0.1357234
0.03086209
-0.6995102
-1.425363
-1.173272
0.3804331
-0.6701027
0.6484776
1.564203
0.1786086
1.527121
1.248547
0.8570473
-0.9605488
-1.051455
2.916405
2.63656
0.5764057
-1.622053
-2.545881
-0.8696102
-0.4495277
0.765533
1.832808
0.8103358
1.522523
1.682494
0.1658049
-0.6560265
0.09153058
-0.01601611
0.3321284
1.009066
1.581078
1.977635
1.569451
0.3222064
-0.845986
-0.3887923
-1.424171
-1.921791
-0.3228119
1.277532
1.783875
0.8534258
-1.647022
-0.9222948
0.6778265
0.01066011
0.9228904
0.03350485
-1.054905
1.812826
1.248070
-0.2347849
0.944345
-1.127938
-3.684608
-1.852218
0.9298728
-1.509005
-2.21123
-0.4039531
1.549428
2.284467
0.3957401
-0.1761885
1.545081
1.457997
0.1480002
-0.7086673
-0.5347753
0.4152283
1.129573
0.3338143
0.337275
0.04080074
0.0501091
0.8132348
-0.4765787
-1.197470
