milk
1343
1236
1401
1396
1457
1388
1389
1369
1318
1354
1312
1370
1404
1295
1453
1427
1484
1421
1414
1375
1331
1364
1320
1380
1415
1348
1469
1441
1479
1398
1400
1382
1342
1391
1350
1418
1433
1328
1500
1474
1529
1471
1473
1446
1377
1416
1369
1438
1466
1347
1515
1501
1556
1477
1468
1443
1386
1446
1407
1489
1518
1404
1585
1554
1610
1516
1498
1487
1445
1491
1459
1538
1579
1506
1632
1593
1636
1547
1561
1525
1464
1511
1459
1519
1549
1431
1599
1571
1632
1555
1552
1520
1472
1522
1485
1549
1591
1472
1654
1621
1678
1587
1578
1570
1497
1539
1496
1575
1615
1489
1666
1627
1671
1596
1597
1571
1511
1561
1517
1596
1624
1531
1661
1636
1692
1607
1623
1601
1533
1583
1531
1610
1643
1522
1707
1690
1760
1690
1683
1671
1599
1637
1592
1663
