prescrip
14.5471
14.6721
14.8016
14.6125
14.2967
14.325
14.6231
15.1362
15.22
15.7592
16.0724
16.1126
16.1826
16.4537
15.9885
16.1646
16.6733
16.5005
16.8483
16.5935
17.4391
17.9894
17.8031
18.5141
18.818
19.2117
18.965
18.7972
19.1667
18.9739
18.5933
19.3313
20.1503
20.9867
21.1868
21.8878
21.8578
22.4741
22.1601
21.9503
21.9989
21.8922
22.2364
23.0349
23.4658
24.6513
24.7339
25.287
25.3264
25.7877
25.1988
25.41
25.29
24.5715
24.2925
25.4905
26.1685
27.0857
27.4766
28.2164
27.9908
28.1535
27.5391
27.9092
26.8256
27.9715
29.4773
30.6624
