tuba
0.217194
0.208801
0.200439
0.195251
0.196472
0.205078
0.221283
0.243378
0.267578
0.29184
0.311188
0.321106
0.317596
0.298615
0.265076
0.219238
0.166107
0.108887
0.052338
-0.000488
-0.046936
-0.085693
-0.115082
-0.135071
-0.142944
-0.139374
-0.124512
-0.099701
-0.068054
-0.034241
-0.001892
0.024811
0.044769
0.05719
0.063782
0.066071
0.065643
0.064728
0.06366
0.062897
0.063354
0.066437
0.072968
0.084229
0.100037
0.119751
0.141785
0.164032
0.184448
0.202271
0.216034
0.224335
0.227173
0.225067
0.218872
0.207886
0.192688
0.174896
0.154144
0.131714
0.109131
0.087585
0.067902
0.049957
0.029846
0.004852
-0.026886
-0.067688
-0.118469
-0.178162
-0.245514
-0.319366
-0.39624
-0.470612
-0.53418
-0.58374
-0.616089
-0.632019
-0.631836
-0.614807
-0.582367
-0.533783
-0.472076
-0.397766
-0.312622
-0.222137
-0.129822
-0.04007
0.040833
0.108704
0.161102
0.196625
0.217407
0.223572
0.220428
0.212219
0.203156
0.19632
0.194611
0.19986
0.212769
0.232361
0.25589
0.279236
0.29834
0.309448
0.307587
0.290985
0.259949
0.216492
0.164581
0.108521
0.052734
0.000336
-0.045959
-0.085358
-0.116577
-0.138031
-0.148224
-0.147247
-0.134583
-0.112579
-0.082916
-0.050262
-0.019104
0.007996
0.028717
0.042542
0.049194
0.051117
0.050385
0.048309
0.046143
0.044373
0.043732
0.04538
0.050323
0.060883
0.076813
0.096436
0.118835
0.141968
0.164093
0.183777
0.199219
0.209381
0.2146
0.214508
0.209595
0.200928
0.187012
0.169952
0.149902
0.12796
0.105469
0.084656
0.06543
0.047577
0.027649
0.003143
-0.027985
-0.068451
-0.117889
-0.176971
-0.242981
-0.314636
-0.390289
-0.464783
-0.531738
-0.584381
-0.621521
-0.641266
-0.644226
-0.628723
-0.596436
-0.547394
-0.484772
-0.409668
-0.324371
-0.233185
-0.139648
-0.048737
0.034515
0.105042
0.160034
0.197845
0.219696
0.226318
0.222748
0.213806
0.203552
0.195404
0.192871
0.19754
0.210785
0.230682
0.254578
0.280151
0.30246
0.3172
0.320648
0.30838
0.281311
0.240112
0.189545
0.133179
0.075226
0.019867
-0.030121
-0.072632
-0.106262
-0.13092
-0.144196
-0.145874
-0.136475
-0.116669
-0.088196
-0.055542
-0.022858
0.006104
0.028961
0.044281
0.052551
0.055359
0.054626
0.053436
0.05188
0.050598
0.05014
0.052277
0.057068
0.066467
0.080566
0.098846
0.120911
0.144562
0.167999
0.188751
0.205658
0.217468
0.223877
0.224396
0.220428
0.211823
0.198792
0.181213
0.160431
0.136749
0.112122
0.088501
0.067078
0.046997
0.02597
0.00177
-0.028351
-0.066528
-0.114075
-0.170776
-0.235718
-0.307434
-0.383331
-0.459717
-0.528229
-0.583313
-0.621735
-0.642609
-0.645355
-0.630585
-0.599274
-0.552643
-0.492432
-0.419952
-0.337006
-0.248047
-0.156372
-0.065765
0.018799
0.090851
0.147858
0.187347
0.210968
0.219757
0.217987
0.210297
0.201294
0.193481
0.190552
0.194702
0.206207
0.225067
0.249084
0.275055
0.2995
0.316833
0.323212
0.314056
0.289398
0.250397
0.200867
0.144867
0.087219
0.031738
-0.018219
-0.060577
-0.09491
-0.11969
-0.134216
-0.13739
-0.129852
-0.111053
-0.083801
-0.051483
-0.018494
0.010986
0.035248
0.05188
0.061005
0.064758
0.064697
0.06311
0.061432
0.059296
0.058533
0.059357
0.063263
0.07135
0.084961
0.102966
0.12442
0.147583
0.169769
0.190094
0.20694
0.219116
0.225769
0.226501
0.222504
0.214783
0.202271
0.185852
0.166351
0.145477
0.123871
0.103119
0.08371
0.065002
0.045013
0.021515
-0.008545
-0.046906
-0.094086
-0.150635
-0.215088
-0.285614
-0.360535
-0.436584
-0.506531
-0.565125
-0.60965
-0.636322
-0.646576
-0.637604
-0.610199
-0.565399
-0.505768
-0.433838
-0.349976
-0.260071
-0.166931
-0.074677
0.01181
0.085785
0.145111
0.187134
0.213104
0.223541
0.221924
0.213531
0.202454
0.192535
0.187531
0.189545
0.19986
0.218048
0.241577
0.267578
0.291748
0.309662
0.315826
0.307953
0.284821
0.248108
0.199677
0.144135
0.08609
0.029724
-0.022461
-0.068268
-0.106415
-0.135132
-0.153839
-0.160156
-0.154663
-0.138123
-0.112885
-0.080994
-0.048401
-0.01825
0.006531
0.024384
0.035522
0.040222
0.041168
0.040588
0.039825
0.039307
0.039551
0.041077
0.045685
0.054199
0.068085
0.086426
0.107544
0.131409
0.154633
0.175995
0.193237
0.206299
0.213684
0.215332
0.212433
0.205139
0.193298
0.177856
0.158905
0.138062
0.115967
0.093201
0.071228
0.050232
0.028625
0.00415
-0.025848
-0.063782
-0.109985
-0.166321
-0.230835
-0.301666
-0.376373
-0.451996
-0.521057
-0.577881
-0.619263
-0.643646
-0.651184
-0.641846
-0.61554
-0.573395
-0.517365
-0.448761
-0.368347
-0.280365
-0.188293
-0.095642
-0.008179
0.068726
0.130585
0.175659
0.203857
0.217163
0.217499
0.210083
0.199646
0.190552
0.185547
0.187561
0.19751
0.215668
0.239227
0.265472
0.29068
0.310974
0.320892
0.316071
0.295349
0.26001
0.213104
0.158173
0.099701
0.042664
-0.01004
-0.056274
-0.095215
-0.125183
-0.144928
-0.15329
-0.149384
-0.134247
-0.10968
-0.077087
-0.042786
-0.010834
0.015656
0.035156
0.047668
0.052399
0.053162
0.051483
0.049683
0.047668
0.046997
0.047485
0.051178
0.058716
0.070923
0.088745
0.110626
0.135254
0.159485
0.182465
0.200989
0.215088
0.223511
0.225433
0.22171
0.21283
0.198578
0.180634
0.159729
0.136139
0.111847
0.088501
0.066772
0.046173
0.026031
0.002838
-0.025543
-0.060913
-0.104889
-0.158173
-0.220032
-0.288757
-0.362671
-0.43869
-0.51004
-0.569946
-0.615662
-0.644714
-0.656769
-0.651672
-0.629059
-0.588684
-0.533966
-0.466278
-0.385895
-0.297577
-0.204285
-0.109741
-0.019012
0.060974
0.127014
0.175323
0.207001
0.223267
0.226257
0.22113
0.212067
0.203339
0.197113
0.197021
0.204285
0.21933
0.240356
0.264282
0.2883
0.307465
0.317322
0.313599
0.294403
0.260864
0.215424
0.161743
0.104645
0.048096
-0.004486
-0.051605
-0.090973
-0.122589
-0.144623
-0.154785
-0.152924
-0.139282
-0.114105
-0.081482
-0.046143
-0.012909
0.014526
0.034698
0.047546
0.053284
0.053802
0.052307
0.049927
0.048065
0.04599
0.045013
0.046509
0.052643
0.063507
0.079407
0.100555
0.125366
0.151428
0.175995
0.197357
0.214081
0.225647
0.230896
0.230347
0.224243
0.212891
0.195984
0.174896
0.149719
0.122253
0.093475
0.066437
0.04129
0.017334
-0.007599
-0.036072
-0.069977
-0.112518
-0.163788
-0.224182
-0.29126
-0.36377
-0.438599
-0.509735
-0.570587
-0.616241
-0.645691
-0.656799
-0.649963
-0.624084
-0.582397
-0.526672
-0.458618
-0.379578
-0.292328
-0.200562
-0.107574
-0.016998
0.064331
0.130707
0.180634
0.212555
0.228546
0.230255
0.222015
0.209534
0.195709
0.185577
0.182037
0.187286
0.201538
0.223175
0.248657
0.274963
0.296814
0.309875
0.309448
0.292999
0.260895
0.21582
0.161896
0.103058
0.043976
-0.011414
-0.060028
-0.101624
-0.133667
-0.156006
-0.16687
-0.165314
-0.152771
-0.128662
-0.096619
-0.060303
-0.026031
0.003998
0.027039
0.042389
0.050354
0.052521
0.051544
0.049438
0.047211
0.045441
0.044617
0.046692
0.05249
0.063599
0.080353
0.101227
0.125061
0.150787
0.175018
0.196899
0.213837
0.225128
0.230103
0.228363
0.221558
0.208893
0.191559
0.17099
0.147461
0.122559
0.098511
0.075348
0.053589
0.032867
0.010498
-0.016479
-0.049225
-0.090759
-0.142059
-0.202332
-0.269989
-0.343475
-0.419952
-0.492737
-0.555267
-0.604645
-0.637451
-0.653015
-0.650757
-0.630157
-0.590607
-0.536377
-0.468597
-0.388397
-0.299713
-0.20697
-0.112671
-0.022064
0.059479
0.126831
0.177185
0.210876
0.228088
0.23111
0.223846
0.211609
0.198761
0.189056
0.185028
0.189911
0.203674
0.224823
0.250214
0.276428
0.299194
0.31366
0.315521
0.301727
0.272552
0.229858
0.177704
0.120422
0.061646
0.006317
-0.043579
-0.086273
-0.121063
-0.145844
-0.159271
-0.160431
-0.149536
-0.126831
-0.096039
-0.060181
-0.025665
0.00473
0.02774
0.042969
0.051544
0.054169
0.053925
0.05249
0.051239
0.050293
0.050415
0.052643
0.05838
0.069275
0.085999
0.107178
0.131958
0.158173
0.183716
0.206238
0.223907
0.236786
0.243134
0.243805
0.23938
0.229614
0.214905
0.195923
0.173248
0.14743
0.121704
0.096893
0.073975
0.052917
0.031036
0.005432
-0.026337
-0.066498
-0.116333
-0.175659
-0.243317
-0.317078
-0.393646
-0.467468
-0.53241
-0.583313
-0.617889
-0.635468
-0.63678
-0.61972
-0.585175
-0.535645
-0.472046
-0.395477
-0.309601
-0.217499
-0.12381
-0.032104
0.051239
0.121429
0.175415
0.211975
0.232117
0.237976
0.232483
0.221375
0.208313
0.197876
0.192444
0.196045
0.208801
0.229523
0.25473
0.281616
0.30545
0.321777
0.325439
0.313629
0.286041
0.245056
0.194092
0.137329
0.079498
0.024139
-0.026276
-0.070435
-0.105652
-0.131653
-0.147034
-0.150177
-0.140747
-0.120209
-0.090668
-0.055664
-0.020813
0.010193
0.034485
0.051422
0.061005
0.064941
0.065582
0.065186
0.065033
0.064758
0.065094
0.06723
0.072632
0.081909
0.096313
0.115509
0.13855
0.16391
0.188232
0.210114
0.22879
0.241699
0.249023
0.250732
0.24762
0.239502
0.225677
0.207947
0.185638
0.160095
0.133209
0.107452
0.083557
0.061523
0.039551
0.015503
-0.013916
-0.050568
-0.096283
-0.152039
-0.216156
-0.28656
-0.361816
-0.43573
-0.501526
-0.55426
-0.591248
-0.612091
-0.616821
-0.605103
-0.576447
-0.532135
-0.474152
-0.402557
-0.319183
-0.229401
-0.13504
-0.041077
0.047241
0.123108
0.182709
0.224792
0.250458
0.26062
0.258331
0.249023
0.237061
0.225922
0.219391
0.219849
0.228973
0.24585
0.268585
0.29361
0.316956
0.333557
0.338837
0.329163
0.303802
0.263702
0.213867
0.157318
0.098724
0.042419
-0.009613
-0.055664
-0.093475
-0.122772
-0.141235
-0.14679
-0.140289
-0.121643
-0.092468
-0.057312
-0.021545
0.009491
0.034485
0.050903
0.059906
0.063507
0.063202
0.061371
0.059448
0.057861
0.056763
0.057739
0.06134
0.069824
0.083344
0.101776
0.124268
0.148956
0.173798
0.196594
0.215698
0.230408
0.239624
0.241974
0.239258
0.231384
0.217865
0.199677
0.178223
0.153625
0.128387
0.104156
0.081665
0.06131
0.041046
0.017517
-0.010834
-0.047363
-0.093048
-0.148773
-0.211792
-0.282257
-0.356964
-0.432526
-0.50119
-0.557648
-0.598877
-0.623199
-0.629425
-0.616577
-0.585693
-0.537292
-0.474487
-0.398804
-0.312622
-0.220276
-0.125031
-0.029999
0.058197
0.13382
0.192841
0.234406
0.258392
0.266663
0.262451
0.250946
0.236359
0.222931
0.213623
0.212067
0.219696
0.235901
0.25824
0.28418
0.308868
0.328125
0.337433
0.332581
0.311798
0.277069
0.230652
0.175629
0.117828
0.061401
0.009399
-0.036652
-0.074585
-0.104004
-0.121948
-0.128357
-0.123199
-0.106842
-0.080292
-0.047577
-0.013794
0.017914
0.04361
0.062042
0.073029
0.077026
0.076874
0.074463
0.071442
0.068176
0.065002
0.064575
0.066467
0.073029
0.084991
0.102081
0.123352
0.147308
0.171295
0.193604
0.212891
0.227509
0.236664
0.240021
0.239014
0.233459
0.222107
0.206329
0.186676
0.163513
0.138489
0.113525
0.089172
0.066132
0.043091
0.01709
-0.014282
-0.052734
-0.098999
-0.154846
-0.218323
-0.288147
-0.363464
-0.43808
-0.506195
-0.563171
-0.605225
-0.629669
-0.637329
-0.626312
-0.597107
-0.551147
-0.491974
-0.419403
-0.33551
-0.245026
-0.15155
-0.057465
0.031219
0.108063
0.169342
0.212524
0.238312
0.248596
0.245392
0.233948
0.219604
0.205872
0.196472
0.194427
0.201691
0.216949
0.239532
0.26532
0.290283
0.30957
0.318359
0.313202
0.292358
0.257843
0.211395
0.157654
0.100067
0.04364
-0.008698
-0.055237
-0.094238
-0.123932
-0.142853
-0.14978
-0.144653
-0.127869
-0.1008
-0.066437
-0.030914
0.001678
0.028564
0.048065
0.059662
0.065063
0.065796
0.064545
0.06308
0.061737
0.060364
0.061218
0.064789
0.072876
0.086273
0.105072
0.127563
0.1521
0.176758
0.19931
0.21759
0.231537
0.240082
0.241669
0.238525
0.230286
0.217621
0.201691
0.181854
0.159485
0.135895
0.113251
0.092255
0.073914
0.056793
0.03653
0.010864
-0.021149
-0.063416
-0.116302
-0.177979
-0.246948
-0.321686
-0.397217
-0.467468
-0.525696
-0.569916
-0.597565
-0.609497
-0.605133
-0.583618
-0.546478
-0.495392
-0.429993
-0.352448
-0.265747
-0.174042
-0.081085
0.008514
0.087708
0.152527
0.200287
0.23053
0.245148
0.246368
0.238281
0.226837
0.214661
0.205688
0.203674
0.20929
0.223419
0.24408
0.268585
0.292511
0.312317
0.322479
0.320007
0.301575
0.268616
0.22403
0.170776
0.114685
0.058838
0.006378
-0.0401
-0.07962
-0.111053
-0.132751
-0.142426
-0.139893
-0.125397
-0.100464
-0.06839
-0.033813
-0.002258
0.024323
0.043335
0.054962
0.059875
0.060211
0.057953
0.055603
0.05304
0.050415
0.048767
0.050262
0.055756
0.066681
0.083252
0.104126
0.12793
0.152466
0.175873
0.196198
0.212891
0.224792
0.230682
0.231384
0.226288
0.215698
0.200195
0.180267
0.156891
0.131622
0.106934
0.084686
0.064209
0.04483
0.024323
-0.001495
-0.033997
-0.075409
-0.126923
-0.187531
-0.255554
-0.32962
-0.406616
-0.479706
-0.541534
-0.588501
-0.618835
-0.633118
-0.630432
-0.611176
-0.575623
-0.525665
-0.462006
-0.384979
-0.299042
-0.206909
-0.112518
-0.020752
0.0625
0.131256
0.183258
0.217957
0.237
0.241791
0.236542
0.22641
0.215393
0.206268
0.202942
0.207306
0.219788
0.238831
0.262299
0.28595
0.306152
0.317993
0.316406
0.300079
0.268616
0.225616
0.173584
0.11734
0.061432
0.008881
-0.037781
-0.077148
-0.108276
-0.129974
-0.14032
-0.138275
-0.124969
-0.10144
-0.070007
-0.035828
-0.00235
0.025909
0.046814
0.060547
0.066559
0.067444
0.065063
0.061646
0.057434
0.053436
0.05069
0.050568
0.05481
0.063965
0.079132
0.099518
0.12323
0.148529
0.173584
0.19516
0.21225
0.22464
0.231171
0.232513
0.229675
0.221375
0.207214
0.188141
0.164703
0.137604
0.110107
0.084503
0.061127
0.040222
0.018372
-0.007141
-0.037537
-0.076355
-0.124084
-0.179596
-0.242493
-0.311096
-0.383789
-0.455505
-0.519257
-0.570282
-0.607208
-0.62738
-0.629669
-0.612885
-0.578766
-0.528961
-0.464691
-0.388519
-0.302521
-0.211182
-0.117493
-0.026001
0.055908
0.125031
0.177643
0.213165
0.232056
0.236633
0.230713
0.219238
0.206573
0.196136
0.191925
0.19632
0.209137
0.22937
0.253937
0.279266
0.301453
0.315826
0.317596
0.304016
0.274933
0.233307
0.181641
0.124023
0.065826
0.010712
-0.038452
-0.079926
-0.11203
-0.134369
-0.144928
-0.143494
-0.130432
-0.106506
-0.07489
-0.039825
-0.006195
0.022919
0.044891
0.058563
0.065338
0.065826
0.063904
0.060211
0.057068
0.052826
0.051147
0.051575
0.056763
0.067139
0.083435
0.104736
0.129059
0.155396
0.181091
0.203857
0.223022
0.236023
0.24353
0.244171
0.238831
0.227936
0.212311
0.192047
0.168365
0.142426
0.116333
0.092102
0.069244
0.048309
0.025818
0.000671
-0.030426
-0.06958
-0.118561
-0.176056
-0.241272
-0.312866
-0.388214
-0.462311
-0.527466
-0.57959
-0.617035
-0.63681
-0.638672
-0.621185
-0.584503
-0.532043
-0.465973
-0.387054
-0.299683
-0.20752
-0.114655
-0.023865
0.058533
0.127869
0.180298
0.21463
0.232513
0.234924
0.225525
0.211487
0.195679
0.182831
0.176086
0.178436
0.190613
0.210602
0.236237
0.263092
0.287872
0.305664
0.310852
0.30072
0.274841
0.234741
0.183807
0.126617
0.06842
0.011963
-0.038757
-0.081909
-0.116394
-0.141266
-0.153717
-0.153656
-0.141785
-0.118683
-0.086761
-0.051819
-0.016937
0.013275
0.037018
0.053345
0.062317
0.065765
0.065552
0.063843
0.061859
0.060242
0.059082
0.059967
0.064667
0.074188
0.08963
0.109467
0.132538
0.15741
0.181732
0.203003
0.220459
0.233154
0.239807
0.240417
0.235718
0.226746
0.212402
0.19458
0.172424
0.148102
0.123505
0.098602
0.074585
0.052246
0.028198
0.000854
-0.032074
-0.071655
-0.120941
-0.178406
-0.243286
-0.314606
-0.388947
-0.460571
-0.523438
-0.572571
-0.606415
-0.623627
-0.623596
-0.605591
-0.569733
-0.51947
-0.456299
-0.380493
-0.296265
-0.206665
-0.11499
-0.025604
0.055939
0.124542
0.176331
0.21109
0.229919
0.233459
0.226501
0.213745
0.200012
0.188538
0.182953
0.185333
0.197021
0.215851
0.23996
0.266266
0.29007
0.306732
0.311798
0.301056
0.27475
0.234955
0.184418
0.127625
0.069031
0.012848
-0.038086
-0.082367
-0.11795
-0.144012
-0.1586
-0.160461
-0.150177
-0.128143
-0.09729
-0.062073
-0.027069
0.003296
0.027557
0.043671
0.053436
0.057495
0.057953
0.057068
0.056305
0.055969
0.055511
0.056946
0.060516
0.068146
0.080444
0.097229
0.118561
0.141357
0.16394
0.184479
0.20105
0.213562
0.220215
0.221405
0.217773
0.20874
0.193542
0.174805
0.151398
0.124847
0.097931
0.071747
0.046936
0.023773
0.000183
-0.025787
-0.056854
-0.094727
-0.14209
-0.197479
-0.259491
-0.328888
-0.40097
-0.470245
-0.531494
-0.580902
-0.61496
-0.633423
-0.634888
-0.618408
-0.583496
-0.534546
-0.472595
-0.397675
-0.313934
-0.223602
-0.130127
-0.037476
0.048248
0.121338
0.178467
0.217682
0.239532
0.246185
0.240845
0.228912
0.215363
0.203156
0.196045
0.196625
0.206055
0.224091
0.246826
0.272461
0.296448
0.313568
0.318909
0.309052
0.283386
0.244324
0.194733
0.139526
0.082184
0.027283
-0.023254
-0.068481
-0.105957
-0.133636
-0.150726
-0.155548
-0.147766
-0.128113
-0.097748
-0.061859
-0.025574
0.006409
0.032074
0.049622
0.059204
0.062683
0.062378
0.061249
0.060181
0.058502
0.057129
0.056152
0.057495
0.062286
0.073151
0.089478
0.110229
0.134552
0.159149
0.181305
0.200226
0.215729
0.22583
0.230377
0.229218
0.222717
0.2099
0.190948
0.16745
0.139923
0.109955
0.080292
0.052551
0.026611
0.001251
-0.025909
-0.058044
-0.096283
-0.142761
-0.197998
-0.260803
-0.329254
-0.401733
-0.471497
-0.532196
-0.580902
-0.615112
-0.634186
-0.636078
-0.621033
-0.587524
-0.539154
-0.477875
-0.402588
-0.31839
-0.227844
-0.134399
-0.041565
0.044189
0.117584
0.174316
0.213776
0.23645
0.2435
0.238129
0.225525
0.210693
0.196747
0.187622
0.186646
0.195618
0.212494
0.236572
0.263824
0.29007
0.309692
0.317963
0.310333
0.286346
0.247772
0.197662
0.140137
0.080536
0.022583
-0.030151
-0.076569
-0.115112
-0.144318
-0.162109
-0.166595
-0.158142
-0.136841
-0.104706
-0.066467
-0.027466
0.007721
0.036285
0.056366
0.068726
0.074524
0.075195
0.074219
0.07193
0.069183
0.065857
0.063477
0.063721
0.068146
0.078094
0.093811
0.11496
0.13913
0.163452
0.185425
0.203949
0.217804
0.226715
0.230011
0.227753
0.220459
0.207611
0.189636
0.166321
0.139069
0.110199
0.081421
0.053833
0.027466
0.000793
-0.028137
-0.060974
-0.100037
-0.147186
-0.202759
-0.265656
-0.334015
-0.405396
-0.474854
-0.536072
-0.585449
-0.620483
-0.640045
-0.642426
-0.626312
-0.592072
-0.542145
-0.478546
-0.402466
-0.316925
-0.226196
-0.132538
-0.039764
0.046082
0.119812
0.176544
0.215912
0.238403
0.245453
0.240021
0.226501
0.210602
0.195282
0.184509
0.182404
0.190582
0.207977
0.23233
0.260345
0.286896
0.307434
0.316254
0.310394
0.288666
0.252167
0.204254
0.148438
0.089264
0.031036
-0.023499
-0.072205
-0.112549
-0.143219
-0.161316
-0.166412
-0.15744
-0.135773
-0.103851
-0.066376
-0.028076
0.006622
0.034302
0.054504
0.066284
0.07196
0.072601
0.071259
0.068481
0.06546
0.062347
0.060364
0.060364
0.064972
0.075439
0.091766
0.113281
0.137665
0.162567
0.185791
0.20517
0.220764
0.230774
0.234589
0.233185
0.226105
0.212311
0.193237
0.168884
0.139984
0.110321
0.081329
0.052551
0.025269
-0.000519
-0.028839
-0.060608
-0.098572
-0.145294
-0.200623
-0.263092
-0.331665
-0.403961
-0.473572
-0.53479
-0.584564
-0.620026
-0.638916
-0.641113
-0.623932
-0.587555
-0.536224
-0.471008
-0.393188
-0.307587
-0.216766
-0.123291
-0.031586
0.05304
0.125061
0.180695
0.218781
0.240662
0.246185
0.240021
0.226654
0.210754
0.195404
0.184875
0.182098
0.189514
0.205963
0.22876
0.254913
0.280273
0.298706
0.30545
0.29718
0.273682
0.236206
0.187958
0.132324
0.073883
0.016388
-0.038025
-0.086884
-0.127411
-0.157898
-0.175995
-0.180969
-0.171783
-0.149963
-0.117889
-0.079681
-0.041138
-0.00647
0.022308
0.043488
0.056702
0.064209
0.067078
0.06781
0.067963
0.066254
0.064575
0.063232
0.06485
0.070068
0.081482
0.097626
0.118561
0.141418
0.165009
0.186737
0.205719
0.221069
0.231842
0.237366
0.237518
0.232056
0.221039
0.203857
0.180481
0.15213
0.122955
0.09256
0.063995
0.036133
0.009094
-0.019012
-0.050842
-0.088776
-0.134338
-0.188202
-0.249725
-0.317871
-0.389374
-0.458221
-0.518463
-0.56604
-0.599121
-0.617584
-0.619781
-0.604553
-0.572205
-0.525085
-0.465118
-0.392273
-0.310669
-0.222778
-0.130524
-0.039398
0.045044
0.118347
0.175385
0.215424
0.237915
0.245422
0.240234
0.2276
0.21225
0.197266
0.186676
0.184143
0.191315
0.207153
0.230133
0.256836
0.282043
0.300446
0.306885
0.298676
0.275177
0.237823
0.189209
0.133575
0.07547
0.018616
-0.034546
-0.081696
-0.121033
-0.151215
-0.169769
-0.175201
-0.167419
-0.14624
-0.114594
-0.076996
-0.0383
-0.004242
0.023865
0.044647
0.057312
0.063721
0.066711
0.067383
0.066895
0.065125
0.06311
0.062408
0.063141
0.068237
0.078461
0.094635
0.115234
0.138184
0.161835
0.183167
0.201508
0.21582
0.226166
0.230927
0.23114
0.226501
0.216034
0.198944
0.176025
0.148651
0.118896
0.088379
0.059265
0.031799
0.004425
-0.024689
-0.058044
-0.09726
-0.14447
-0.200531
-0.263184
-0.332672
-0.404755
-0.473145
-0.532806
-0.580048
-0.612457
-0.629089
-0.629761
-0.612854
-0.579041
-0.531464
-0.470428
-0.396118
-0.312439
-0.222473
-0.12796
-0.034668
0.052277
0.127808
0.187012
0.228973
0.253448
0.261902
0.257416
0.245239
0.228638
0.212341
0.200592
0.196198
0.201233
0.214813
0.235229
0.259338
0.281982
0.298615
0.304352
0.296051
0.273468
0.237885
0.19101
0.137543
0.081299
0.026489
-0.025208
-0.071533
-0.110931
-0.140839
-0.15979
-0.166473
-0.159088
-0.139526
-0.108978
-0.072174
-0.033539
0.00119
0.029449
0.050873
0.06427
0.070709
0.072937
0.073029
0.071136
0.068298
0.064484
0.061737
0.061462
0.064484
0.07312
0.087677
0.106903
0.129303
0.152405
0.175293
0.195435
0.212708
0.225861
0.233337
0.235626
0.231781
0.221069
0.204285
0.181244
0.152954
0.121704
0.090027
0.059326
0.030975
0.003418
-0.025269
-0.057495
-0.09549
-0.141663
-0.195709
-0.256927
-0.324341
-0.395203
-0.463226
-0.523895
-0.574158
-0.610474
-0.63089
-0.634521
-0.619293
-0.585052
-0.535339
-0.47113
-0.394714
-0.309753
-0.219482
-0.126038
-0.033661
0.051483
0.126282
0.184387
0.225647
0.248901
0.256378
0.250671
0.23703
0.219757
0.203308
0.192169
0.189453
0.196503
0.211639
0.233917
0.259613
0.284637
0.302734
0.309174
0.301331
0.278412
0.242157
0.193878
0.138641
0.080139
0.02301
-0.031555
-0.079498
-0.119537
-0.1492
-0.167145
-0.172729
-0.164764
-0.144318
-0.112732
-0.075592
-0.037231
-0.002411
0.026184
0.04776
0.061127
0.068665
0.072083
0.073578
0.073242
0.071411
0.069855
0.06958
0.071075
0.075989
0.086823
0.10257
0.122559
0.144775
0.167419
0.188232
0.205841
0.219696
0.229614
0.234863
0.234955
0.229523
0.217926
0.200073
0.176392
0.148163
0.116699
0.08432
0.052795
0.022705
-0.006439
-0.036774
-0.069916
-0.108673
-0.15506
-0.20929
-0.27063
-0.337372
-0.406708
-0.471893
-0.528381
-0.573334
-0.604065
-0.620605
-0.621674
-0.605591
-0.57196
-0.523895
-0.46109
-0.385315
-0.301208
-0.210938
-0.11731
-0.02594
0.059082
0.131744
0.189301
0.229584
0.253357
0.261047
0.256195
0.242615
0.225983
0.208679
0.196716
0.192291
0.19809
0.213287
0.236053
0.262421
0.287476
0.305511
0.311584
0.302856
0.278717
0.240967
0.191254
0.134827
0.076385
0.019196
-0.034454
-0.082611
-0.122925
-0.15332
-0.17157
-0.176361
-0.167084
-0.143829
-0.110535
-0.072296
-0.033875
0.000702
0.029083
0.050079
0.062683
0.068756
0.071503
0.072449
0.071503
0.06955
0.067108
0.066345
0.067688
0.072418
0.082642
0.097504
0.116669
0.137421
0.158478
0.177887
0.194916
0.208405
0.218109
0.22226
0.222443
0.217133
0.206421
0.189423
0.166534
0.139038
0.109558
0.078461
0.048553
0.01947
-0.009369
-0.039551
-0.072998
-0.112549
-0.159485
-0.213928
-0.274994
-0.341949
-0.410736
-0.475891
-0.532166
-0.576996
-0.608246
-0.623993
-0.623261
-0.605469
-0.570709
-0.522339
-0.46048
-0.386658
-0.304047
-0.215942
-0.125
-0.035431
0.047882
0.119904
0.176697
0.216431
0.239288
0.24646
0.241364
0.22821
0.211975
0.196014
0.185333
0.18277
0.189606
0.204956
0.227966
0.253845
0.277863
0.295074
0.299896
0.290253
0.266418
0.229218
0.181061
0.125854
0.068451
0.01178
-0.041534
-0.089478
-0.13031
-0.16095
-0.179688
-0.184601
-0.175415
-0.152344
-0.119324
-0.080566
-0.040955
-0.005157
0.023956
0.046051
0.060272
0.068542
0.072937
0.07547
0.075623
0.074097
0.071594
0.069641
0.070038
0.074158
0.083466
0.097992
0.116943
0.137207
0.15802
0.17746
0.194733
0.209198
0.220123
0.226868
0.229095
0.226227
0.217163
0.201294
0.179016
0.151062
0.120575
0.089417
0.058655
0.028931
0.000763
-0.028778
-0.061615
-0.100861
-0.147614
-0.202026
-0.263702
-0.330933
-0.399414
-0.463043
-0.517975
-0.560699
-0.589539
-0.604309
-0.605316
-0.589355
-0.557343
-0.512512
-0.453644
-0.38266
-0.302704
-0.215393
-0.123962
-0.033295
0.051575
0.124908
0.182617
0.222412
0.24585
0.253357
0.249054
0.236542
0.220947
0.205566
0.19455
0.191132
0.196442
0.21051
0.231323
0.2547
0.276886
0.292053
0.295685
0.284546
0.258911
0.220367
0.171021
0.115051
0.057434
0.001648
-0.051056
-0.09848
-0.137848
-0.167206
-0.184967
-0.189514
-0.179352
-0.155396
-0.120789
-0.080811
-0.040344
-0.004303
0.024414
0.045044
0.05777
0.064484
0.067169
0.068146
0.068268
0.065826
0.063324
0.061218
0.061523
0.065857
0.075348
0.090363
0.109497
0.1315
0.152985
0.173615
0.191681
0.206665
0.218079
0.225006
0.227692
0.224884
0.215881
0.199799
0.177063
0.149536
0.118927
0.087646
0.057373
0.028687
-0.000183
-0.030212
-0.064392
-0.104492
-0.152771
-0.208344
-0.270966
-0.338409
-0.407715
-0.472107
-0.526733
-0.569397
-0.598236
-0.612701
-0.611969
-0.59436
-0.562103
-0.515533
-0.454803
-0.382568
-0.301361
-0.214081
-0.122192
-0.031769
0.052551
0.125214
0.1828
0.223145
0.247833
0.256531
0.253571
0.242523
0.2276
0.212189
0.201019
0.19754
0.2034
0.218719
0.240204
0.264923
0.288086
0.304291
0.308868
0.298645
0.273651
0.23584
0.187592
0.132751
0.075867
0.019958
-0.032379
-0.079041
-0.117889
-0.1474
-0.165009
-0.169098
-0.158997
-0.13559
-0.10144
-0.061737
-0.021271
0.014587
0.043518
0.064667
0.077332
0.083801
0.085876
0.086426
0.084229
0.08075
0.076752
0.073395
0.07196
0.074493
0.082581
0.095886
0.11441
0.135345
0.156586
0.176361
0.194183
0.20932
0.220032
0.227417
0.229736
0.226135
0.216187
0.199615
0.176056
0.147369
0.116302
0.084656
0.054657
0.026123
-0.002167
-0.031342
-0.064087
-0.103851
-0.150421
-0.204895
-0.265839
-0.332642
-0.401276
-0.465942
-0.522522
-0.567719
-0.60025
-0.618378
-0.620544
-0.604919
-0.571838
-0.524109
-0.462494
-0.388153
-0.305237
-0.21698
-0.124969
-0.034302
0.049652
0.121704
0.178284
0.21817
0.241241
0.247833
0.243042
0.229523
0.213348
0.196899
0.185913
0.183624
0.191101
0.206543
0.228851
0.254272
0.2771
0.293579
0.297699
0.287811
0.263062
0.225525
0.178467
0.124542
0.067474
0.012268
-0.039795
-0.086609
-0.125732
-0.153931
-0.169891
-0.172302
-0.160492
-0.135834
-0.101196
-0.061462
-0.022186
0.012756
0.041473
0.062653
0.076385
0.084167
0.087891
0.088593
0.086456
0.082672
0.078796
0.075958
0.075531
0.079285
0.088562
0.103546
0.122192
0.143036
0.164093
0.18396
0.200653
0.214783
0.224579
0.230377
0.23175
0.228241
0.218567
0.20285
0.180542
0.153931
0.124664
0.094574
0.065247
0.037109
0.008179
-0.022583
-0.057159
-0.097687
-0.146027
-0.201904
-0.264893
-0.333282
-0.403168
-0.468079
-0.523132
-0.565491
-0.59375
-0.608215
-0.607788
-0.591064
-0.558472
-0.511749
-0.451508
-0.37854
-0.297394
-0.209869
-0.11911
-0.029968
0.052124
0.121857
0.176666
0.214844
0.236267
0.243073
0.238739
0.227173
0.212311
0.197998
0.188721
0.187073
0.194275
0.210236
0.232758
0.257965
0.281708
0.297729
0.301056
0.289886
0.26355
0.224152
0.174408
0.118195
0.060547
0.0047
-0.047333
-0.093811
-0.133392
-0.162323
-0.179199
-0.182281
-0.170807
-0.146179
-0.110107
-0.069611
-0.029053
0.007202
0.035858
0.056763
0.069489
0.076538
0.080078
0.081207
0.080597
0.078644
0.075714
0.073944
0.074036
0.078247
0.087341
0.101257
0.119171
0.138977
0.158051
0.175751
0.191101
0.203583
0.211639
0.215515
0.215118
0.210297
0.199463
0.182556
0.159943
0.132782
0.104034
0.075775
0.048523
0.023041
-0.002319
-0.029877
-0.061188
-0.09906
-0.144714
-0.19809
-0.258301
-0.325226
-0.394562
-0.4599
-0.516144
-0.560272
-0.590515
-0.606628
-0.6073
-0.592285
-0.561249
-0.51651
-0.457825
-0.38681
-0.307098
-0.220215
-0.129547
-0.03952
0.044128
0.115936
0.172363
0.212433
0.236206
0.245331
0.243256
0.233978
0.221222
0.208191
0.199524
0.198883
0.207001
0.222961
0.244904
0.269592
0.292297
0.308014
0.311737
0.300781
0.27478
0.236115
0.186401
0.131317
0.074036
0.018219
-0.033661
-0.080383
-0.119476
-0.149109
-0.166901
-0.171356
-0.161102
-0.13736
-0.102997
-0.063202
-0.023315
0.012146
0.040741
0.061066
0.073517
0.080109
0.083282
0.084503
0.083435
0.081116
0.078186
0.076111
0.075897
0.07962
0.088562
0.103058
0.121277
0.141235
0.161377
0.179443
0.195374
0.208496
0.217743
0.223663
0.225952
0.222443
0.213623
0.198456
0.176025
0.148102
0.117767
0.086517
0.056244
0.027985
0.000458
-0.028656
-0.061401
-0.099976
-0.145966
-0.199402
-0.259399
-0.325073
-0.393829
-0.459106
-0.514771
-0.558716
-0.588989
-0.605103
-0.606964
-0.593628
-0.56427
-0.52179
-0.465729
-0.395691
-0.315674
-0.228821
-0.137024
-0.045593
0.039337
0.112457
0.170197
0.21109
0.235291
0.24411
0.241486
0.231628
0.218048
0.204224
0.194946
0.19342
0.200836
0.217133
0.239838
0.264862
0.288605
0.305237
0.309631
0.299561
0.273773
0.234131
0.183716
0.127319
0.068787
0.012054
-0.040527
-0.087402
-0.126678
-0.156708
-0.174744
-0.179718
-0.170563
-0.14801
-0.114197
-0.075043
-0.035095
0.000671
0.029419
0.050171
0.063354
0.070343
0.074097
0.075531
0.075348
0.073608
0.071198
0.070282
0.071075
0.075714
0.084808
0.098938
0.117004
0.136658
0.156891
0.175751
0.192322
0.205902
0.216003
0.222443
0.224152
0.220947
0.211182
0.195129
0.173279
0.146545
0.117126
0.08783
0.059662
0.032837
0.006439
-0.022095
-0.054871
-0.093384
-0.140076
-0.194
-0.254547
-0.320862
-0.390228
-0.456329
-0.514038
-0.560303
-0.59317
-0.611694
-0.613861
-0.598389
-0.566223
-0.519714
-0.459625
-0.38681
-0.305084
-0.21756
-0.126251
-0.035828
0.048462
0.120544
0.177002
0.216125
0.238159
0.244873
0.239746
0.2276
0.212311
0.198242
0.188873
0.187805
0.195831
0.212952
0.236267
0.262299
0.287109
0.305664
0.311554
0.302521
0.278839
0.241302
0.193146
0.137726
0.080048
0.022858
-0.030884
-0.079071
-0.119232
-0.148773
-0.16626
-0.170441
-0.160889
-0.137695
-0.104614
-0.065796
-0.027008
0.007965
0.036652
0.057556
0.070953
0.077362
0.079651
0.079742
0.078003
0.075134
0.071899
0.06955
0.070068
0.074493
0.08429
0.098755
0.117828
0.139404
0.160797
0.179993
0.196655
0.210236
0.220917
0.227234
0.22879
0.224884
0.2146
0.198029
0.175049
0.148193
0.118164
0.088013
0.059387
0.03244
0.005157
-0.023895
-0.057404
-0.09729
-0.144836
-0.199738
-0.261444
-0.327942
-0.396454
-0.460571
-0.515625
-0.558533
-0.58847
-0.604431
-0.606415
-0.592163
-0.560974
-0.515869
-0.457397
-0.386322
-0.30603
-0.218781
-0.128387
-0.038666
0.044373
0.116058
0.172089
0.211792
0.235321
0.243317
0.239349
0.228088
0.213715
0.199097
0.189331
0.187317
0.19519
0.2117
0.234833
0.261414
0.286743
0.304504
0.310822
0.301178
0.276489
0.23764
0.187683
0.130951
0.071716
0.013733
-0.040344
-0.089417
-0.130676
-0.162445
-0.181671
-0.187622
-0.178436
-0.154663
-0.120636
-0.080994
-0.04068
-0.005219
0.023071
0.043854
0.058014
0.06601
0.071014
0.073944
0.075104
0.074341
0.072845
0.072174
0.073486
0.078461
0.08847
0.103119
0.121338
0.141205
0.161041
0.178802
0.194092
0.206512
0.215332
0.220612
0.221558
0.217255
0.207123
0.191101
0.16925
0.143707
0.115723
0.087708
0.061737
0.037842
0.014069
-0.011322
-0.040955
-0.077454
-0.121857
-0.174408
-0.234497
-0.301025
-0.370636
-0.437195
-0.49469
-0.540558
-0.572083
-0.590363
-0.595154
-0.584229
-0.557251
-0.515747
-0.461182
-0.392761
-0.313812
-0.227844
-0.13739
-0.046783
0.037903
0.111145
0.168579
0.208984
0.232788
0.241333
0.237732
0.227417
0.213348
0.199707
0.190521
0.188477
0.19577
0.211731
0.233917
0.25882
0.282928
0.300079
0.305664
0.296509
0.272278
0.2341
0.184845
0.129395
0.071472
0.015137
-0.037567
-0.085144
-0.124664
-0.154938
-0.172974
-0.177948
-0.168579
-0.145874
-0.112366
-0.072845
-0.033417
0.002289
0.030273
0.050262
0.062317
0.068542
0.07135
0.072845
0.072845
0.071503
0.070129
0.069
0.070679
0.07608
0.086212
0.100708
0.119019
0.139801
0.160217
0.179657
0.196381
0.210327
0.220337
0.2258
0.226593
0.222229
0.211487
0.19516
0.17276
0.145813
0.116699
0.087738
0.059967
0.034332
0.009033
-0.01886
-0.050507
-0.088623
-0.134491
-0.187622
-0.24707
-0.312164
-0.38031
-0.44577
-0.503204
-0.549042
-0.581726
-0.600006
-0.604156
-0.592011
-0.563751
-0.521576
-0.465485
-0.396393
-0.317535
-0.231018
-0.140137
-0.048798
0.037048
0.11087
0.169434
0.210663
0.235657
0.244904
0.241638
0.231537
0.217102
0.203491
0.194
0.192505
0.199982
0.21579
0.237671
0.262817
0.287262
0.304718
0.31131
0.303314
0.279755
0.242615
0.194214
0.138092
0.078857
0.020905
-0.03363
-0.081848
-0.122589
-0.153442
-0.171783
-0.176971
-0.168243
-0.145569
-0.112579
-0.0737
-0.033936
0.002319
0.032288
0.054016
0.067902
0.075409
0.077881
0.078857
0.077423
0.074402
0.071106
0.068695
0.068665
0.072388
0.08139
0.09552
0.113647
0.134674
0.155731
0.175812
0.193115
0.207306
0.217773
0.22406
0.225555
0.222168
0.212799
0.197205
0.175751
0.150085
0.122009
0.093323
0.066223
0.040466
0.014954
-0.01236
-0.043304
-0.081177
-0.126465
-0.179138
-0.238525
-0.303955
-0.37262
-0.43924
-0.498138
-0.546295
-0.581116
-0.601746
-0.606445
-0.594147
-0.564911
-0.520905
-0.463684
-0.39389
-0.313568
-0.226807
-0.135834
-0.04425
0.040955
0.114349
0.172546
0.21402
0.238586
0.247742
0.244385
0.233521
0.219116
0.20462
0.194824
0.192719
0.199554
0.214996
0.236908
0.262726
0.287933
0.307068
0.314911
0.307953
0.285126
0.248291
0.199951
0.14328
0.08429
0.026428
-0.027405
-0.07547
-0.116119
-0.147003
-0.165924
-0.171539
-0.163269
-0.141052
-0.108398
-0.069519
-0.030579
0.005157
0.034149
0.055634
0.069214
0.076843
0.079926
0.081299
0.081146
0.079407
0.076935
0.074493
0.074402
0.077789
0.086639
0.101135
0.11969
0.140717
0.162323
0.182983
0.200531
0.215424
0.226318
0.232361
0.234436
0.230927
0.220978
0.204834
0.183075
0.156555
0.128693
0.100708
0.074097
0.048584
0.022644
-0.005341
-0.03775
-0.076508
-0.123261
-0.177979
-0.23938
-0.307495
-0.378601
-0.446991
-0.506744
-0.554993
-0.589478
-0.609314
-0.614197
-0.601318
-0.57132
-0.526489
-0.467804
-0.396271
-0.315063
-0.228241
-0.137878
-0.048065
0.035339
0.107208
0.164001
0.204163
0.228424
0.236938
0.233459
0.222534
0.208191
0.194214
0.184723
0.18338
0.191498
0.208374
0.232117
0.259552
0.285706
0.306061
0.314453
0.308075
0.285919
0.249542
0.20105
0.144592
0.084808
0.026276
-0.029449
-0.079315
-0.121765
-0.154175
-0.174927
-0.182159
-0.174835
-0.154449
-0.122498
-0.084564
-0.045837
-0.010498
0.018616
0.040649
0.055176
0.06369
0.068176
0.070618
0.071777
0.071289
0.069977
0.069061
0.070068
0.074341
0.082672
0.096191
0.114197
0.13504
0.156616
0.176392
0.193207
0.207214
0.217041
0.223114
0.224518
0.220886
0.21106
0.195313
0.173462
0.146881
0.117828
0.088928
0.061493
0.03653
0.011627
-0.014282
-0.043091
-0.078278
-0.121216
-0.172699
-0.231873
-0.29715
-0.366882
-0.434753
-0.494385
-0.542786
-0.577911
-0.599335
-0.605682
-0.596191
-0.569183
-0.527557
-0.471924
-0.402405
-0.321777
-0.234741
-0.143066
-0.051361
0.034241
0.108276
0.166504
0.207672
0.232574
0.241791
0.238678
0.227142
0.21286
0.198944
0.189362
0.187531
0.195587
0.212036
0.235748
0.262787
0.288849
0.308777
0.316772
0.309601
0.285645
0.247223
0.196381
0.138306
0.07782
0.018463
-0.037262
-0.087158
-0.129456
-0.161591
-0.182526
-0.189331
-0.181702
-0.160217
-0.12735
-0.088135
-0.048096
-0.012146
0.017731
0.039795
0.054382
0.062988
0.06781
0.070801
0.071991
0.071381
0.070282
0.069611
0.070496
0.075012
0.084106
0.098114
0.117035
0.137817
0.158447
0.178009
0.19455
0.207855
0.217743
0.222229
0.222504
0.218445
0.209229
0.193939
0.172638
0.147339
0.119568
0.09137
0.065155
0.039856
0.015076
-0.011108
-0.041382
-0.078033
-0.122742
-0.175476
-0.236115
-0.303162
-0.374573
-0.444
-0.505096
-0.55426
-0.589752
-0.611389
-0.619354
-0.611481
-0.586456
-0.546417
-0.492493
-0.424683
-0.34552
-0.258759
-0.166321
-0.072601
0.015503
0.092438
0.153534
0.197845
0.225342
0.237183
0.235657
0.225586
0.21167
0.197174
0.186768
0.18399
0.190796
0.206635
0.229614
0.256622
0.282562
0.302643
0.31189
0.305603
0.283447
0.246613
0.198303
0.1427
0.084015
0.026215
-0.028259
-0.077057
-0.118652
-0.151581
-0.172607
-0.180298
-0.17392
-0.152985
-0.120514
-0.081726
-0.041901
-0.004944
0.025208
0.048035
0.062927
0.071198
0.075073
0.076782
0.076965
0.074982
0.072052
0.06897
0.068573
0.071594
0.079376
0.092682
0.109406
0.129822
0.150543
0.170197
0.187347
0.201324
0.2117
0.21756
0.219116
0.216034
0.206787
0.192261
0.171112
0.14563
0.117737
0.089966
0.063354
0.038513
0.014099
-0.011169
-0.040314
-0.07547
-0.1185
-0.169983
-0.228729
-0.294617
-0.364929
-0.434204
-0.496277
-0.546417
-0.584076
-0.606995
-0.615326
-0.606537
-0.5802
-0.537567
-0.480957
-0.410095
-0.32843
-0.239258
-0.145386
-0.051392
0.036743
0.11322
0.173767
0.217102
0.243439
0.253967
0.251312
0.240601
0.225922
0.211273
0.200562
0.198029
0.204437
0.219177
0.241455
0.268005
0.294189
0.315155
0.324554
0.319305
0.298279
0.262573
0.214661
0.158752
0.098846
0.040039
-0.015686
-0.066162
-0.10968
-0.142853
-0.164825
-0.172791
-0.167206
-0.147339
-0.116547
-0.079163
-0.040405
-0.004852
0.024414
0.045715
0.059875
0.067139
0.07016
0.071106
0.070282
0.068542
0.06604
0.063568
0.062531
0.065033
0.072906
0.08667
0.104919
0.126678
0.148743
0.169647
0.1875
0.202179
0.212616
0.218384
0.219543
0.216125
0.206848
0.191772
0.171356
0.146454
0.118774
0.092133
0.066071
0.041534
0.018494
-0.006836
-0.036316
-0.072693
-0.116913
-0.169586
-0.229553
-0.296692
-0.368164
-0.438934
-0.501434
-0.553558
-0.592712
-0.617706
-0.627899
-0.62027
-0.595032
-0.552094
-0.495056
-0.423981
-0.341736
-0.252411
-0.1586
-0.064484
0.024353
0.101837
0.163727
0.20816
0.235687
0.246307
0.243805
0.232391
0.217285
0.201752
0.190521
0.187958
0.194794
0.210815
0.23349
0.260559
0.287231
0.308807
0.319183
0.314545
0.293488
0.258209
0.210297
0.154083
0.093964
0.034302
-0.021881
-0.072876
-0.116364
-0.15036
-0.172913
-0.181305
-0.176575
-0.15741
-0.126617
-0.089355
-0.050598
-0.014893
0.014679
0.037323
0.052307
0.060822
0.065247
0.067017
0.067078
0.065826
0.063934
0.063385
0.065308
0.070282
0.080994
0.096497
0.116486
0.137878
0.159576
0.179443
0.196655
0.210754
0.221313
0.227203
0.228546
0.224823
0.215668
0.200562
0.180298
0.155365
0.128815
0.102173
0.077148
0.053741
0.031067
0.006531
-0.021179
-0.055084
-0.097076
-0.147919
-0.207001
-0.273071
-0.345367
-0.416992
-0.481201
-0.534088
-0.572876
-0.598328
-0.610107
-0.605499
-0.583771
-0.545685
-0.492798
-0.425812
-0.346832
-0.260559
-0.168213
-0.074768
0.014526
0.092804
0.155731
0.200958
0.229736
0.242401
0.241516
0.231873
0.217407
0.202667
0.191559
0.187286
0.193115
0.207947
0.231018
0.258636
0.286499
0.308594
0.320801
0.317657
0.297424
0.261993
0.214233
0.158569
0.098328
0.039124
-0.016296
-0.06665
-0.109314
-0.143616
-0.166656
-0.175964
-0.171173
-0.152802
-0.121613
-0.08371
-0.043457
-0.006592
0.023285
0.045959
0.060516
0.068573
0.072571
0.074493
0.075439
0.074554
0.072815
0.070953
0.070984
0.07489
0.083771
0.098083
0.116547
0.138
0.159698
0.180267
0.197693
0.211731
0.222015
0.2276
0.228912
0.225159
0.216705
0.202667
0.182587
0.158173
0.130951
0.104065
0.078369
0.054504
0.031342
0.006104
-0.023438
-0.059875
-0.104156
-0.156647
-0.217163
-0.28421
-0.355988
-0.428589
-0.493866
-0.548004
-0.587769
-0.613464
-0.62384
-0.618561
-0.596161
-0.558441
-0.5065
-0.440552
-0.362152
-0.275482
-0.182556
-0.087494
0.002655
0.082611
0.147369
0.194519
0.225372
0.240021
0.241364
0.233582
0.220917
0.207458
0.196533
0.192688
0.198547
0.214111
0.236725
0.264618
0.292114
0.314697
0.326752
0.323822
0.304199
0.269958
0.223083
0.167389
0.107941
0.049622
-0.006012
-0.056366
-0.100159
-0.135315
-0.159454
-0.170288
-0.167542
-0.150635
-0.121613
-0.084595
-0.045441
-0.009003
0.021179
0.044281
0.059998
0.069275
0.073639
0.075256
0.075653
0.074066
0.071655
0.068787
0.06839
0.071045
0.079132
0.092529
0.111084
0.132416
0.154511
0.174927
0.192413
0.206635
0.217712
0.223816
0.224976
0.221405
0.212738
0.198364
0.178192
0.152588
0.124664
0.096375
0.070099
0.045715
0.022888
-0.001221
-0.028961
-0.063446
-0.105957
-0.157013
-0.215302
-0.280884
-0.351959
-0.42392
-0.489868
-0.543518
-0.583832
-0.610168
-0.621399
-0.616211
-0.593231
-0.554169
-0.500946
-0.434601
-0.35611
-0.269226
-0.177643
-0.084045
0.005737
0.085266
0.149841
0.196899
0.227173
0.241364
0.241608
0.232025
0.218201
0.203583
0.19281
0.188019
0.193115
0.208038
0.230286
0.257172
0.28421
0.307251
0.320038
0.317902
0.299133
0.264435
0.217072
0.161133
0.101105
0.041504
-0.014893
-0.06546
-0.109772
-0.144928
-0.169128
-0.179749
-0.175995
-0.15802
-0.128052
-0.089783
-0.049194
-0.011414
0.020203
0.043304
0.058655
0.067291
0.071289
0.072998
0.073273
0.072418
0.070404
0.068634
0.069336
0.073883
0.083649
0.098724
0.1185
0.141144
0.164276
0.185425
0.2034
0.218445
0.229004
0.235199
0.236938
0.233826
0.224304
0.20874
0.188324
0.16217
0.133789
0.10495
0.077484
0.052002
0.027679
0.002167
-0.027008
-0.062469
-0.106476
-0.158813
-0.218384
-0.285034
-0.357056
-0.430298
-0.497589
-0.552856
-0.594055
-0.62085
-0.632538
-0.627472
-0.605377
-0.567535
-0.515045
-0.448853
-0.370422
-0.284088
-0.192413
-0.09967
-0.009766
0.069489
0.133606
0.180908
0.211914
0.226929
0.228821
0.220978
0.209137
0.196228
0.186066
0.182404
0.188049
0.203339
0.226318
0.253876
0.282135
0.305969
0.32016
0.319214
0.301208
0.267242
0.221283
0.166626
0.107239
0.047546
-0.008209
-0.059235
-0.103516
-0.139435
-0.164642
-0.176697
-0.17334
-0.155701
-0.12558
-0.087006
-0.045715
-0.006927
0.02594
0.051147
0.068054
0.078247
0.083191
0.085083
0.085999
0.085022
0.08316
0.081268
0.08139
0.085297
0.094543
0.109711
0.129089
0.151794
0.175629
0.197388
0.215851
0.230469
0.240967
0.246826
0.247314
0.242065
0.23172
0.214996
0.192535
0.165497
0.135712
0.105927
0.078125
0.053589
0.031982
0.009247
-0.016357
-0.047882
-0.087341
-0.135529
-0.192444
-0.256683
-0.327118
-0.400635
-0.468994
-0.526703
