/*--------------------------------*- C++ -*----------------------------------*\
| =========                 |                                                 |
| \\      /  F ield         | OpenFOAM: The Open Source CFD Toolbox           |
|  \\    /   O peration     | Version:  2.4.0                                 |
|   \\  /    A nd           | Web:      www.OpenFOAM.org                      |
|    \\/     M anipulation  |                                                 |
\*---------------------------------------------------------------------------*/
FoamFile
{
    version     2.0;
    format      ascii;
    class       labelList;
    note        "nPoints:682  nCells:300  nFaces:1240  nInternalFaces:560";
    location    "constant/polyMesh";
    object      owner;
}
// * * * * * * * * * * * * * * * * * * * * * * * * * * * * * * * * * * * * * //


1240
(
0
0
1
1
2
2
3
3
4
4
5
5
6
6
7
7
8
8
9
10
10
11
11
12
12
13
13
14
14
15
15
16
16
17
17
18
18
19
20
20
21
21
22
22
23
23
24
24
25
25
26
26
27
27
28
28
29
30
30
31
31
32
32
33
33
34
34
35
35
36
36
37
37
38
38
39
40
40
41
41
42
42
43
43
44
44
45
45
46
46
47
47
48
48
49
50
50
51
51
52
52
53
53
54
54
55
55
56
56
57
57
58
58
59
60
60
61
61
62
62
63
63
64
64
65
65
66
66
67
67
68
68
69
70
70
71
71
72
72
73
73
74
74
75
75
76
76
77
77
78
78
79
80
80
81
81
82
82
83
83
84
84
85
85
86
86
87
87
88
88
89
90
90
91
91
92
92
93
93
94
94
95
95
96
96
97
97
98
98
99
100
100
101
101
102
102
103
103
104
104
105
105
106
106
107
107
108
108
109
110
110
111
111
112
112
113
113
114
114
115
115
116
116
117
117
118
118
119
120
120
121
121
122
122
123
123
124
124
125
125
126
126
127
127
128
128
129
130
130
131
131
132
132
133
133
134
134
135
135
136
136
137
137
138
138
139
140
140
141
141
142
142
143
143
144
144
145
145
146
146
147
147
148
148
149
150
150
151
151
152
152
153
153
154
154
155
155
156
156
157
157
158
158
159
160
160
161
161
162
162
163
163
164
164
165
165
166
166
167
167
168
168
169
170
170
171
171
172
172
173
173
174
174
175
175
176
176
177
177
178
178
179
180
180
181
181
182
182
183
183
184
184
185
185
186
186
187
187
188
188
189
190
190
191
191
192
192
193
193
194
194
195
195
196
196
197
197
198
198
199
200
200
201
201
202
202
203
203
204
204
205
205
206
206
207
207
208
208
209
210
210
211
211
212
212
213
213
214
214
215
215
216
216
217
217
218
218
219
220
220
221
221
222
222
223
223
224
224
225
225
226
226
227
227
228
228
229
230
230
231
231
232
232
233
233
234
234
235
235
236
236
237
237
238
238
239
240
240
241
241
242
242
243
243
244
244
245
245
246
246
247
247
248
248
249
250
250
251
251
252
252
253
253
254
254
255
255
256
256
257
257
258
258
259
260
260
261
261
262
262
263
263
264
264
265
265
266
266
267
267
268
268
269
270
270
271
271
272
272
273
273
274
274
275
275
276
276
277
277
278
278
279
280
280
281
281
282
282
283
283
284
284
285
285
286
286
287
287
288
288
289
290
291
292
293
294
295
296
297
298
100
110
120
130
140
150
160
170
180
190
9
8
7
6
5
4
3
2
1
0
290
291
292
293
294
295
296
297
298
299
11
21
31
41
51
61
71
81
91
101
111
121
131
141
151
161
171
181
191
201
211
221
231
241
251
261
271
281
12
22
32
42
52
62
72
82
92
102
112
122
132
142
152
162
172
182
192
202
212
222
232
242
252
262
272
282
13
23
33
43
53
63
73
83
93
103
113
123
133
143
153
163
173
183
193
203
213
223
233
243
253
263
273
283
14
24
34
44
54
64
74
84
94
104
114
124
134
144
154
164
174
184
194
204
214
224
234
244
254
264
274
284
15
25
35
45
55
65
75
85
95
105
115
125
135
145
155
165
175
185
195
205
215
225
235
245
255
265
275
285
16
26
180
170
160
150
140
36
130
120
110
100
90
46
80
70
60
50
40
30
56
20
10
66
76
86
96
106
116
126
1
136
146
156
166
176
186
196
206
216
226
236
246
2
256
266
276
286
17
27
37
47
190
57
67
77
87
3
97
107
117
127
137
147
157
167
177
187
197
280
270
260
250
240
207
230
220
4
210
200
217
227
237
291
247
257
267
277
287
18
28
38
5
48
0
58
292
68
78
88
98
108
118
128
138
148
158
6
168
293
178
188
198
208
218
228
238
248
258
268
278
294
7
288
295
8
19
29
296
290
39
49
59
69
79
89
99
109
119
9
129
139
297
149
159
169
179
189
199
209
219
229
239
249
298
259
269
279
289
299
288
278
268
258
248
238
228
218
208
198
188
178
168
158
148
138
128
118
108
98
88
78
68
58
48
38
28
18
287
277
267
257
247
237
227
217
207
197
187
177
167
157
147
137
127
117
107
97
87
77
67
57
47
37
27
17
286
276
266
256
246
236
226
216
206
196
186
176
166
156
146
136
126
116
106
96
86
76
66
56
46
36
26
16
285
275
265
255
245
235
225
215
205
195
185
175
165
155
145
135
125
115
105
95
85
75
65
55
45
35
25
15
284
274
264
254
244
234
224
214
204
194
184
174
164
154
144
134
124
114
104
94
84
74
64
54
44
34
24
14
283
273
263
253
243
233
223
213
203
193
183
173
163
153
143
133
123
113
103
93
83
73
63
53
43
33
23
13
282
272
262
252
242
232
222
212
202
192
182
172
162
152
142
132
122
112
102
92
82
72
62
52
42
32
22
12
281
271
261
251
241
231
221
211
201
191
181
171
161
151
141
131
121
111
101
91
81
71
61
51
41
31
21
11
289
279
269
259
298
249
239
229
219
209
199
189
179
169
159
149
297
139
129
119
109
99
89
79
69
59
49
39
296
29
19
8
295
7
294
293
6
292
5
291
210
220
230
4
240
250
260
270
280
200
3
2
190
1
299
10
20
30
40
50
60
70
80
90
100
110
120
130
140
150
160
170
180
9
290
0
210
220
230
240
250
260
270
280
290
200
0
10
20
30
40
50
60
70
80
90
299
289
279
269
259
249
239
229
219
209
199
189
179
169
159
149
139
129
119
109
99
89
79
69
59
49
39
29
19
9
)


// ************************************************************************* //
