/*--------------------------------*- C++ -*----------------------------------*\
| =========                 |                                                 |
| \\      /  F ield         | OpenFOAM: The Open Source CFD Toolbox           |
|  \\    /   O peration     | Version:  2.4.0                                 |
|   \\  /    A nd           | Web:      www.OpenFOAM.org                      |
|    \\/     M anipulation  |                                                 |
\*---------------------------------------------------------------------------*/
FoamFile
{
    version     2.0;
    format      ascii;
    class       vectorField;
    location    "constant/polyMesh";
    object      points;
}
// * * * * * * * * * * * * * * * * * * * * * * * * * * * * * * * * * * * * * //


682
(
(-1.4 0.9 -0.01)
(-1.3 0.9 -0.01)
(-1.2 0.9 -0.01)
(-1.1 0.9 -0.01)
(-1 0.9 -0.01)
(-0.9000000001 0.9 -0.01)
(-0.8000000001 0.9 -0.01)
(-0.7000000001 0.9 -0.01)
(-0.6000000001 0.9 -0.01)
(-0.4999998192 0.9000000487 -0.01)
(-0.40037828 0.9035701708 -0.01)
(-0.3005057677 0.9063701736 -0.01)
(-0.2004425322 0.9083827247 -0.01)
(-0.1002529277 0.9095950794 -0.01)
(1.58327651e-08 0.91 -0.01)
(0.1002529588 0.9095950769 -0.01)
(0.2004425502 0.9083827242 -0.01)
(0.3005057686 0.9063701713 -0.01)
(0.4003782812 0.9035701682 -0.01)
(0.4999998058 0.9000000501 -0.01)
(0.6000000001 0.9 -0.01)
(0.7000000001 0.9 -0.01)
(0.8000000001 0.9 -0.01)
(0.9000000001 0.9 -0.01)
(1 0.9 -0.01)
(1.1 0.9 -0.01)
(1.2 0.9 -0.01)
(1.3 0.9 -0.01)
(1.4 0.9 -0.01)
(-1.4 0.8 -0.01)
(-1.3 0.8 -0.01)
(-1.2 0.8 -0.01)
(-1.1 0.8 -0.01)
(-1 0.8 -0.01)
(-0.9000000001 0.8 -0.01)
(-0.8000000001 0.8 -0.01)
(-0.7000000001 0.8 -0.01)
(-0.6000000002 0.8 -0.01)
(-0.4999996383 0.8000000973 -0.01)
(-0.40075656 0.8071403415 -0.01)
(-0.3010115355 0.8127403473 -0.01)
(-0.2008850645 0.8167654494 -0.01)
(-0.1005058553 0.8191901588 -0.01)
(3.16655302e-08 0.8200000001 -0.01)
(0.1005059176 0.8191901538 -0.01)
(0.2008851003 0.8167654484 -0.01)
(0.3010115373 0.8127403426 -0.01)
(0.4007565625 0.8071403365 -0.01)
(0.4999996115 0.8000001002 -0.01)
(0.6000000002 0.8 -0.01)
(0.7000000001 0.8 -0.01)
(0.8000000001 0.8 -0.01)
(0.9000000001 0.8 -0.01)
(1 0.8 -0.01)
(1.1 0.8 -0.01)
(1.2 0.8 -0.01)
(1.3 0.8 -0.01)
(1.4 0.8 -0.01)
(-1.4 0.7 -0.01)
(-1.3 0.7 -0.01)
(-1.2 0.7 -0.01)
(-1.1 0.7 -0.01)
(-1 0.7 -0.01)
(-0.9000000002 0.7 -0.01)
(-0.8000000002 0.7 -0.01)
(-0.7000000002 0.7 -0.01)
(-0.6000000002 0.7 -0.01)
(-0.4999994575 0.700000146 -0.01)
(-0.40113484 0.7107105123 -0.01)
(-0.3015173032 0.7191105209 -0.01)
(-0.2013275967 0.7251481741 -0.01)
(-0.100758783 0.7287852383 -0.01)
(4.749829507e-08 0.7300000001 -0.01)
(0.1007588764 0.7287852307 -0.01)
(0.2013276505 0.7251481725 -0.01)
(0.3015173059 0.7191105139 -0.01)
(0.4011348437 0.7107105047 -0.01)
(0.4999994173 0.7000001503 -0.01)
(0.6000000002 0.7 -0.01)
(0.7000000002 0.7 -0.01)
(0.8000000002 0.7 -0.01)
(0.9000000002 0.7 -0.01)
(1 0.7 -0.01)
(1.1 0.7 -0.01)
(1.2 0.7 -0.01)
(1.3 0.7 -0.01)
(1.4 0.7 -0.01)
(-1.4 0.6 -0.01)
(-1.3 0.6 -0.01)
(-1.2 0.6 -0.01)
(-1.1 0.6 -0.01)
(-1 0.6 -0.01)
(-0.9000000002 0.6 -0.01)
(-0.8000000003 0.6 -0.01)
(-0.7000000003 0.6 -0.01)
(-0.6000000003 0.6 -0.01)
(-0.4999992767 0.6000001947 -0.01)
(-0.40151312 0.6142806831 -0.01)
(-0.302023071 0.6254806945 -0.01)
(-0.201770129 0.6335308988 -0.01)
(-0.1010117106 0.6383803177 -0.01)
(6.333105995e-08 0.6400000001 -0.01)
(0.1010118352 0.6383803076 -0.01)
(0.2017702006 0.6335308967 -0.01)
(0.3020230746 0.6254806852 -0.01)
(0.401513125 0.6142806729 -0.01)
(0.499999223 0.6000002005 -0.01)
(0.6000000003 0.6 -0.01)
(0.7000000003 0.6 -0.01)
(0.8000000003 0.6 -0.01)
(0.9000000002 0.6 -0.01)
(1 0.6 -0.01)
(1.1 0.6 -0.01)
(1.2 0.6 -0.01)
(1.3 0.6 -0.01)
(1.4 0.6 -0.01)
(-1.4 0.5 -0.01)
(-1.3 0.5 -0.01)
(-1.2 0.5 -0.01)
(-1.1 0.5 -0.01)
(-1 0.5 -0.01)
(-0.9000000003 0.5 -0.01)
(-0.8000000003 0.5 -0.01)
(-0.7000000004 0.5 -0.01)
(-0.6000000004 0.5 -0.01)
(-0.4999991113 0.5000002392 -0.01)
(-0.4018915412 0.5178508211 -0.01)
(-0.3025288387 0.5318508682 -0.01)
(-0.2022126612 0.5419136234 -0.01)
(-0.1012646383 0.5479753971 -0.01)
(7.916382527e-08 0.5500000002 -0.01)
(0.101264794 0.5479753845 -0.01)
(0.2022127508 0.5419136209 -0.01)
(0.3025288432 0.5318508565 -0.01)
(0.4018915444 0.5178508092 -0.01)
(0.4999990453 0.5000002463 -0.01)
(0.6000000004 0.5 -0.01)
(0.7000000004 0.5 -0.01)
(0.8000000003 0.5 -0.01)
(0.9000000003 0.5 -0.01)
(1 0.5 -0.01)
(1.1 0.5 -0.01)
(1.2 0.5 -0.01)
(1.3 0.5 -0.01)
(1.4 0.5 -0.01)
(-1.4 0.4 -0.01)
(-1.3 0.4 -0.01)
(-1.2 0.4 -0.01)
(-1.1 0.4 -0.01)
(-1 0.4 -0.01)
(-0.9000000003 0.4 -0.01)
(-0.8000000004 0.4 -0.01)
(-0.7000000004 0.4 -0.01)
(-0.6000000005 0.4 -0.01)
(-0.4999991113 0.4000002392 -0.01)
(-0.402271089 0.4214206978 -0.01)
(-0.3030346064 0.4382210418 -0.01)
(-0.2026551935 0.4502963481 -0.01)
(-0.1015175659 0.4575704765 -0.01)
(9.499659015e-08 0.4600000002 -0.01)
(0.1015177528 0.4575704614 -0.01)
(0.202655301 0.4502963451 -0.01)
(0.3030346119 0.4382210278 -0.01)
(0.4022710674 0.4214206905 -0.01)
(0.4999990453 0.4000002463 -0.01)
(0.6000000005 0.4000000001 -0.01)
(0.7000000004 0.4 -0.01)
(0.8000000004 0.4 -0.01)
(0.9000000003 0.4 -0.01)
(1 0.4 -0.01)
(1.1 0.4 -0.01)
(1.2 0.4 -0.01)
(1.3 0.4 -0.01)
(1.4 0.4 -0.01)
(-1.4 0.3 -0.01)
(-1.3 0.3 -0.01)
(-1.2 0.3 -0.01)
(-1.1 0.3 -0.01)
(-1 0.3 -0.01)
(-0.9000000004 0.3 -0.01)
(-0.8000000004 0.3 -0.01)
(-0.7000000005 0.3 -0.01)
(-0.6000000006 0.3 -0.01)
(-0.4999991113 0.3000002392 -0.01)
(-0.4026506368 0.3249905745 -0.01)
(-0.3035403742 0.3445912154 -0.01)
(-0.2030977257 0.3586790728 -0.01)
(-0.1017704936 0.3671655559 -0.01)
(1.10829355e-07 0.3700000002 -0.01)
(0.1017707116 0.3671655383 -0.01)
(0.2030978511 0.3586790692 -0.01)
(0.3035403805 0.3445911991 -0.01)
(0.4026505904 0.3249905718 -0.01)
(0.4999990453 0.3000002463 -0.01)
(0.6000000006 0.3000000001 -0.01)
(0.7000000005 0.3 -0.01)
(0.8000000004 0.3 -0.01)
(0.9000000004 0.3 -0.01)
(1 0.3 -0.01)
(1.1 0.3 -0.01)
(1.2 0.3 -0.01)
(1.3 0.3 -0.01)
(1.4 0.3 -0.01)
(-1.4 0.2 -0.01)
(-1.3 0.2 -0.01)
(-1.2 0.2 -0.01)
(-1.1 0.2 -0.01)
(-1 0.2 -0.01)
(-0.9000000004 0.2 -0.01)
(-0.8000000005 0.2 -0.01)
(-0.7000000006 0.2000000001 -0.01)
(-0.6000000007 0.2 -0.01)
(-0.4999991113 0.2000002392 -0.01)
(-0.4030301846 0.2285604511 -0.01)
(-0.3040461419 0.2509613891 -0.01)
(-0.2035402579 0.2670617975 -0.01)
(-0.1020234212 0.2767606353 -0.01)
(1.266621201e-07 0.2800000003 -0.01)
(0.1020236704 0.2767606152 -0.01)
(0.2035404013 0.2670617934 -0.01)
(0.3040461492 0.2509613704 -0.01)
(0.4030301133 0.2285604531 -0.01)
(0.4999990453 0.2000002463 -0.01)
(0.6000000007 0.2000000001 -0.01)
(0.7000000006 0.2 -0.01)
(0.8000000005 0.2 -0.01)
(0.9000000004 0.2 -0.01)
(1 0.2 -0.01)
(1.1 0.2 -0.01)
(1.2 0.2 -0.01)
(1.3 0.2 -0.01)
(1.4 0.2 -0.01)
(-1.4 0.1 -0.01)
(-1.3 0.1 -0.01)
(-1.2 0.1 -0.01)
(-1.1 0.1 -0.01)
(-1 0.1 -0.01)
(-0.9000000005 0.1 -0.01)
(-0.8000000006 0.1 -0.01)
(-0.7000000007 0.1000000001 -0.01)
(-0.6000000007 0.1 -0.01)
(-0.4999991113 0.1000002392 -0.01)
(-0.4034097325 0.1321303278 -0.01)
(-0.3045519096 0.1573315627 -0.01)
(-0.2039827902 0.1754445222 -0.01)
(-0.1022763489 0.1863557148 -0.01)
(1.42494885e-07 0.1900000003 -0.01)
(0.1022766292 0.1863556921 -0.01)
(0.2039829514 0.1754445176 -0.01)
(0.3045519178 0.1573315417 -0.01)
(0.4034096363 0.1321303344 -0.01)
(0.4999990453 0.1000002463 -0.01)
(0.6000000007 0.1000000001 -0.01)
(0.7000000007 0.1000000001 -0.01)
(0.8000000006 0.1 -0.01)
(0.9000000005 0.1 -0.01)
(1 0.1 -0.01)
(1.1 0.1 -0.01)
(1.2 0.1 -0.01)
(1.3 0.1 -0.01)
(1.4 0.1 -0.01)
(1.4 0.1 0.01)
(1.3 0.1 0.01)
(1.2 0.1 0.01)
(1.1 0.1 0.01)
(1 0.1 0.01)
(0.9000000005 0.1 0.01)
(0.8000000006 0.1 0.01)
(0.7000000007 0.1000000001 0.01)
(0.6000000007 0.1000000001 0.01)
(0.5 0.1 0.01)
(0.4034119292 0.1321297592 0.01)
(0.304559101 0.1573298378 0.01)
(0.2039953783 0.1754425848 0.01)
(0.1022861215 0.1863549399 0.01)
(0 0.19 0.01)
(-0.1022861186 0.1863549401 0.01)
(-0.2039953755 0.1754425853 0.01)
(-0.3045590963 0.1573298389 0.01)
(-0.4034119216 0.1321297616 0.01)
(-0.5 0.1 0.01)
(-0.6000000007 0.1 0.01)
(-0.7000000007 0.1000000001 0.01)
(-0.8000000006 0.1 0.01)
(-0.9000000005 0.1 0.01)
(-1 0.1 0.01)
(-1.1 0.1 0.01)
(-1.2 0.1 0.01)
(-1.3 0.1 0.01)
(-1.4 0.1 0.01)
(1.4 0.2 0.01)
(1.3 0.2 0.01)
(1.2 0.2 0.01)
(1.1 0.2 0.01)
(1 0.2 0.01)
(0.9000000004 0.2 0.01)
(0.8000000005 0.2 0.01)
(0.7000000006 0.2 0.01)
(0.6000000007 0.2000000001 0.01)
(0.5 0.2 0.01)
(0.4030328259 0.228559786 0.01)
(0.3040525342 0.2509598558 0.01)
(0.2035514474 0.2670600754 0.01)
(0.102032108 0.2767599466 0.01)
(0 0.28 0.01)
(-0.1020321054 0.2767599468 0.01)
(-0.2035514449 0.2670600758 0.01)
(-0.3040525301 0.2509598568 0.01)
(-0.4030328192 0.2285597881 0.01)
(-0.5 0.2 0.01)
(-0.6000000007 0.2 0.01)
(-0.7000000006 0.2000000001 0.01)
(-0.8000000005 0.2 0.01)
(-0.9000000004 0.2 0.01)
(-1 0.2 0.01)
(-1.1 0.2 0.01)
(-1.2 0.2 0.01)
(-1.3 0.2 0.01)
(-1.4 0.2 0.01)
(1.4 0.3 0.01)
(1.3 0.3 0.01)
(1.2 0.3 0.01)
(1.1 0.3 0.01)
(1 0.3 0.01)
(0.9000000004 0.3 0.01)
(0.8000000004 0.3 0.01)
(0.7000000005 0.3 0.01)
(0.6000000006 0.3000000001 0.01)
(0.5 0.3 0.01)
(0.4026537227 0.3249898127 0.01)
(0.3035459674 0.3445898738 0.01)
(0.2031075164 0.358677566 0.01)
(0.1017780945 0.3671649533 0.01)
(0 0.37 0.01)
(-0.1017780923 0.3671649534 0.01)
(-0.2031075143 0.3586775663 0.01)
(-0.3035459638 0.3445898747 0.01)
(-0.4026537168 0.3249898146 0.01)
(-0.5 0.3 0.01)
(-0.6000000006 0.3 0.01)
(-0.7000000005 0.3 0.01)
(-0.8000000004 0.3 0.01)
(-0.9000000004 0.3 0.01)
(-1 0.3 0.01)
(-1.1 0.3 0.01)
(-1.2 0.3 0.01)
(-1.3 0.3 0.01)
(-1.4 0.3 0.01)
(1.4 0.4 0.01)
(1.3 0.4 0.01)
(1.2 0.4 0.01)
(1.1 0.4 0.01)
(1 0.4 0.01)
(0.9000000003 0.4 0.01)
(0.8000000004 0.4 0.01)
(0.7000000004 0.4 0.01)
(0.6000000005 0.4000000001 0.01)
(0.5 0.4 0.01)
(0.4022746194 0.4214198395 0.01)
(0.3030394007 0.4382198919 0.01)
(0.2026635855 0.4502950566 0.01)
(0.101524081 0.4575699599 0.01)
(0 0.46 0.01)
(-0.1015240791 0.4575699601 0.01)
(-0.2026635837 0.4502950568 0.01)
(-0.3030393975 0.4382198926 0.01)
(-0.4022746144 0.4214198411 0.01)
(-0.5 0.4 0.01)
(-0.6000000005 0.4 0.01)
(-0.7000000004 0.4 0.01)
(-0.8000000004 0.4 0.01)
(-0.9000000003 0.4 0.01)
(-1 0.4 0.01)
(-1.1 0.4 0.01)
(-1.2 0.4 0.01)
(-1.3 0.4 0.01)
(-1.4 0.4 0.01)
(1.4 0.5 0.01)
(1.3 0.5 0.01)
(1.2 0.5 0.01)
(1.1 0.5 0.01)
(1 0.5 0.01)
(0.9000000003 0.5 0.01)
(0.8000000003 0.5 0.01)
(0.7000000004 0.5 0.01)
(0.6000000004 0.5 0.01)
(0.5 0.5 0.01)
(0.4018955162 0.5178498662 0.01)
(0.3025328339 0.5318499099 0.01)
(0.2022196546 0.5419125471 0.01)
(0.1012700675 0.5479749666 0.01)
(0 0.55 0.01)
(-0.1012700659 0.5479749667 0.01)
(-0.202219653 0.5419125474 0.01)
(-0.3025328313 0.5318499105 0.01)
(-0.401895512 0.5178498676 0.01)
(-0.5 0.5 0.01)
(-0.6000000004 0.5 0.01)
(-0.7000000004 0.5 0.01)
(-0.8000000003 0.5 0.01)
(-0.9000000003 0.5 0.01)
(-1 0.5 0.01)
(-1.1 0.5 0.01)
(-1.2 0.5 0.01)
(-1.3 0.5 0.01)
(-1.4 0.5 0.01)
(1.4 0.6 0.01)
(1.3 0.6 0.01)
(1.2 0.6 0.01)
(1.1 0.6 0.01)
(1 0.6 0.01)
(0.9000000002 0.6 0.01)
(0.8000000003 0.6 0.01)
(0.7000000003 0.6 0.01)
(0.6000000003 0.6 0.01)
(0.5 0.6 0.01)
(0.401516413 0.614279893 0.01)
(0.3020262671 0.6254799279 0.01)
(0.2017757237 0.6335300377 0.01)
(0.101016054 0.6383799733 0.01)
(0 0.64 0.01)
(-0.1010160527 0.6383799734 0.01)
(-0.2017757224 0.6335300379 0.01)
(-0.302026265 0.6254799284 0.01)
(-0.4015164096 0.6142798941 0.01)
(-0.5 0.6 0.01)
(-0.6000000003 0.6 0.01)
(-0.7000000003 0.6 0.01)
(-0.8000000003 0.6 0.01)
(-0.9000000002 0.6 0.01)
(-1 0.6 0.01)
(-1.1 0.6 0.01)
(-1.2 0.6 0.01)
(-1.3 0.6 0.01)
(-1.4 0.6 0.01)
(1.4 0.7 0.01)
(1.3 0.7 0.01)
(1.2 0.7 0.01)
(1.1 0.7 0.01)
(1 0.7 0.01)
(0.9000000002 0.7 0.01)
(0.8000000002 0.7 0.01)
(0.7000000002 0.7 0.01)
(0.6000000002 0.7 0.01)
(0.5 0.7 0.01)
(0.4011373097 0.7107099197 0.01)
(0.3015197003 0.7191099459 0.01)
(0.2013317928 0.7251475283 0.01)
(0.1007620405 0.72878498 0.01)
(0 0.73 0.01)
(-0.1007620395 0.72878498 0.01)
(-0.2013317918 0.7251475284 0.01)
(-0.3015196988 0.7191099463 0.01)
(-0.4011373072 0.7107099205 0.01)
(-0.5 0.7 0.01)
(-0.6000000002 0.7 0.01)
(-0.7000000002 0.7 0.01)
(-0.8000000002 0.7 0.01)
(-0.9000000002 0.7 0.01)
(-1 0.7 0.01)
(-1.1 0.7 0.01)
(-1.2 0.7 0.01)
(-1.3 0.7 0.01)
(-1.4 0.7 0.01)
(1.4 0.8 0.01)
(1.3 0.8 0.01)
(1.2 0.8 0.01)
(1.1 0.8 0.01)
(1 0.8 0.01)
(0.9000000001 0.8 0.01)
(0.8000000001 0.8 0.01)
(0.7000000001 0.8 0.01)
(0.6000000002 0.8 0.01)
(0.5 0.8 0.01)
(0.4007582065 0.8071399465 0.01)
(0.3010131336 0.812739964 0.01)
(0.2008878618 0.8167650189 0.01)
(0.100508027 0.8191899866 0.01)
(0 0.82 0.01)
(-0.1005080264 0.8191899867 0.01)
(-0.2008878612 0.8167650189 0.01)
(-0.3010131325 0.8127399642 0.01)
(-0.4007582048 0.807139947 0.01)
(-0.5 0.8 0.01)
(-0.6000000002 0.8 0.01)
(-0.7000000001 0.8 0.01)
(-0.8000000001 0.8 0.01)
(-0.9000000001 0.8 0.01)
(-1 0.8 0.01)
(-1.1 0.8 0.01)
(-1.2 0.8 0.01)
(-1.3 0.8 0.01)
(-1.4 0.8 0.01)
(1.4 0.9 0.01)
(1.3 0.9 0.01)
(1.2 0.9 0.01)
(1.1 0.9 0.01)
(1 0.9 0.01)
(0.9000000001 0.9 0.01)
(0.8000000001 0.9 0.01)
(0.7000000001 0.9 0.01)
(0.6000000001 0.9 0.01)
(0.5 0.9 0.01)
(0.4003791032 0.9035699732 0.01)
(0.3005065668 0.906369982 0.01)
(0.2004439309 0.9083825094 0.01)
(0.1002540135 0.9095949933 0.01)
(0 0.91 0.01)
(-0.1002540132 0.9095949933 0.01)
(-0.2004439306 0.9083825095 0.01)
(-0.3005065663 0.9063699821 0.01)
(-0.4003791024 0.9035699735 0.01)
(-0.5 0.9 0.01)
(-0.6000000001 0.9 0.01)
(-0.7000000001 0.9 0.01)
(-0.8000000001 0.9 0.01)
(-0.9000000001 0.9 0.01)
(-1 0.9 0.01)
(-1.1 0.9 0.01)
(-1.2 0.9 0.01)
(-1.3 0.9 0.01)
(-1.4 0.9 0.01)
(-0.403791024 0.03569973516 0.01)
(-0.3050656626 0.06369982105 0.01)
(-0.2044393061 0.08382509474 0.01)
(-0.1025401318 0.09594993347 0.01)
(0 0.1 0.01)
(0.102540135 0.09594993322 0.01)
(0.2044393092 0.08382509425 0.01)
(0.3050656678 0.06369981977 0.01)
(0.4037910324 0.03569973244 0.01)
(0.5000000009 3.9401e-11 0.0099999999)
(0.6000000008 3.546057021e-11 0.00999999991)
(0.7000000007 3.152050686e-11 0.00999999992)
(0.8000000006 2.75804435e-11 0.00999999993)
(0.9000000005 2.364038014e-11 0.00999999994)
(1 1.970031678e-11 0.00999999995)
(1.1 1.576025343e-11 0.00999999996)
(1.2 1.182019007e-11 0.00999999997)
(1.3 7.880126714e-12 0.00999999998)
(1.4 3.940063357e-12 0.00999999999)
(1.5 0 0.01)
(1.5 0.1 0.01)
(1.5 0.2 0.01)
(1.5 0.3 0.01)
(1.5 0.4 0.01)
(1.5 0.5 0.01)
(1.5 0.6 0.01)
(1.5 0.7 0.01)
(1.5 0.8 0.01)
(1.5 0.9 0.01)
(1.5 1 0.01)
(1.4 1 0.01)
(1.3 1 0.01)
(1.2 1 0.01)
(1.1 1 0.01)
(1 1 0.01)
(0.9 1 0.01)
(0.8 1 0.01)
(0.7 1 0.01)
(0.6 1 0.01)
(0.5 1 0.01)
(0.4 1 0.01)
(0.3 1 0.01)
(0.2 1 0.01)
(0.1 1 0.01)
(-2.220446049e-16 1 0.01)
(-0.1 1 0.01)
(-0.2 1 0.01)
(-0.3 1 0.01)
(-0.4 1 0.01)
(-0.5 1 0.01)
(-0.6 1 0.01)
(-0.7 1 0.01)
(-0.8 1 0.01)
(-0.9 1 0.01)
(-1 1 0.01)
(-1.1 1 0.01)
(-1.2 1 0.01)
(-1.3 1 0.01)
(-1.4 1 0.01)
(-1.5 1 0.01)
(-1.5 0.9 0.01)
(-1.5 0.8 0.01)
(-1.5 0.7 0.01)
(-1.5 0.6 0.01)
(-1.5 0.5 0.01)
(-1.5 0.4 0.01)
(-1.5 0.3 0.01)
(-1.5 0.2 0.01)
(-1.5 0.1 0.01)
(-1.5 0 0.01)
(-1.4 3.932796322e-12 0.00999999999)
(-1.3 7.865592643e-12 0.00999999998)
(-1.2 1.179838896e-11 0.00999999997)
(-1.1 1.573118529e-11 0.00999999996)
(-1 1.966398161e-11 0.00999999995)
(-0.9000000005 2.359677793e-11 0.00999999994)
(-0.8000000006 2.752957425e-11 0.00999999993)
(-0.7000000007 3.146237057e-11 0.00999999992)
(-0.6000000008 3.539516689e-11 0.00999999991)
(-0.5000000009 3.9328e-11 0.0099999999)
(-0.6000000008 3.539516689e-11 -0.00999999991)
(-0.7000000007 3.146237057e-11 -0.00999999992)
(-0.8000000006 2.752957425e-11 -0.00999999993)
(-0.9000000005 2.359677793e-11 -0.00999999994)
(-1 1.966398161e-11 -0.00999999995)
(-1.1 1.573118529e-11 -0.00999999996)
(-1.2 1.179838896e-11 -0.00999999997)
(-1.3 7.865592643e-12 -0.00999999998)
(-1.4 3.932796322e-12 -0.00999999999)
(-0.5000000009 3.9328e-11 -0.0099999999)
(-1.5 0 -0.01)
(-1.5 0.1 -0.01)
(-1.5 0.2 -0.01)
(-1.5 0.3 -0.01)
(-1.5 0.4 -0.01)
(-1.5 0.5 -0.01)
(-1.5 0.6 -0.01)
(-1.5 0.7 -0.01)
(-1.5 0.8 -0.01)
(-1.5 0.9 -0.01)
(-1.5 1 -0.01)
(-1.4 1 -0.01)
(-1.3 1 -0.01)
(-1.2 1 -0.01)
(-1.1 1 -0.01)
(-1 1 -0.01)
(-0.9 1 -0.01)
(-0.8 1 -0.01)
(-0.7 1 -0.01)
(-0.6 1 -0.01)
(-0.5 1 -0.01)
(-0.4 1 -0.01)
(-0.3 1 -0.01)
(-0.2 1 -0.01)
(-0.1 1 -0.01)
(-2.220446049e-16 1 -0.01)
(0.1 1 -0.01)
(0.2 1 -0.01)
(0.3 1 -0.01)
(0.4 1 -0.01)
(0.5 1 -0.01)
(0.6 1 -0.01)
(0.7 1 -0.01)
(0.8 1 -0.01)
(0.9 1 -0.01)
(1 1 -0.01)
(1.1 1 -0.01)
(1.2 1 -0.01)
(1.3 1 -0.01)
(1.4 1 -0.01)
(1.5 1 -0.01)
(1.5 0.9 -0.01)
(1.5 0.8 -0.01)
(1.5 0.7 -0.01)
(1.5 0.6 -0.01)
(1.5 0.5 -0.01)
(1.5 0.4 -0.01)
(1.5 0.3 -0.01)
(1.5 0.2 -0.01)
(1.5 0.1 -0.01)
(1.5 0 -0.01)
(1.4 3.940063683e-12 -0.00999999999)
(1.3 7.880127366e-12 -0.00999999998)
(1.2 1.182019105e-11 -0.00999999997)
(1.1 1.576025473e-11 -0.00999999996)
(1 1.970031841e-11 -0.00999999995)
(0.9000000005 2.36403821e-11 -0.00999999994)
(0.8000000006 2.758044578e-11 -0.00999999993)
(0.7000000007 3.152050946e-11 -0.00999999992)
(0.6000000008 3.546057315e-11 -0.00999999991)
(0.5000000009 3.9401e-11 -0.0099999999)
(0.4037891593 0.0357002157 -0.01)
(0.3050576864 0.06370171298 -0.01)
(0.2044255016 0.08382724176 -0.01)
(0.102529588 0.09595076904 -0.01)
(1.583276501e-07 0.1000000003 -0.01)
(-0.1025292765 0.09595079419 -0.01)
(-0.2044253224 0.08382724689 -0.01)
(-0.3050576774 0.06370173631 -0.01)
(-0.4037892803 0.03570020448 -0.01)
)


// ************************************************************************* //
