1 1 2 35 
2 35 34 1 
3 2 3 36 
4 36 35 2 
5 3 4 37 
6 37 36 3 
7 4 5 38 
8 38 37 4 
9 5 6 39 
10 39 38 5 
11 6 7 40 
12 40 39 6 
13 7 8 41 
14 41 40 7 
15 8 9 42 
16 42 41 8 
17 9 10 43 
18 43 42 9 
19 10 11 44 
20 44 43 10 
21 11 12 45 
22 45 44 11 
23 12 13 46 
24 46 45 12 
25 13 14 47 
26 47 46 13 
27 14 15 48 
28 48 47 14 
29 15 16 49 
30 49 48 15 
31 16 17 50 
32 50 49 16 
33 17 18 51 
34 51 50 17 
35 18 19 52 
36 52 51 18 
37 19 20 53 
38 53 52 19 
39 20 21 54 
40 54 53 20 
41 21 22 55 
42 55 54 21 
43 22 23 56 
44 56 55 22 
45 23 24 57 
46 57 56 23 
47 24 25 58 
48 58 57 24 
49 25 26 59 
50 59 58 25 
51 26 27 60 
52 60 59 26 
53 27 28 61 
54 61 60 27 
55 28 29 62 
56 62 61 28 
57 29 30 63 
58 63 62 29 
59 30 31 64 
60 64 63 30 
61 31 32 65 
62 65 64 31 
63 32 33 66 
64 66 65 32 
65 34 35 68 
66 68 67 34 
67 35 36 69 
68 69 68 35 
69 36 37 70 
70 70 69 36 
71 37 38 71 
72 71 70 37 
73 38 39 72 
74 72 71 38 
75 39 40 73 
76 73 72 39 
77 40 41 74 
78 74 73 40 
79 41 42 75 
80 75 74 41 
81 42 43 76 
82 76 75 42 
83 43 44 77 
84 77 76 43 
85 44 45 78 
86 78 77 44 
87 45 46 79 
88 79 78 45 
89 46 47 80 
90 80 79 46 
91 47 48 81 
92 81 80 47 
93 48 49 82 
94 82 81 48 
95 49 50 83 
96 83 82 49 
97 50 51 84 
98 84 83 50 
99 51 52 85 
100 85 84 51 
101 52 53 86 
102 86 85 52 
103 53 54 87 
104 87 86 53 
105 54 55 88 
106 88 87 54 
107 55 56 89 
108 89 88 55 
109 56 57 90 
110 90 89 56 
111 57 58 91 
112 91 90 57 
113 58 59 92 
114 92 91 58 
115 59 60 93 
116 93 92 59 
117 60 61 94 
118 94 93 60 
119 61 62 95 
120 95 94 61 
121 62 63 96 
122 96 95 62 
123 63 64 97 
124 97 96 63 
125 64 65 98 
126 98 97 64 
127 65 66 99 
128 99 98 65 
129 67 68 101 
130 101 100 67 
131 68 69 102 
132 102 101 68 
133 69 70 103 
134 103 102 69 
135 70 71 104 
136 104 103 70 
137 71 72 105 
138 105 104 71 
139 72 73 106 
140 106 105 72 
141 73 74 107 
142 107 106 73 
143 74 75 108 
144 108 107 74 
145 75 76 109 
146 109 108 75 
147 76 77 110 
148 110 109 76 
149 77 78 111 
150 111 110 77 
151 78 79 112 
152 112 111 78 
153 79 80 113 
154 113 112 79 
155 80 81 114 
156 114 113 80 
157 81 82 115 
158 115 114 81 
159 82 83 116 
160 116 115 82 
161 83 84 117 
162 117 116 83 
163 84 85 118 
164 118 117 84 
165 85 86 119 
166 119 118 85 
167 86 87 120 
168 120 119 86 
169 87 88 121 
170 121 120 87 
171 88 89 122 
172 122 121 88 
173 89 90 123 
174 123 122 89 
175 90 91 124 
176 124 123 90 
177 91 92 125 
178 125 124 91 
179 92 93 126 
180 126 125 92 
181 93 94 127 
182 127 126 93 
183 94 95 128 
184 128 127 94 
185 95 96 129 
186 129 128 95 
187 96 97 130 
188 130 129 96 
189 97 98 131 
190 131 130 97 
191 98 99 132 
192 132 131 98 
193 100 101 134 
194 134 133 100 
195 101 102 135 
196 135 134 101 
197 102 103 136 
198 136 135 102 
199 103 104 137 
200 137 136 103 
201 104 105 138 
202 138 137 104 
203 105 106 139 
204 139 138 105 
205 106 107 140 
206 140 139 106 
207 107 108 141 
208 141 140 107 
209 108 109 142 
210 142 141 108 
211 109 110 143 
212 143 142 109 
213 110 111 144 
214 144 143 110 
215 111 112 145 
216 145 144 111 
217 112 113 146 
218 146 145 112 
219 113 114 147 
220 147 146 113 
221 114 115 148 
222 148 147 114 
223 115 116 149 
224 149 148 115 
225 116 117 150 
226 150 149 116 
227 117 118 151 
228 151 150 117 
229 118 119 152 
230 152 151 118 
231 119 120 153 
232 153 152 119 
233 120 121 154 
234 154 153 120 
235 121 122 155 
236 155 154 121 
237 122 123 156 
238 156 155 122 
239 123 124 157 
240 157 156 123 
241 124 125 158 
242 158 157 124 
243 125 126 159 
244 159 158 125 
245 126 127 160 
246 160 159 126 
247 127 128 161 
248 161 160 127 
249 128 129 162 
250 162 161 128 
251 129 130 163 
252 163 162 129 
253 130 131 164 
254 164 163 130 
255 131 132 165 
256 165 164 131 
257 133 134 167 
258 167 166 133 
259 134 135 168 
260 168 167 134 
261 135 136 169 
262 169 168 135 
263 136 137 170 
264 170 169 136 
265 137 138 171 
266 171 170 137 
267 138 139 172 
268 172 171 138 
269 139 140 173 
270 173 172 139 
271 140 141 174 
272 174 173 140 
273 141 142 175 
274 175 174 141 
275 142 143 176 
276 176 175 142 
277 143 144 177 
278 177 176 143 
279 144 145 178 
280 178 177 144 
281 145 146 179 
282 179 178 145 
283 146 147 180 
284 180 179 146 
285 147 148 181 
286 181 180 147 
287 148 149 182 
288 182 181 148 
289 149 150 183 
290 183 182 149 
291 150 151 184 
292 184 183 150 
293 151 152 185 
294 185 184 151 
295 152 153 186 
296 186 185 152 
297 153 154 187 
298 187 186 153 
299 154 155 188 
300 188 187 154 
301 155 156 189 
302 189 188 155 
303 156 157 190 
304 190 189 156 
305 157 158 191 
306 191 190 157 
307 158 159 192 
308 192 191 158 
309 159 160 193 
310 193 192 159 
311 160 161 194 
312 194 193 160 
313 161 162 195 
314 195 194 161 
315 162 163 196 
316 196 195 162 
317 163 164 197 
318 197 196 163 
319 164 165 198 
320 198 197 164 
321 166 167 200 
322 200 199 166 
323 167 168 201 
324 201 200 167 
325 168 169 202 
326 202 201 168 
327 169 170 203 
328 203 202 169 
329 170 171 204 
330 204 203 170 
331 171 172 205 
332 205 204 171 
333 172 173 206 
334 206 205 172 
335 173 174 207 
336 207 206 173 
337 174 175 208 
338 208 207 174 
339 175 176 209 
340 209 208 175 
341 176 177 210 
342 210 209 176 
343 177 178 211 
344 211 210 177 
345 178 179 212 
346 212 211 178 
347 179 180 213 
348 213 212 179 
349 180 181 214 
350 214 213 180 
351 181 182 215 
352 215 214 181 
353 182 183 216 
354 216 215 182 
355 183 184 217 
356 217 216 183 
357 184 185 218 
358 218 217 184 
359 185 186 219 
360 219 218 185 
361 186 187 220 
362 220 219 186 
363 187 188 221 
364 221 220 187 
365 188 189 222 
366 222 221 188 
367 189 190 223 
368 223 222 189 
369 190 191 224 
370 224 223 190 
371 191 192 225 
372 225 224 191 
373 192 193 226 
374 226 225 192 
375 193 194 227 
376 227 226 193 
377 194 195 228 
378 228 227 194 
379 195 196 229 
380 229 228 195 
381 196 197 230 
382 230 229 196 
383 197 198 231 
384 231 230 197 
385 199 200 233 
386 233 232 199 
387 200 201 234 
388 234 233 200 
389 201 202 235 
390 235 234 201 
391 202 203 236 
392 236 235 202 
393 203 204 237 
394 237 236 203 
395 204 205 238 
396 238 237 204 
397 205 206 239 
398 239 238 205 
399 206 207 240 
400 240 239 206 
401 207 208 241 
402 241 240 207 
403 208 209 242 
404 242 241 208 
405 209 210 243 
406 243 242 209 
407 210 211 244 
408 244 243 210 
409 211 212 245 
410 245 244 211 
411 212 213 246 
412 246 245 212 
413 213 214 247 
414 247 246 213 
415 214 215 248 
416 248 247 214 
417 215 216 249 
418 249 248 215 
419 216 217 250 
420 250 249 216 
421 217 218 251 
422 251 250 217 
423 218 219 252 
424 252 251 218 
425 219 220 253 
426 253 252 219 
427 220 221 254 
428 254 253 220 
429 221 222 255 
430 255 254 221 
431 222 223 256 
432 256 255 222 
433 223 224 257 
434 257 256 223 
435 224 225 258 
436 258 257 224 
437 225 226 259 
438 259 258 225 
439 226 227 260 
440 260 259 226 
441 227 228 261 
442 261 260 227 
443 228 229 262 
444 262 261 228 
445 229 230 263 
446 263 262 229 
447 230 231 264 
448 264 263 230 
449 232 233 266 
450 266 265 232 
451 233 234 267 
452 267 266 233 
453 234 235 268 
454 268 267 234 
455 235 236 269 
456 269 268 235 
457 236 237 270 
458 270 269 236 
459 237 238 271 
460 271 270 237 
461 238 239 272 
462 272 271 238 
463 239 240 273 
464 273 272 239 
465 240 241 274 
466 274 273 240 
467 241 242 275 
468 275 274 241 
469 242 243 276 
470 276 275 242 
471 243 244 277 
472 277 276 243 
473 244 245 278 
474 278 277 244 
475 245 246 279 
476 279 278 245 
477 246 247 280 
478 280 279 246 
479 247 248 281 
480 281 280 247 
481 248 249 282 
482 282 281 248 
483 249 250 283 
484 283 282 249 
485 250 251 284 
486 284 283 250 
487 251 252 285 
488 285 284 251 
489 252 253 286 
490 286 285 252 
491 253 254 287 
492 287 286 253 
493 254 255 288 
494 288 287 254 
495 255 256 289 
496 289 288 255 
497 256 257 290 
498 290 289 256 
499 257 258 291 
500 291 290 257 
501 258 259 292 
502 292 291 258 
503 259 260 293 
504 293 292 259 
505 260 261 294 
506 294 293 260 
507 261 262 295 
508 295 294 261 
509 262 263 296 
510 296 295 262 
511 263 264 297 
512 297 296 263 
513 265 266 299 
514 299 298 265 
515 266 267 300 
516 300 299 266 
517 267 268 301 
518 301 300 267 
519 268 269 302 
520 302 301 268 
521 269 270 303 
522 303 302 269 
523 270 271 304 
524 304 303 270 
525 271 272 305 
526 305 304 271 
527 272 273 306 
528 306 305 272 
529 273 274 307 
530 307 306 273 
531 274 275 308 
532 308 307 274 
533 275 276 309 
534 309 308 275 
535 276 277 310 
536 310 309 276 
537 277 278 311 
538 311 310 277 
539 278 279 312 
540 312 311 278 
541 279 280 313 
542 313 312 279 
543 280 281 314 
544 314 313 280 
545 281 282 315 
546 315 314 281 
547 282 283 316 
548 316 315 282 
549 283 284 317 
550 317 316 283 
551 284 285 318 
552 318 317 284 
553 285 286 319 
554 319 318 285 
555 286 287 320 
556 320 319 286 
557 287 288 321 
558 321 320 287 
559 288 289 322 
560 322 321 288 
561 289 290 323 
562 323 322 289 
563 290 291 324 
564 324 323 290 
565 291 292 325 
566 325 324 291 
567 292 293 326 
568 326 325 292 
569 293 294 327 
570 327 326 293 
571 294 295 328 
572 328 327 294 
573 295 296 329 
574 329 328 295 
575 296 297 330 
576 330 329 296 
577 298 299 332 
578 332 331 298 
579 299 300 333 
580 333 332 299 
581 300 301 334 
582 334 333 300 
583 301 302 335 
584 335 334 301 
585 302 303 336 
586 336 335 302 
587 303 304 337 
588 337 336 303 
589 304 305 338 
590 338 337 304 
591 305 306 339 
592 339 338 305 
593 306 307 340 
594 340 339 306 
595 307 308 341 
596 341 340 307 
597 308 309 342 
598 342 341 308 
599 309 310 343 
600 343 342 309 
601 310 311 344 
602 344 343 310 
603 311 312 345 
604 345 344 311 
605 312 313 346 
606 346 345 312 
607 313 314 347 
608 347 346 313 
609 314 315 348 
610 348 347 314 
611 315 316 349 
612 349 348 315 
613 316 317 350 
614 350 349 316 
615 317 318 351 
616 351 350 317 
617 318 319 352 
618 352 351 318 
619 319 320 353 
620 353 352 319 
621 320 321 354 
622 354 353 320 
623 321 322 355 
624 355 354 321 
625 322 323 356 
626 356 355 322 
627 323 324 357 
628 357 356 323 
629 324 325 358 
630 358 357 324 
631 325 326 359 
632 359 358 325 
633 326 327 360 
634 360 359 326 
635 327 328 361 
636 361 360 327 
637 328 329 362 
638 362 361 328 
639 329 330 363 
640 363 362 329 
641 331 332 365 
642 365 364 331 
643 332 333 366 
644 366 365 332 
645 333 334 367 
646 367 366 333 
647 334 335 368 
648 368 367 334 
649 335 336 369 
650 369 368 335 
651 336 337 370 
652 370 369 336 
653 337 338 371 
654 371 370 337 
655 338 339 372 
656 372 371 338 
657 339 340 373 
658 373 372 339 
659 340 341 374 
660 374 373 340 
661 341 342 375 
662 375 374 341 
663 342 343 376 
664 376 375 342 
665 343 344 377 
666 377 376 343 
667 344 345 378 
668 378 377 344 
669 345 346 379 
670 379 378 345 
671 346 347 380 
672 380 379 346 
673 347 348 381 
674 381 380 347 
675 348 349 382 
676 382 381 348 
677 349 350 383 
678 383 382 349 
679 350 351 384 
680 384 383 350 
681 351 352 385 
682 385 384 351 
683 352 353 386 
684 386 385 352 
685 353 354 387 
686 387 386 353 
687 354 355 388 
688 388 387 354 
689 355 356 389 
690 389 388 355 
691 356 357 390 
692 390 389 356 
693 357 358 391 
694 391 390 357 
695 358 359 392 
696 392 391 358 
697 359 360 393 
698 393 392 359 
699 360 361 394 
700 394 393 360 
701 361 362 395 
702 395 394 361 
703 362 363 396 
704 396 395 362 
705 364 365 398 
706 398 397 364 
707 365 366 399 
708 399 398 365 
709 366 367 400 
710 400 399 366 
711 367 368 401 
712 401 400 367 
713 368 369 402 
714 402 401 368 
715 369 370 403 
716 403 402 369 
717 370 371 404 
718 404 403 370 
719 371 372 405 
720 405 404 371 
721 372 373 406 
722 406 405 372 
723 373 374 407 
724 407 406 373 
725 374 375 408 
726 408 407 374 
727 375 376 409 
728 409 408 375 
729 376 377 410 
730 410 409 376 
731 377 378 411 
732 411 410 377 
733 378 379 412 
734 412 411 378 
735 379 380 413 
736 413 412 379 
737 380 381 414 
738 414 413 380 
739 381 382 415 
740 415 414 381 
741 382 383 416 
742 416 415 382 
743 383 384 417 
744 417 416 383 
745 384 385 418 
746 418 417 384 
747 385 386 419 
748 419 418 385 
749 386 387 420 
750 420 419 386 
751 387 388 421 
752 421 420 387 
753 388 389 422 
754 422 421 388 
755 389 390 423 
756 423 422 389 
757 390 391 424 
758 424 423 390 
759 391 392 425 
760 425 424 391 
761 392 393 426 
762 426 425 392 
763 393 394 427 
764 427 426 393 
765 394 395 428 
766 428 427 394 
767 395 396 429 
768 429 428 395 
769 397 398 431 
770 431 430 397 
771 398 399 432 
772 432 431 398 
773 399 400 433 
774 433 432 399 
775 400 401 434 
776 434 433 400 
777 401 402 435 
778 435 434 401 
779 402 403 436 
780 436 435 402 
781 403 404 437 
782 437 436 403 
783 404 405 438 
784 438 437 404 
785 405 406 439 
786 439 438 405 
787 406 407 440 
788 440 439 406 
789 407 408 441 
790 441 440 407 
791 408 409 442 
792 442 441 408 
793 409 410 443 
794 443 442 409 
795 410 411 444 
796 444 443 410 
797 411 412 445 
798 445 444 411 
799 412 413 446 
800 446 445 412 
801 413 414 447 
802 447 446 413 
803 414 415 448 
804 448 447 414 
805 415 416 449 
806 449 448 415 
807 416 417 450 
808 450 449 416 
809 417 418 451 
810 451 450 417 
811 418 419 452 
812 452 451 418 
813 419 420 453 
814 453 452 419 
815 420 421 454 
816 454 453 420 
817 421 422 455 
818 455 454 421 
819 422 423 456 
820 456 455 422 
821 423 424 457 
822 457 456 423 
823 424 425 458 
824 458 457 424 
825 425 426 459 
826 459 458 425 
827 426 427 460 
828 460 459 426 
829 427 428 461 
830 461 460 427 
831 428 429 462 
832 462 461 428 
833 430 431 464 
834 464 463 430 
835 431 432 465 
836 465 464 431 
837 432 433 466 
838 466 465 432 
839 433 434 467 
840 467 466 433 
841 434 435 468 
842 468 467 434 
843 435 436 469 
844 469 468 435 
845 436 437 470 
846 470 469 436 
847 437 438 471 
848 471 470 437 
849 438 439 472 
850 472 471 438 
851 439 440 473 
852 473 472 439 
853 440 441 474 
854 474 473 440 
855 441 442 475 
856 475 474 441 
857 442 443 476 
858 476 475 442 
859 443 444 477 
860 477 476 443 
861 444 445 478 
862 478 477 444 
863 445 446 479 
864 479 478 445 
865 446 447 480 
866 480 479 446 
867 447 448 481 
868 481 480 447 
869 448 449 482 
870 482 481 448 
871 449 450 483 
872 483 482 449 
873 450 451 484 
874 484 483 450 
875 451 452 485 
876 485 484 451 
877 452 453 486 
878 486 485 452 
879 453 454 487 
880 487 486 453 
881 454 455 488 
882 488 487 454 
883 455 456 489 
884 489 488 455 
885 456 457 490 
886 490 489 456 
887 457 458 491 
888 491 490 457 
889 458 459 492 
890 492 491 458 
891 459 460 493 
892 493 492 459 
893 460 461 494 
894 494 493 460 
895 461 462 495 
896 495 494 461 
897 463 464 497 
898 497 496 463 
899 464 465 498 
900 498 497 464 
901 465 466 499 
902 499 498 465 
903 466 467 500 
904 500 499 466 
905 467 468 501 
906 501 500 467 
907 468 469 502 
908 502 501 468 
909 469 470 503 
910 503 502 469 
911 470 471 504 
912 504 503 470 
913 471 472 505 
914 505 504 471 
915 472 473 506 
916 506 505 472 
917 473 474 507 
918 507 506 473 
919 474 475 508 
920 508 507 474 
921 475 476 509 
922 509 508 475 
923 476 477 510 
924 510 509 476 
925 477 478 511 
926 511 510 477 
927 478 479 512 
928 512 511 478 
929 479 480 513 
930 513 512 479 
931 480 481 514 
932 514 513 480 
933 481 482 515 
934 515 514 481 
935 482 483 516 
936 516 515 482 
937 483 484 517 
938 517 516 483 
939 484 485 518 
940 518 517 484 
941 485 486 519 
942 519 518 485 
943 486 487 520 
944 520 519 486 
945 487 488 521 
946 521 520 487 
947 488 489 522 
948 522 521 488 
949 489 490 523 
950 523 522 489 
951 490 491 524 
952 524 523 490 
953 491 492 525 
954 525 524 491 
955 492 493 526 
956 526 525 492 
957 493 494 527 
958 527 526 493 
959 494 495 528 
960 528 527 494 
961 496 497 530 
962 530 529 496 
963 497 498 531 
964 531 530 497 
965 498 499 532 
966 532 531 498 
967 499 500 533 
968 533 532 499 
969 500 501 534 
970 534 533 500 
971 501 502 535 
972 535 534 501 
973 502 503 536 
974 536 535 502 
975 503 504 537 
976 537 536 503 
977 504 505 538 
978 538 537 504 
979 505 506 539 
980 539 538 505 
981 506 507 540 
982 540 539 506 
983 507 508 541 
984 541 540 507 
985 508 509 542 
986 542 541 508 
987 509 510 543 
988 543 542 509 
989 510 511 544 
990 544 543 510 
991 511 512 545 
992 545 544 511 
993 512 513 546 
994 546 545 512 
995 513 514 547 
996 547 546 513 
997 514 515 548 
998 548 547 514 
999 515 516 549 
1000 549 548 515 
1001 516 517 550 
1002 550 549 516 
1003 517 518 551 
1004 551 550 517 
1005 518 519 552 
1006 552 551 518 
1007 519 520 553 
1008 553 552 519 
1009 520 521 554 
1010 554 553 520 
1011 521 522 555 
1012 555 554 521 
1013 522 523 556 
1014 556 555 522 
1015 523 524 557 
1016 557 556 523 
1017 524 525 558 
1018 558 557 524 
1019 525 526 559 
1020 559 558 525 
1021 526 527 560 
1022 560 559 526 
1023 527 528 561 
1024 561 560 527 
1025 529 530 563 
1026 563 562 529 
1027 530 531 564 
1028 564 563 530 
1029 531 532 565 
1030 565 564 531 
1031 532 533 566 
1032 566 565 532 
1033 533 534 567 
1034 567 566 533 
1035 534 535 568 
1036 568 567 534 
1037 535 536 569 
1038 569 568 535 
1039 536 537 570 
1040 570 569 536 
1041 537 538 571 
1042 571 570 537 
1043 538 539 572 
1044 572 571 538 
1045 539 540 573 
1046 573 572 539 
1047 540 541 574 
1048 574 573 540 
1049 541 542 575 
1050 575 574 541 
1051 542 543 576 
1052 576 575 542 
1053 543 544 577 
1054 577 576 543 
1055 544 545 578 
1056 578 577 544 
1057 545 546 579 
1058 579 578 545 
1059 546 547 580 
1060 580 579 546 
1061 547 548 581 
1062 581 580 547 
1063 548 549 582 
1064 582 581 548 
1065 549 550 583 
1066 583 582 549 
1067 550 551 584 
1068 584 583 550 
1069 551 552 585 
1070 585 584 551 
1071 552 553 586 
1072 586 585 552 
1073 553 554 587 
1074 587 586 553 
1075 554 555 588 
1076 588 587 554 
1077 555 556 589 
1078 589 588 555 
1079 556 557 590 
1080 590 589 556 
1081 557 558 591 
1082 591 590 557 
1083 558 559 592 
1084 592 591 558 
1085 559 560 593 
1086 593 592 559 
1087 560 561 594 
1088 594 593 560 
1089 562 563 596 
1090 596 595 562 
1091 563 564 597 
1092 597 596 563 
1093 564 565 598 
1094 598 597 564 
1095 565 566 599 
1096 599 598 565 
1097 566 567 600 
1098 600 599 566 
1099 567 568 601 
1100 601 600 567 
1101 568 569 602 
1102 602 601 568 
1103 569 570 603 
1104 603 602 569 
1105 570 571 604 
1106 604 603 570 
1107 571 572 605 
1108 605 604 571 
1109 572 573 606 
1110 606 605 572 
1111 573 574 607 
1112 607 606 573 
1113 574 575 608 
1114 608 607 574 
1115 575 576 609 
1116 609 608 575 
1117 576 577 610 
1118 610 609 576 
1119 577 578 611 
1120 611 610 577 
1121 578 579 612 
1122 612 611 578 
1123 579 580 613 
1124 613 612 579 
1125 580 581 614 
1126 614 613 580 
1127 581 582 615 
1128 615 614 581 
1129 582 583 616 
1130 616 615 582 
1131 583 584 617 
1132 617 616 583 
1133 584 585 618 
1134 618 617 584 
1135 585 586 619 
1136 619 618 585 
1137 586 587 620 
1138 620 619 586 
1139 587 588 621 
1140 621 620 587 
1141 588 589 622 
1142 622 621 588 
1143 589 590 623 
1144 623 622 589 
1145 590 591 624 
1146 624 623 590 
1147 591 592 625 
1148 625 624 591 
1149 592 593 626 
1150 626 625 592 
1151 593 594 627 
1152 627 626 593 
1153 595 596 629 
1154 629 628 595 
1155 596 597 630 
1156 630 629 596 
1157 597 598 631 
1158 631 630 597 
1159 598 599 632 
1160 632 631 598 
1161 599 600 633 
1162 633 632 599 
1163 600 601 634 
1164 634 633 600 
1165 601 602 635 
1166 635 634 601 
1167 602 603 636 
1168 636 635 602 
1169 603 604 637 
1170 637 636 603 
1171 604 605 638 
1172 638 637 604 
1173 605 606 639 
1174 639 638 605 
1175 606 607 640 
1176 640 639 606 
1177 607 608 641 
1178 641 640 607 
1179 608 609 642 
1180 642 641 608 
1181 609 610 643 
1182 643 642 609 
1183 610 611 644 
1184 644 643 610 
1185 611 612 645 
1186 645 644 611 
1187 612 613 646 
1188 646 645 612 
1189 613 614 647 
1190 647 646 613 
1191 614 615 648 
1192 648 647 614 
1193 615 616 649 
1194 649 648 615 
1195 616 617 650 
1196 650 649 616 
1197 617 618 651 
1198 651 650 617 
1199 618 619 652 
1200 652 651 618 
1201 619 620 653 
1202 653 652 619 
1203 620 621 654 
1204 654 653 620 
1205 621 622 655 
1206 655 654 621 
1207 622 623 656 
1208 656 655 622 
1209 623 624 657 
1210 657 656 623 
1211 624 625 658 
1212 658 657 624 
1213 625 626 659 
1214 659 658 625 
1215 626 627 660 
1216 660 659 626 
1217 628 629 662 
1218 662 661 628 
1219 629 630 663 
1220 663 662 629 
1221 630 631 664 
1222 664 663 630 
1223 631 632 665 
1224 665 664 631 
1225 632 633 666 
1226 666 665 632 
1227 633 634 667 
1228 667 666 633 
1229 634 635 668 
1230 668 667 634 
1231 635 636 669 
1232 669 668 635 
1233 636 637 670 
1234 670 669 636 
1235 637 638 671 
1236 671 670 637 
1237 638 639 672 
1238 672 671 638 
1239 639 640 673 
1240 673 672 639 
1241 640 641 674 
1242 674 673 640 
1243 641 642 675 
1244 675 674 641 
1245 642 643 676 
1246 676 675 642 
1247 643 644 677 
1248 677 676 643 
1249 644 645 678 
1250 678 677 644 
1251 645 646 679 
1252 679 678 645 
1253 646 647 680 
1254 680 679 646 
1255 647 648 681 
1256 681 680 647 
1257 648 649 682 
1258 682 681 648 
1259 649 650 683 
1260 683 682 649 
1261 650 651 684 
1262 684 683 650 
1263 651 652 685 
1264 685 684 651 
1265 652 653 686 
1266 686 685 652 
1267 653 654 687 
1268 687 686 653 
1269 654 655 688 
1270 688 687 654 
1271 655 656 689 
1272 689 688 655 
1273 656 657 690 
1274 690 689 656 
1275 657 658 691 
1276 691 690 657 
1277 658 659 692 
1278 692 691 658 
1279 659 660 693 
1280 693 692 659 
1281 661 662 695 
1282 695 694 661 
1283 662 663 696 
1284 696 695 662 
1285 663 664 697 
1286 697 696 663 
1287 664 665 698 
1288 698 697 664 
1289 665 666 699 
1290 699 698 665 
1291 666 667 700 
1292 700 699 666 
1293 667 668 701 
1294 701 700 667 
1295 668 669 702 
1296 702 701 668 
1297 669 670 703 
1298 703 702 669 
1299 670 671 704 
1300 704 703 670 
1301 671 672 705 
1302 705 704 671 
1303 672 673 706 
1304 706 705 672 
1305 673 674 707 
1306 707 706 673 
1307 674 675 708 
1308 708 707 674 
1309 675 676 709 
1310 709 708 675 
1311 676 677 710 
1312 710 709 676 
1313 677 678 711 
1314 711 710 677 
1315 678 679 712 
1316 712 711 678 
1317 679 680 713 
1318 713 712 679 
1319 680 681 714 
1320 714 713 680 
1321 681 682 715 
1322 715 714 681 
1323 682 683 716 
1324 716 715 682 
1325 683 684 717 
1326 717 716 683 
1327 684 685 718 
1328 718 717 684 
1329 685 686 719 
1330 719 718 685 
1331 686 687 720 
1332 720 719 686 
1333 687 688 721 
1334 721 720 687 
1335 688 689 722 
1336 722 721 688 
1337 689 690 723 
1338 723 722 689 
1339 690 691 724 
1340 724 723 690 
1341 691 692 725 
1342 725 724 691 
1343 692 693 726 
1344 726 725 692 
1345 694 695 728 
1346 728 727 694 
1347 695 696 729 
1348 729 728 695 
1349 696 697 730 
1350 730 729 696 
1351 697 698 731 
1352 731 730 697 
1353 698 699 732 
1354 732 731 698 
1355 699 700 733 
1356 733 732 699 
1357 700 701 734 
1358 734 733 700 
1359 701 702 735 
1360 735 734 701 
1361 702 703 736 
1362 736 735 702 
1363 703 704 737 
1364 737 736 703 
1365 704 705 738 
1366 738 737 704 
1367 705 706 739 
1368 739 738 705 
1369 706 707 740 
1370 740 739 706 
1371 707 708 741 
1372 741 740 707 
1373 708 709 742 
1374 742 741 708 
1375 709 710 743 
1376 743 742 709 
1377 710 711 744 
1378 744 743 710 
1379 711 712 745 
1380 745 744 711 
1381 712 713 746 
1382 746 745 712 
1383 713 714 747 
1384 747 746 713 
1385 714 715 748 
1386 748 747 714 
1387 715 716 749 
1388 749 748 715 
1389 716 717 750 
1390 750 749 716 
1391 717 718 751 
1392 751 750 717 
1393 718 719 752 
1394 752 751 718 
1395 719 720 753 
1396 753 752 719 
1397 720 721 754 
1398 754 753 720 
1399 721 722 755 
1400 755 754 721 
1401 722 723 756 
1402 756 755 722 
1403 723 724 757 
1404 757 756 723 
1405 724 725 758 
1406 758 757 724 
1407 725 726 759 
1408 759 758 725 
1409 727 728 761 
1410 761 760 727 
1411 728 729 762 
1412 762 761 728 
1413 729 730 763 
1414 763 762 729 
1415 730 731 764 
1416 764 763 730 
1417 731 732 765 
1418 765 764 731 
1419 732 733 766 
1420 766 765 732 
1421 733 734 767 
1422 767 766 733 
1423 734 735 768 
1424 768 767 734 
1425 735 736 769 
1426 769 768 735 
1427 736 737 770 
1428 770 769 736 
1429 737 738 771 
1430 771 770 737 
1431 738 739 772 
1432 772 771 738 
1433 739 740 773 
1434 773 772 739 
1435 740 741 774 
1436 774 773 740 
1437 741 742 775 
1438 775 774 741 
1439 742 743 776 
1440 776 775 742 
1441 743 744 777 
1442 777 776 743 
1443 744 745 778 
1444 778 777 744 
1445 745 746 779 
1446 779 778 745 
1447 746 747 780 
1448 780 779 746 
1449 747 748 781 
1450 781 780 747 
1451 748 749 782 
1452 782 781 748 
1453 749 750 783 
1454 783 782 749 
1455 750 751 784 
1456 784 783 750 
1457 751 752 785 
1458 785 784 751 
1459 752 753 786 
1460 786 785 752 
1461 753 754 787 
1462 787 786 753 
1463 754 755 788 
1464 788 787 754 
1465 755 756 789 
1466 789 788 755 
1467 756 757 790 
1468 790 789 756 
1469 757 758 791 
1470 791 790 757 
1471 758 759 792 
1472 792 791 758 
1473 760 761 794 
1474 794 793 760 
1475 761 762 795 
1476 795 794 761 
1477 762 763 796 
1478 796 795 762 
1479 763 764 797 
1480 797 796 763 
1481 764 765 798 
1482 798 797 764 
1483 765 766 799 
1484 799 798 765 
1485 766 767 800 
1486 800 799 766 
1487 767 768 801 
1488 801 800 767 
1489 768 769 802 
1490 802 801 768 
1491 769 770 803 
1492 803 802 769 
1493 770 771 804 
1494 804 803 770 
1495 771 772 805 
1496 805 804 771 
1497 772 773 806 
1498 806 805 772 
1499 773 774 807 
1500 807 806 773 
1501 774 775 808 
1502 808 807 774 
1503 775 776 809 
1504 809 808 775 
1505 776 777 810 
1506 810 809 776 
1507 777 778 811 
1508 811 810 777 
1509 778 779 812 
1510 812 811 778 
1511 779 780 813 
1512 813 812 779 
1513 780 781 814 
1514 814 813 780 
1515 781 782 815 
1516 815 814 781 
1517 782 783 816 
1518 816 815 782 
1519 783 784 817 
1520 817 816 783 
1521 784 785 818 
1522 818 817 784 
1523 785 786 819 
1524 819 818 785 
1525 786 787 820 
1526 820 819 786 
1527 787 788 821 
1528 821 820 787 
1529 788 789 822 
1530 822 821 788 
1531 789 790 823 
1532 823 822 789 
1533 790 791 824 
1534 824 823 790 
1535 791 792 825 
1536 825 824 791 
1537 793 794 827 
1538 827 826 793 
1539 794 795 828 
1540 828 827 794 
1541 795 796 829 
1542 829 828 795 
1543 796 797 830 
1544 830 829 796 
1545 797 798 831 
1546 831 830 797 
1547 798 799 832 
1548 832 831 798 
1549 799 800 833 
1550 833 832 799 
1551 800 801 834 
1552 834 833 800 
1553 801 802 835 
1554 835 834 801 
1555 802 803 836 
1556 836 835 802 
1557 803 804 837 
1558 837 836 803 
1559 804 805 838 
1560 838 837 804 
1561 805 806 839 
1562 839 838 805 
1563 806 807 840 
1564 840 839 806 
1565 807 808 841 
1566 841 840 807 
1567 808 809 842 
1568 842 841 808 
1569 809 810 843 
1570 843 842 809 
1571 810 811 844 
1572 844 843 810 
1573 811 812 845 
1574 845 844 811 
1575 812 813 846 
1576 846 845 812 
1577 813 814 847 
1578 847 846 813 
1579 814 815 848 
1580 848 847 814 
1581 815 816 849 
1582 849 848 815 
1583 816 817 850 
1584 850 849 816 
1585 817 818 851 
1586 851 850 817 
1587 818 819 852 
1588 852 851 818 
1589 819 820 853 
1590 853 852 819 
1591 820 821 854 
1592 854 853 820 
1593 821 822 855 
1594 855 854 821 
1595 822 823 856 
1596 856 855 822 
1597 823 824 857 
1598 857 856 823 
1599 824 825 858 
1600 858 857 824 
1601 826 827 860 
1602 860 859 826 
1603 827 828 861 
1604 861 860 827 
1605 828 829 862 
1606 862 861 828 
1607 829 830 863 
1608 863 862 829 
1609 830 831 864 
1610 864 863 830 
1611 831 832 865 
1612 865 864 831 
1613 832 833 866 
1614 866 865 832 
1615 833 834 867 
1616 867 866 833 
1617 834 835 868 
1618 868 867 834 
1619 835 836 869 
1620 869 868 835 
1621 836 837 870 
1622 870 869 836 
1623 837 838 871 
1624 871 870 837 
1625 838 839 872 
1626 872 871 838 
1627 839 840 873 
1628 873 872 839 
1629 840 841 874 
1630 874 873 840 
1631 841 842 875 
1632 875 874 841 
1633 842 843 876 
1634 876 875 842 
1635 843 844 877 
1636 877 876 843 
1637 844 845 878 
1638 878 877 844 
1639 845 846 879 
1640 879 878 845 
1641 846 847 880 
1642 880 879 846 
1643 847 848 881 
1644 881 880 847 
1645 848 849 882 
1646 882 881 848 
1647 849 850 883 
1648 883 882 849 
1649 850 851 884 
1650 884 883 850 
1651 851 852 885 
1652 885 884 851 
1653 852 853 886 
1654 886 885 852 
1655 853 854 887 
1656 887 886 853 
1657 854 855 888 
1658 888 887 854 
1659 855 856 889 
1660 889 888 855 
1661 856 857 890 
1662 890 889 856 
1663 857 858 891 
1664 891 890 857 
1665 859 860 893 
1666 893 892 859 
1667 860 861 894 
1668 894 893 860 
1669 861 862 895 
1670 895 894 861 
1671 862 863 896 
1672 896 895 862 
1673 863 864 897 
1674 897 896 863 
1675 864 865 898 
1676 898 897 864 
1677 865 866 899 
1678 899 898 865 
1679 866 867 900 
1680 900 899 866 
1681 867 868 901 
1682 901 900 867 
1683 868 869 902 
1684 902 901 868 
1685 869 870 903 
1686 903 902 869 
1687 870 871 904 
1688 904 903 870 
1689 871 872 905 
1690 905 904 871 
1691 872 873 906 
1692 906 905 872 
1693 873 874 907 
1694 907 906 873 
1695 874 875 908 
1696 908 907 874 
1697 875 876 909 
1698 909 908 875 
1699 876 877 910 
1700 910 909 876 
1701 877 878 911 
1702 911 910 877 
1703 878 879 912 
1704 912 911 878 
1705 879 880 913 
1706 913 912 879 
1707 880 881 914 
1708 914 913 880 
1709 881 882 915 
1710 915 914 881 
1711 882 883 916 
1712 916 915 882 
1713 883 884 917 
1714 917 916 883 
1715 884 885 918 
1716 918 917 884 
1717 885 886 919 
1718 919 918 885 
1719 886 887 920 
1720 920 919 886 
1721 887 888 921 
1722 921 920 887 
1723 888 889 922 
1724 922 921 888 
1725 889 890 923 
1726 923 922 889 
1727 890 891 924 
1728 924 923 890 
1729 892 893 926 
1730 926 925 892 
1731 893 894 927 
1732 927 926 893 
1733 894 895 928 
1734 928 927 894 
1735 895 896 929 
1736 929 928 895 
1737 896 897 930 
1738 930 929 896 
1739 897 898 931 
1740 931 930 897 
1741 898 899 932 
1742 932 931 898 
1743 899 900 933 
1744 933 932 899 
1745 900 901 934 
1746 934 933 900 
1747 901 902 935 
1748 935 934 901 
1749 902 903 936 
1750 936 935 902 
1751 903 904 937 
1752 937 936 903 
1753 904 905 938 
1754 938 937 904 
1755 905 906 939 
1756 939 938 905 
1757 906 907 940 
1758 940 939 906 
1759 907 908 941 
1760 941 940 907 
1761 908 909 942 
1762 942 941 908 
1763 909 910 943 
1764 943 942 909 
1765 910 911 944 
1766 944 943 910 
1767 911 912 945 
1768 945 944 911 
1769 912 913 946 
1770 946 945 912 
1771 913 914 947 
1772 947 946 913 
1773 914 915 948 
1774 948 947 914 
1775 915 916 949 
1776 949 948 915 
1777 916 917 950 
1778 950 949 916 
1779 917 918 951 
1780 951 950 917 
1781 918 919 952 
1782 952 951 918 
1783 919 920 953 
1784 953 952 919 
1785 920 921 954 
1786 954 953 920 
1787 921 922 955 
1788 955 954 921 
1789 922 923 956 
1790 956 955 922 
1791 923 924 957 
1792 957 956 923 
1793 925 926 959 
1794 959 958 925 
1795 926 927 960 
1796 960 959 926 
1797 927 928 961 
1798 961 960 927 
1799 928 929 962 
1800 962 961 928 
1801 929 930 963 
1802 963 962 929 
1803 930 931 964 
1804 964 963 930 
1805 931 932 965 
1806 965 964 931 
1807 932 933 966 
1808 966 965 932 
1809 933 934 967 
1810 967 966 933 
1811 934 935 968 
1812 968 967 934 
1813 935 936 969 
1814 969 968 935 
1815 936 937 970 
1816 970 969 936 
1817 937 938 971 
1818 971 970 937 
1819 938 939 972 
1820 972 971 938 
1821 939 940 973 
1822 973 972 939 
1823 940 941 974 
1824 974 973 940 
1825 941 942 975 
1826 975 974 941 
1827 942 943 976 
1828 976 975 942 
1829 943 944 977 
1830 977 976 943 
1831 944 945 978 
1832 978 977 944 
1833 945 946 979 
1834 979 978 945 
1835 946 947 980 
1836 980 979 946 
1837 947 948 981 
1838 981 980 947 
1839 948 949 982 
1840 982 981 948 
1841 949 950 983 
1842 983 982 949 
1843 950 951 984 
1844 984 983 950 
1845 951 952 985 
1846 985 984 951 
1847 952 953 986 
1848 986 985 952 
1849 953 954 987 
1850 987 986 953 
1851 954 955 988 
1852 988 987 954 
1853 955 956 989 
1854 989 988 955 
1855 956 957 990 
1856 990 989 956 
1857 958 959 992 
1858 992 991 958 
1859 959 960 993 
1860 993 992 959 
1861 960 961 994 
1862 994 993 960 
1863 961 962 995 
1864 995 994 961 
1865 962 963 996 
1866 996 995 962 
1867 963 964 997 
1868 997 996 963 
1869 964 965 998 
1870 998 997 964 
1871 965 966 999 
1872 999 998 965 
1873 966 967 1000 
1874 1000 999 966 
1875 967 968 1001 
1876 1001 1000 967 
1877 968 969 1002 
1878 1002 1001 968 
1879 969 970 1003 
1880 1003 1002 969 
1881 970 971 1004 
1882 1004 1003 970 
1883 971 972 1005 
1884 1005 1004 971 
1885 972 973 1006 
1886 1006 1005 972 
1887 973 974 1007 
1888 1007 1006 973 
1889 974 975 1008 
1890 1008 1007 974 
1891 975 976 1009 
1892 1009 1008 975 
1893 976 977 1010 
1894 1010 1009 976 
1895 977 978 1011 
1896 1011 1010 977 
1897 978 979 1012 
1898 1012 1011 978 
1899 979 980 1013 
1900 1013 1012 979 
1901 980 981 1014 
1902 1014 1013 980 
1903 981 982 1015 
1904 1015 1014 981 
1905 982 983 1016 
1906 1016 1015 982 
1907 983 984 1017 
1908 1017 1016 983 
1909 984 985 1018 
1910 1018 1017 984 
1911 985 986 1019 
1912 1019 1018 985 
1913 986 987 1020 
1914 1020 1019 986 
1915 987 988 1021 
1916 1021 1020 987 
1917 988 989 1022 
1918 1022 1021 988 
1919 989 990 1023 
1920 1023 1022 989 
1921 991 992 1025 
1922 1025 1024 991 
1923 992 993 1026 
1924 1026 1025 992 
1925 993 994 1027 
1926 1027 1026 993 
1927 994 995 1028 
1928 1028 1027 994 
1929 995 996 1029 
1930 1029 1028 995 
1931 996 997 1030 
1932 1030 1029 996 
1933 997 998 1031 
1934 1031 1030 997 
1935 998 999 1032 
1936 1032 1031 998 
1937 999 1000 1033 
1938 1033 1032 999 
1939 1000 1001 1034 
1940 1034 1033 1000 
1941 1001 1002 1035 
1942 1035 1034 1001 
1943 1002 1003 1036 
1944 1036 1035 1002 
1945 1003 1004 1037 
1946 1037 1036 1003 
1947 1004 1005 1038 
1948 1038 1037 1004 
1949 1005 1006 1039 
1950 1039 1038 1005 
1951 1006 1007 1040 
1952 1040 1039 1006 
1953 1007 1008 1041 
1954 1041 1040 1007 
1955 1008 1009 1042 
1956 1042 1041 1008 
1957 1009 1010 1043 
1958 1043 1042 1009 
1959 1010 1011 1044 
1960 1044 1043 1010 
1961 1011 1012 1045 
1962 1045 1044 1011 
1963 1012 1013 1046 
1964 1046 1045 1012 
1965 1013 1014 1047 
1966 1047 1046 1013 
1967 1014 1015 1048 
1968 1048 1047 1014 
1969 1015 1016 1049 
1970 1049 1048 1015 
1971 1016 1017 1050 
1972 1050 1049 1016 
1973 1017 1018 1051 
1974 1051 1050 1017 
1975 1018 1019 1052 
1976 1052 1051 1018 
1977 1019 1020 1053 
1978 1053 1052 1019 
1979 1020 1021 1054 
1980 1054 1053 1020 
1981 1021 1022 1055 
1982 1055 1054 1021 
1983 1022 1023 1056 
1984 1056 1055 1022 
1985 1024 1025 1058 
1986 1058 1057 1024 
1987 1025 1026 1059 
1988 1059 1058 1025 
1989 1026 1027 1060 
1990 1060 1059 1026 
1991 1027 1028 1061 
1992 1061 1060 1027 
1993 1028 1029 1062 
1994 1062 1061 1028 
1995 1029 1030 1063 
1996 1063 1062 1029 
1997 1030 1031 1064 
1998 1064 1063 1030 
1999 1031 1032 1065 
2000 1065 1064 1031 
2001 1032 1033 1066 
2002 1066 1065 1032 
2003 1033 1034 1067 
2004 1067 1066 1033 
2005 1034 1035 1068 
2006 1068 1067 1034 
2007 1035 1036 1069 
2008 1069 1068 1035 
2009 1036 1037 1070 
2010 1070 1069 1036 
2011 1037 1038 1071 
2012 1071 1070 1037 
2013 1038 1039 1072 
2014 1072 1071 1038 
2015 1039 1040 1073 
2016 1073 1072 1039 
2017 1040 1041 1074 
2018 1074 1073 1040 
2019 1041 1042 1075 
2020 1075 1074 1041 
2021 1042 1043 1076 
2022 1076 1075 1042 
2023 1043 1044 1077 
2024 1077 1076 1043 
2025 1044 1045 1078 
2026 1078 1077 1044 
2027 1045 1046 1079 
2028 1079 1078 1045 
2029 1046 1047 1080 
2030 1080 1079 1046 
2031 1047 1048 1081 
2032 1081 1080 1047 
2033 1048 1049 1082 
2034 1082 1081 1048 
2035 1049 1050 1083 
2036 1083 1082 1049 
2037 1050 1051 1084 
2038 1084 1083 1050 
2039 1051 1052 1085 
2040 1085 1084 1051 
2041 1052 1053 1086 
2042 1086 1085 1052 
2043 1053 1054 1087 
2044 1087 1086 1053 
2045 1054 1055 1088 
2046 1088 1087 1054 
2047 1055 1056 1089 
2048 1089 1088 1055 
