1  151  199  246  283  320
2  145  199  249  293  354 
3  147  214  263  312  328 
4  155  200  237  272  297 
5  135  188  230  280  323 
6  159  210  252  298  331 
7  141  189  231  275  305 
8  159  201  248  297  338 
9  177  236  285  340  376 
10  134  182  220  260  296 
11  160  208  261  313  352 
12  143  188  220  273  314 
13  154  200  244  289  325 
14  171  221  270  326  358 
15  163  216  242  281  312 
16  160  207  248  288  324 
17  142  187  234  280  316 
18  156  203  243  283  317 
19  157  212  259  307  336 
20  152  203  246  286  321 
21  154  205  253  298  334 
22  139  190  225  267  302 
23  146  191  229  272  302 
24  157  211  250  285  323 
25  132  185  237  286  331 
26  160  207  257  303  345 
27  169  216  261  295  333 
28  157  205  248  289  316 
29  137  180  219  258  291 
30  153  200  244  286  324 
