111 0.000000 -0.024691
121 0.000000 -0.024691
122 0.000000 -0.024691
123 0.000000 -0.024691
124 0.000000 -0.024691
125 0.000000 -0.024691
126 0.000000 -0.024691
127 0.000000 -0.024691
128 0.000000 -0.024691
129 0.000000 -0.024691
130 0.000000 -0.024691
131 0.000000 -0.024691
132 0.000000 -0.024691
133 0.000000 -0.024691
134 0.000000 -0.024691
135 0.000000 -0.024691
136 0.000000 -0.024691
137 0.000000 -0.024691
138 0.000000 -0.024691
139 0.000000 -0.024691
140 0.000000 -0.024691
141 0.000000 -0.024691
142 0.000000 -0.024691
143 0.000000 -0.024691
144 0.000000 -0.024691
145 0.000000 -0.024691
146 0.000000 -0.024691
147 0.000000 -0.024691
148 0.000000 -0.024691
149 0.000000 -0.024691
150 0.000000 -0.024691
151 0.000000 -0.024691
152 0.000000 -0.024691
153 0.000000 -0.024691
154 0.000000 -0.024691
155 0.000000 -0.024691
156 0.000000 -0.024691
157 0.000000 -0.024691
158 0.000000 -0.024691
159 0.000000 -0.024691
160 0.000000 -0.024691
161 0.000000 -0.024691
162 0.000000 -0.024691
163 0.000000 -0.024691
164 0.000000 -0.024691
165 0.000000 -0.024691
166 0.000000 -0.024691
167 0.000000 -0.024691
168 0.000000 -0.024691
169 0.000000 -0.024691
170 0.000000 -0.024691
171 0.000000 -0.024691
172 0.000000 -0.024691
173 0.000000 -0.024691
174 0.000000 -0.024691
175 0.000000 -0.024691
176 0.000000 -0.024691
177 0.000000 -0.024691
178 0.000000 -0.024691
179 0.000000 -0.024691
180 0.000000 -0.024691
181 0.000000 -0.024691
182 0.000000 -0.024691
183 0.000000 -0.024691
184 0.000000 -0.024691
185 0.000000 -0.024691
186 0.000000 -0.024691
187 0.000000 -0.024691
188 0.000000 -0.024691
189 0.000000 -0.024691
190 0.000000 -0.024691
191 0.000000 -0.024691
192 0.000000 -0.024691
193 0.000000 -0.024691
194 0.000000 -0.024691
195 0.000000 -0.024691
196 0.000000 -0.024691
197 0.000000 -0.024691
198 0.000000 -0.024691
199 0.000000 -0.024691
200 0.000000 -0.024691
