0 3 0 28 95 27 3
1 3 0 19 94 18 2
2 3 0 144 84 41 0
3 3 0 14 72 116 13
4 3 0 32 33 117 71
5 3 0 48 73 61 141
6 3 0 69 93 90 50
7 3 0 131 67 141 45
8 3 0 122 58 108 86
9 3 0 137 65 114 63
10 3 0 144 66 111 84
11 3 0 92 68 113 49
12 3 0 24 121 61 73
13 3 0 54 69 136 109
14 3 0 135 68 92 53
15 3 0 111 66 146 100
16 3 0 131 62 145 91
17 3 0 24 73 97 23
18 3 0 12 75 104 11
19 3 0 34 35 105 76
20 3 0 123 55 142 87
21 3 0 69 50 83 112
22 3 0 89 49 104 75
23 3 0 90 76 105 50
24 3 0 107 70 111 100
25 3 0 114 85 115 63
26 3 0 67 115 48 141
27 3 0 49 89 43 92
28 3 0 128 47 130 88
29 3 0 43 143 74 122
30 3 0 30 77 124 29
31 3 0 16 17 125 78
32 3 0 21 79 126 20
33 3 0 25 26 127 80
34 3 0 107 55 123 70
35 3 0 64 138 43 122
36 3 0 135 53 146 101
37 3 0 132 106 123 46
38 3 0 117 57 132 71
39 3 0 122 74 128 58
40 3 0 123 106 148 70
41 3 0 129 71 132 46
42 3 0 146 66 144 101
43 3 0 116 72 133 56
44 3 0 130 47 133 72
45 3 0 29 124 95 28
46 3 0 17 18 94 125
47 3 0 89 75 116 56
48 3 0 90 57 117 76
49 3 0 122 86 107 64
50 3 0 48 134 97 73
51 3 0 20 126 94 19
52 3 0 26 27 95 127
53 3 0 14 96 130 72
54 3 0 32 71 129 59
55 3 0 84 109 40 41
56 3 0 102 96 119 78
57 3 0 103 77 118 59
58 3 0 107 100 138 64
59 3 0 98 79 120 60
60 3 0 99 61 121 80
61 3 0 103 81 131 45
62 3 0 110 62 131 81
63 3 0 58 128 65 108
64 3 0 60 134 85 147
65 3 0 110 81 129 46
66 3 0 143 56 133 74
67 3 0 123 87 110 46
68 3 0 103 59 129 81
69 3 0 102 78 125 51
70 3 0 103 52 124 77
71 3 0 128 74 133 47
72 3 0 98 51 126 79
73 3 0 99 80 127 52
74 3 0 49 113 8 82
75 3 0 128 88 114 65
76 3 0 115 85 134 48
77 3 0 102 44 114 88
78 3 0 11 104 139 10
79 3 0 35 36 140 105
80 3 0 68 7 8 113
81 3 0 83 38 39 112
82 3 0 70 148 54 111
83 3 0 49 82 139 104
84 3 0 50 105 140 83
85 3 0 131 91 115 67
86 3 0 109 84 111 54
87 3 0 51 98 44 102
88 3 0 52 103 45 99
89 3 0 39 136 69 112
90 3 0 114 44 147 85
91 3 0 102 88 130 96
92 3 0 68 135 6 7
93 3 0 8 9 139 82
94 3 0 38 83 140 37
95 3 0 10 139 9 1
96 3 0 36 4 37 140
97 3 0 107 86 142 55
98 3 0 126 51 125 94
99 3 0 127 95 124 52
100 3 0 32 59 118 31
101 3 0 14 15 119 96
102 3 0 108 42 142 86
103 3 0 23 97 120 22
104 3 0 90 93 148 106
105 3 0 75 12 13 116
106 3 0 76 117 33 34
107 3 0 77 30 31 118
108 3 0 78 119 15 16
109 3 0 142 42 145 87
110 3 0 79 21 22 120
111 3 0 80 121 24 25
112 3 0 110 87 145 62
113 3 0 137 91 145 42
114 3 0 115 91 137 63
115 3 0 56 143 43 89
116 3 0 120 97 134 60
117 3 0 69 54 148 93
118 3 0 60 147 44 98
119 3 0 101 144 0 5
120 3 0 5 6 135 101
121 3 0 53 92 43 138
122 3 0 39 40 109 136
123 3 0 138 100 146 53
124 3 0 61 99 45 141
125 3 0 90 106 132 57
126 3 0 65 137 42 108
