0 0.0000 0.0000
1 5.0000 0.0000
2 5.0000 10.0000
3 -5.0000 10.0000
4 -5.0000 0.0000
5 0.8333 0.0000
6 1.6667 0.0000
7 2.5000 0.0000
8 3.3333 0.0000
9 4.1667 0.0000
10 5.0000 1.0000
11 5.0000 2.0000
12 5.0000 3.0000
13 5.0000 4.0000
14 5.0000 5.0000
15 5.0000 6.0000
16 5.0000 7.0000
17 5.0000 8.0000
18 5.0000 9.0000
19 4.0000 10.0000
20 3.0000 10.0000
21 2.0000 10.0000
22 1.0000 10.0000
23 0.0000 10.0000
24 -1.0000 10.0000
25 -2.0000 10.0000
26 -3.0000 10.0000
27 -4.0000 10.0000
28 -5.0000 9.0000
29 -5.0000 8.0000
30 -5.0000 7.0000
31 -5.0000 6.0000
32 -5.0000 5.0000
33 -5.0000 4.0000
34 -5.0000 3.0000
35 -5.0000 2.0000
36 -5.0000 1.0000
37 -4.1667 0.0000
38 -3.3333 0.0000
39 -2.5000 0.0000
40 -1.6667 0.0000
41 -0.8333 0.0000
42 0.0600 5.0374
43 2.2081 2.7598
44 2.0607 7.4095
45 -1.9294 7.3450
46 -2.3717 4.5125
47 2.8316 4.8765
48 -0.2168 7.9504
49 3.2679 1.5105
50 -3.2770 1.5989
51 3.1326 8.1286
52 -3.1001 8.1035
53 1.4740 1.6053
54 -1.5290 1.4884
55 -0.5541 3.6693
56 3.2037 3.5248
57 -3.3486 3.4219
58 1.4263 4.4590
59 -3.8753 5.8940
60 1.4094 8.3172
61 -1.3248 8.5156
62 -1.3016 5.6176
63 0.6185 6.3945
64 0.9740 3.0216
65 1.1803 5.4892
66 0.1257 1.2545
67 -0.8218 7.0557
68 2.3778 0.8097
69 -2.4166 1.2863
70 -0.9460 2.6314
71 -3.7446 4.4711
72 3.8148 4.5954
73 -0.5215 8.8414
74 2.3378 4.0272
75 4.1202 2.7731
76 -4.0851 2.7619
77 -4.1617 7.0571
78 4.1764 7.0755
79 2.1508 9.1248
80 -2.1711 9.1288
81 -2.3671 5.9189
82 3.6631 0.8178
83 -3.3708 0.7831
84 -0.7115 0.7408
85 0.9315 7.4094
86 0.5118 3.9690
87 -1.0728 4.6307
88 2.4873 5.9525
89 3.2321 2.6461
90 -3.0600 2.5908
91 -0.3990 6.0958
92 2.3118 1.6730
93 -2.3909 2.0565
94 4.0428 9.0394
95 -4.0368 9.0329
96 3.9142 5.9214
97 0.3350 9.0569
98 2.2137 8.2459
99 -2.1561 8.2494
100 0.3963 2.1460
101 0.8118 0.7356
102 3.1289 6.9122
103 -3.0685 6.8741
104 4.1783 1.8127
105 -4.1266 1.8177
106 -2.3016 3.1123
107 0.0793 3.0936
108 0.8353 4.7159
109 -1.5152 0.7256
110 -1.7604 5.1674
111 -0.5139 1.6523
112 -2.8082 0.7088
113 2.9389 0.7932
114 1.4478 6.5135
115 0.0201 6.9609
116 4.0497 3.7249
117 -4.0308 3.6548
118 -4.3472 6.3145
119 4.3637 6.3285
120 1.2277 9.1255
121 -1.5206 9.1513
122 1.4528 3.6719
123 -1.5331 3.5647
124 -4.0648 8.0337
125 4.0786 8.0465
126 3.0828 9.0772
127 -3.0734 9.0701
128 2.0435 4.9474
129 -3.1324 5.2255
130 3.2787 5.3303
131 -1.3544 6.4089
132 -2.9409 3.8516
133 3.0334 4.2927
134 0.6032 8.1811
135 1.5881 0.7887
136 -2.0934 0.6875
137 0.3795 5.7978
138 1.2267 2.4151
139 4.2197 0.8951
140 -4.1640 0.8967
141 -1.0525 7.6819
142 -0.2873 4.2775
143 2.5836 3.4672
144 0.0571 0.7146
145 -0.7068 5.3666
146 0.6707 1.4272
147 1.4605 7.6972
148 -1.8129 2.3025
