0 0.0000 0.0000
1 -0.7071 0.7071
2 0.0000 1.4142
3 0.7071 0.7071
4 -0.0707 0.0707
5 -0.1414 0.1414
6 -0.2121 0.2121
7 -0.2828 0.2828
8 -0.3536 0.3536
9 -0.4243 0.4243
10 -0.4950 0.4950
11 -0.5657 0.5657
12 -0.6364 0.6364
13 -0.6364 0.7778
14 -0.5657 0.8485
15 -0.4950 0.9192
16 -0.4243 0.9899
17 -0.3536 1.0607
18 -0.2828 1.1314
19 -0.2121 1.2021
20 -0.1414 1.2728
21 -0.0707 1.3435
22 0.0707 1.3435
23 0.1414 1.2728
24 0.2121 1.2021
25 0.2828 1.1314
26 0.3536 1.0607
27 0.4243 0.9899
28 0.4950 0.9192
29 0.5657 0.8485
30 0.6364 0.7778
31 0.6364 0.6364
32 0.5657 0.5657
33 0.4950 0.4950
34 0.4243 0.4243
35 0.3536 0.3536
36 0.2828 0.2828
37 0.2121 0.2121
38 0.1414 0.1414
39 0.0707 0.0707
40 0.0000 0.1414
41 0.0707 0.2121
42 0.1414 0.2828
43 0.2121 0.3536
44 0.2828 0.4243
45 0.3536 0.4950
46 0.4243 0.5657
47 0.4950 0.6364
48 0.5657 0.7071
49 -0.0707 0.2121
50 0.0000 0.2828
51 0.0707 0.3536
52 0.1414 0.4243
53 0.2121 0.4950
54 0.2828 0.5657
55 0.3536 0.6364
56 0.4243 0.7071
57 0.4950 0.7778
58 -0.1414 0.2828
59 -0.0707 0.3536
60 0.0000 0.4243
61 0.0707 0.4950
62 0.1414 0.5657
63 0.2121 0.6364
64 0.2828 0.7071
65 0.3536 0.7778
66 0.4243 0.8485
67 -0.2121 0.3536
68 -0.1414 0.4243
69 -0.0707 0.4950
70 0.0000 0.5657
71 0.0707 0.6364
72 0.1414 0.7071
73 0.2121 0.7778
74 0.2828 0.8485
75 0.3536 0.9192
76 -0.2828 0.4243
77 -0.2121 0.4950
78 -0.1414 0.5657
79 -0.0707 0.6364
80 -0.0000 0.7071
81 0.0707 0.7778
82 0.1414 0.8485
83 0.2121 0.9192
84 0.2828 0.9899
85 -0.3536 0.4950
86 -0.2828 0.5657
87 -0.2121 0.6364
88 -0.1414 0.7071
89 -0.0707 0.7778
90 -0.0000 0.8485
91 0.0707 0.9192
92 0.1414 0.9899
93 0.2121 1.0607
94 -0.4243 0.5657
95 -0.3536 0.6364
96 -0.2828 0.7071
97 -0.2121 0.7778
98 -0.1414 0.8485
99 -0.0707 0.9192
100 -0.0000 0.9899
101 0.0707 1.0607
102 0.1414 1.1314
103 -0.4950 0.6364
104 -0.4243 0.7071
105 -0.3536 0.7778
106 -0.2828 0.8485
107 -0.2121 0.9192
108 -0.1414 0.9899
109 -0.0707 1.0607
110 -0.0000 1.1314
111 0.0707 1.2021
112 -0.5657 0.7071
113 -0.4950 0.7778
114 -0.4243 0.8485
115 -0.3536 0.9192
116 -0.2828 0.9899
117 -0.2121 1.0607
118 -0.1414 1.1314
119 -0.0707 1.2021
120 -0.0000 1.2728
