1.232197715631497131e-01 1.179804258661496741e+00 -2.639241297895572380e+00 2.525671096360608381e+00 -1.805373508946317429e-01 2.251006447328828541e-01 1.323672450853542903e+00 -9.120121387033335303e-01 -1.337493029848537962e-01 7.862709681967067210e-01
-8.489790230332976417e-01 5.807269536170870383e-01 -4.614301347117060748e-01 -1.571209020817988300e+00 5.834848569581972955e-01 -4.310903612868364210e-01 7.003140470283436558e-01 8.033062761804290464e-01 1.235658674646180399e+00 3.962011327720642018e-01
-5.757173040732613822e-01 -1.683753519161337864e-01 -1.635912262090096991e+00 -7.077725666797497484e-01 -2.221971886051337108e+00 5.333601789724306402e-02 -5.177176974215305094e-01 6.016284666296540795e-01 -1.213222613571780517e+00 9.457347787123673299e-01
-1.139674315460057485e+00 3.784736106326720417e-01 -2.103937048603898852e+00 -9.245747411734623888e-01 1.813165339313846047e+00 -1.216865081651182123e+00 1.424248139110303679e+00 2.198385123052149226e-01 9.254344153232253456e-01 -8.815911471041028014e-01
4.483610445258172199e-03 -5.607768281068347543e-02 -1.013042215912059341e+00 -1.104552545584521317e+00 7.070785674051756065e-01 9.285541924488495136e-01 -4.559456315302581331e-01 -1.327476297510770342e+00 6.096458135920688193e-01 2.253059858505022106e-01
5.025644662455231587e-02 -8.772868397568012178e-01 3.387285244944727491e+00 -2.644424366875152699e-01 2.169757405035517728e+00 1.025936849438509268e+00 -2.812509224145406939e-01 1.189347129909926970e+00 -2.727422264756956261e-01 -1.216257552892075600e+00
4.539261565572789148e-01 -1.218397367994929814e+00 1.418074185536156051e+00 2.055925068125053823e+00 1.244528603204653416e+00 -2.163635434311091732e+00 1.721509246561421458e+00 -1.126121550369089785e+00 -5.752347494679649342e-01 -2.016667926296849319e-03
-1.471524789976080383e+00 1.340530850666157014e-01 1.271367432261662600e+00 4.387310797828806175e-01 1.377431882063536728e-01 7.172999495115911506e-01 -1.644060795545884357e+00 9.083479584528220130e-01 -8.307687062687166279e-02 -1.791706782125316755e+00
2.318490476716716930e+00 1.007596204090540626e+00 -1.083463488380033812e+00 3.202788026360095519e-01 -1.233130238410003132e+00 -1.113711458442401048e+00 -5.432060583364717310e-01 9.585044358100557327e-01 -8.270653856541081428e-01 2.350404061019233451e-03
1.372215997610930938e+00 -4.105038625432892441e-01 -2.917291867697288099e-01 -2.161562255963268564e-01 -8.894808046201384544e-01 2.572040153933910500e-01 1.427832583381889453e+00 8.613029540574832499e-01 1.221993379206053609e-01 -1.407253231088409606e+00
