  -0.198638E+01   0.300000E+01   0.000000E+00   0.300000E+01
  -0.118322E+01   0.300000E+01   0.000000E+00   0.300000E+01
  -0.112752E+01   0.288416E+01   0.464112E-01   0.283908E+01
  -0.107183E+01   0.277192E+01   0.928223E-01   0.268562E+01
  -0.101614E+01   0.266321E+01   0.139233E+00   0.253933E+01
  -0.960442E+00   0.255793E+01   0.185645E+00   0.239992E+01
  -0.904749E+00   0.245601E+01   0.232056E+00   0.226712E+01
  -0.849056E+00   0.235737E+01   0.278467E+00   0.214067E+01
  -0.793362E+00   0.226192E+01   0.324878E+00   0.202032E+01
  -0.737669E+00   0.216959E+01   0.371289E+00   0.190581E+01
  -0.681975E+00   0.208029E+01   0.417700E+00   0.179691E+01
  -0.626282E+00   0.199397E+01   0.464112E+00   0.169339E+01
  -0.626282E+00   0.199397E+01   0.464112E+00   0.169339E+01
   0.464112E+00   0.199397E+01   0.464112E+00   0.169339E+01
   0.464112E+00   0.145064E+01   0.464112E+00   0.169339E+01
   0.149401E+01   0.145064E+01   0.464112E+00   0.169339E+01
   0.149401E+01   0.100000E+01   0.000000E+00   0.100000E+01
   0.229718E+01   0.100000E+01   0.000000E+00   0.100000E+01
