50  6  0.01  20  2
0.1   0.1
0.01  0.01
1 1 1 1 1 1 1 1 1 1 1 1 1 1 1 1 1 1 1 1
2 2 2 2 2 2 2 2 2 2
1 1 1 1 1 1 1 1 1 1 1 1 1 1 1 1 1 1 1 1
1 1 1 1 1 1 1 1 1 1 1 1 1 1 1 1 1 1 1 1
2 2 2 2 2 2 2 2 2 2
1 1 1 1 1 1 1 1 1 1 1 1 1 1 1 1 1 1 1 1
1 1 1 1 1 1 1 1 1 1 1 1 1 1 1 1 1 1 1 1
2 2 2 2 2 2 2 2 2 2
1 1 1 1 1 1 1 1 1 1 1 1 1 1 1 1 1 1 1 1
1 1 1 1 1 1 1 1 1 1 1 1 1 1 1 1 1 1 1 1
2 2 2 2 2 2 2 2 2 2
1 1 1 1 1 1 1 1 1 1 1 1 1 1 1 1 1 1 1 1
1 1 1 1 1 1 1 1 1 1 1 1 1 1 1 1 1 1 1 1
2 2 2 2 2 2 2 2 2 2
1 1 1 1 1 1 1 1 1 1 1 1 1 1 1 1 1 1 1 1
1 1 1 1 1 1 1 1 1 1 1 1 1 1 1 1 1 1 1 1
2 2 2 2 2 2 2 2 2 2
1 1 1 1 1 1 1 1 1 1 1 1 1 1 1 1 1 1 1 1
  0.0   3.0   6.0  9.0   12.0  15.0  18.0  21.0  24.0  27.0  30.0  33.0
 36.0  39.0 42.0   45.0  48.0  51.0  54.0  57.0  60.0  63.0  66.0  69.0
 72.0  75.0  78.0  81.0  84.0  87.0  90.0  93.0  96.0  99.0 102.0 105.0
108.0 111.0 114.0 117.0 120.0 123.0 126.0 129.0 132.0 135.0 138.0 141.0
144.0 147.0 150.0
 60.0  60.6  61.2  61.8  62.4  63.0  63.6  64.2  64.8  65.4  66.0  66.6
 67.2  67.8  68.4  69.0  69.6  70.2  70.8  71.4  72.0  72.6  73.2  73.8
 74.4  75.0  75.6  76.2  76.8  77.4  78.0  78.6  79.2  79.8  80.4  81.0
 81.6  82.2  82.8  83.4  84.0  84.6  85.2  85.8  86.4  87.0  87.6  88.2
 88.8  89.4  90.0
 37.5
 37.5
  7
 51  102  153  204  255  306  357
  7.5
  2
256  307
 20

