# Prototype SFR total active deployments
# [Timestep] [Count]
0 0
1 0
2 0
3 0
4 0
5 0
6 0
7 0
8 0
9 0
10 0
11 0
12 0
13 0
14 0
15 0
16 0
17 0
18 0
19 0
20 0
21 0
22 0
23 0
24 0
25 0
26 0
27 0
28 0
29 0
30 0
31 0
32 0
33 0
34 0
35 0
36 0
37 0
38 0
39 0
40 0
41 0
42 0
43 0
44 0
45 0
46 0
47 0
48 0
49 0
50 0
51 0
52 0
53 0
54 0
55 0
56 0
57 0
58 0
59 0
60 0
61 0
62 0
63 0
64 0
65 0
66 0
67 0
68 0
69 0
70 0
71 0
72 0
73 0
74 0
75 0
76 0
77 0
78 0
79 0
80 0
81 0
82 0
83 0
84 0
85 0
86 0
87 0
88 0
89 0
90 0
91 0
92 0
93 0
94 0
95 0
96 0
97 0
98 0
99 0
100 0
101 0
102 0
103 0
104 0
105 0
106 0
107 0
108 0
109 0
110 0
111 0
112 0
113 0
114 0
115 0
116 0
117 0
118 0
119 0
120 0
121 0
122 0
123 0
124 0
125 0
126 0
127 0
128 0
129 0
130 0
131 0
132 9
133 9
134 9
135 9
136 9
137 9
138 9
139 9
140 9
141 9
142 9
143 9
144 21
145 21
146 21
147 21
148 21
149 21
150 21
151 21
152 21
153 21
154 21
155 21
156 27
157 27
158 27
159 27
160 27
161 27
162 27
163 27
164 27
165 27
166 27
167 27
168 33
169 33
170 33
171 33
172 33
173 33
174 33
175 33
176 33
177 33
178 33
179 33
180 42
181 42
182 42
183 42
184 42
185 42
186 42
187 42
188 42
189 42
190 42
191 42
192 51
193 51
194 51
195 51
196 51
197 51
198 51
199 51
200 51
201 51
202 51
203 51
204 60
205 60
206 60
207 60
208 60
209 60
210 60
211 60
212 60
213 60
214 60
215 60
216 66
217 66
218 66
219 66
220 66
221 66
222 66
223 66
224 66
225 66
226 66
227 66
228 75
229 75
230 75
231 75
232 75
233 75
234 75
235 75
236 75
237 75
238 75
239 75
240 84
241 84
242 84
243 84
244 84
245 84
246 84
247 84
248 84
249 84
250 84
251 84
252 90
253 90
254 90
255 90
256 90
257 90
258 90
259 90
260 90
261 90
262 90
263 90
264 99
265 99
266 99
267 99
268 99
269 99
270 99
271 99
272 99
273 99
274 99
275 99
276 108
277 108
278 108
279 108
280 108
281 108
282 108
283 108
284 108
285 108
286 108
287 108
288 117
289 117
290 117
291 117
292 117
293 117
294 117
295 117
296 117
297 117
298 117
299 117
300 123
301 123
302 123
303 123
304 123
305 123
306 123
307 123
308 123
309 123
310 123
311 123
312 132
313 132
314 132
315 132
316 132
317 132
318 132
319 132
320 132
321 132
322 132
323 132
324 141
325 141
326 141
327 141
328 141
329 141
330 141
331 141
332 141
333 141
334 141
335 141
336 147
337 147
338 147
339 147
340 147
341 147
342 147
343 147
344 147
345 147
346 147
347 147
348 156
349 156
350 156
351 156
352 156
353 156
354 156
355 156
356 156
357 156
358 156
359 156
360 165
361 165
362 165
363 165
364 165
365 165
366 165
367 165
368 165
369 165
370 165
371 165
372 174
373 174
374 174
375 174
376 174
377 174
378 174
379 174
380 174
381 174
382 174
383 174
384 183
385 183
386 183
387 183
388 183
389 183
390 183
391 183
392 183
393 183
394 183
395 183
396 189
397 189
398 189
399 189
400 189
401 189
402 189
403 189
404 189
405 189
406 189
407 189
408 198
409 198
410 198
411 198
412 198
413 198
414 198
415 198
416 198
417 198
418 198
419 198
420 207
421 207
422 207
423 207
424 207
425 207
426 207
427 207
428 207
429 207
430 207
431 207
432 216
433 216
434 216
435 216
436 216
437 216
438 216
439 216
440 216
441 216
442 216
443 216
444 222
445 222
446 222
447 222
448 222
449 222
450 222
451 222
452 222
453 222
454 222
455 222
456 231
457 231
458 231
459 231
460 231
461 231
462 231
463 231
464 231
465 231
466 231
467 231
468 240
469 240
470 240
471 240
472 240
473 240
474 240
475 240
476 240
477 240
478 240
479 240
480 249
481 249
482 249
483 249
484 249
485 249
486 249
487 249
488 249
489 249
490 249
491 249
492 249
493 249
494 249
495 249
496 249
497 249
498 249
499 249
500 249
501 249
502 249
503 249
504 252
505 252
506 252
507 252
508 252
509 252
510 252
511 252
512 252
513 252
514 252
515 252
516 258
517 258
518 258
519 258
520 258
521 258
522 258
523 258
524 258
525 258
526 258
527 258
528 258
529 258
530 258
531 258
532 258
533 258
534 258
535 258
536 258
537 258
538 258
539 258
540 261
541 261
542 261
543 261
544 261
545 261
546 261
547 261
548 261
549 261
550 261
551 261
552 264
553 264
554 264
555 264
556 264
557 264
558 264
559 264
560 264
561 264
562 264
563 264
564 267
565 267
566 267
567 267
568 267
569 267
570 267
571 267
572 267
573 267
574 267
575 267
576 267
577 267
578 267
579 267
580 267
581 267
582 267
583 267
584 267
585 267
586 267
587 267
588 270
589 270
590 270
591 270
592 270
593 270
594 270
595 270
596 270
597 270
598 270
599 270
600 273
601 273
602 273
603 273
604 273
605 273
606 273
607 273
608 273
609 273
610 273
611 273
612 273
613 273
614 273
615 273
616 273
617 273
618 273
619 273
620 273
621 273
622 273
623 273
624 276
625 276
626 276
627 276
628 276
629 276
630 276
631 276
632 276
633 276
634 276
635 276
636 276
637 276
638 276
639 276
640 276
641 276
642 276
643 276
644 276
645 276
646 276
647 276
648 279
649 279
650 279
651 279
652 279
653 279
654 279
655 279
656 279
657 279
658 279
659 279
660 279
661 279
662 279
663 279
664 279
665 279
666 279
667 279
668 279
669 279
670 279
671 279
672 282
673 282
674 282
675 282
676 282
677 282
678 282
679 282
680 282
681 282
682 282
683 282
684 282
685 282
686 282
687 282
688 282
689 282
690 282
691 282
692 282
693 282
694 282
695 282
696 285
697 285
698 285
699 285
700 285
701 285
702 285
703 285
704 285
705 285
706 285
707 285
708 285
709 285
710 285
711 285
712 285
713 285
714 285
715 285
716 285
717 285
718 285
719 285
720 285
721 285
722 285
723 285
724 285
725 285
726 285
727 285
728 285
729 285
730 285
731 285
732 288
733 288
734 288
735 288
736 288
737 288
738 288
739 288
740 288
741 288
742 288
743 288
744 288
745 288
746 288
747 288
748 288
749 288
750 288
751 288
752 288
753 288
754 288
755 288
756 288
757 288
758 288
759 288
760 288
761 288
762 288
763 288
764 288
765 288
766 288
767 288
768 288
769 288
770 288
771 288
772 288
773 288
774 288
775 288
776 288
777 288
778 288
779 288
780 288
781 288
782 288
783 288
784 288
785 288
786 288
787 288
788 288
789 288
790 288
791 288
792 288
793 288
794 288
795 288
796 288
797 288
798 288
799 288
800 288
801 288
802 288
803 288
804 288
805 288
806 288
807 288
808 288
809 288
810 288
811 288
812 288
813 288
814 288
815 288
816 288
817 288
818 288
819 288
820 288
821 288
822 288
823 288
824 288
825 288
826 288
827 288
828 288
829 288
830 288
831 288
832 288
833 288
834 288
835 288
836 288
837 288
838 288
839 288
840 288
841 288
842 288
843 288
844 288
845 288
846 288
847 288
848 288
849 288
850 288
851 288
852 288
853 288
854 288
855 288
856 288
857 288
858 288
859 288
860 288
861 288
862 288
863 288
864 288
865 288
866 288
867 288
868 288
869 288
870 288
871 288
872 288
873 288
874 288
875 288
876 291
877 291
878 291
879 291
880 291
881 291
882 291
883 291
884 291
885 291
886 291
887 291
888 294
889 294
890 294
891 294
892 294
893 294
894 294
895 294
896 294
897 294
898 294
899 294
900 294
901 294
902 294
903 294
904 294
905 294
906 294
907 294
908 294
909 294
910 294
911 294
912 294
913 294
914 294
915 294
916 294
917 294
918 294
919 294
920 294
921 294
922 294
923 294
924 294
925 294
926 294
927 294
928 294
929 294
930 294
931 294
932 294
933 294
934 294
935 294
936 297
937 297
938 297
939 297
940 297
941 297
942 297
943 297
944 297
945 297
946 297
947 297
948 297
949 297
950 297
951 297
952 297
953 297
954 297
955 297
956 297
957 297
958 297
959 297
960 297
961 297
962 297
963 297
964 297
965 297
966 297
967 297
968 297
969 297
970 297
971 297
972 300
973 300
974 300
975 300
976 300
977 300
978 300
979 300
980 300
981 300
982 300
983 300
984 300
985 300
986 300
987 300
988 300
989 300
990 300
991 300
992 300
993 300
994 300
995 300
996 300
997 300
998 300
999 300
1000 300
1001 300
1002 300
1003 300
1004 300
1005 300
1006 300
1007 300
1008 300
1009 300
1010 300
1011 300
1012 300
1013 300
1014 300
1015 300
1016 300
1017 300
1018 300
1019 300
1020 300
1021 300
1022 300
1023 300
1024 300
1025 300
1026 300
1027 300
1028 300
1029 300
1030 300
1031 300
1032 300
1033 300
1034 300
1035 300
1036 300
1037 300
1038 300
1039 300
1040 300
1041 300
1042 300
1043 300
1044 300
1045 300
1046 300
1047 300
1048 300
1049 300
1050 300
1051 300
1052 300
1053 300
1054 300
1055 300
1056 300
1057 300
1058 300
1059 300
1060 300
1061 300
1062 300
1063 300
1064 300
1065 300
1066 300
1067 300
1068 300
1069 300
1070 300
1071 300
1072 300
1073 300
1074 300
1075 300
1076 300
1077 300
1078 300
1079 300
1080 300
1081 300
1082 300
1083 300
1084 300
1085 300
1086 300
1087 300
1088 300
1089 300
1090 300
1091 300
1092 300
1093 300
1094 300
1095 300
1096 300
1097 300
1098 300
1099 300
1100 300
1101 300
1102 300
1103 300
1104 300
1105 300
1106 300
1107 300
1108 300
1109 300
1110 300
1111 300
1112 300
1113 300
1114 300
1115 300
1116 300
1117 300
1118 300
1119 300
1120 300
1121 300
1122 300
1123 300
1124 300
1125 300
1126 300
1127 300
1128 300
1129 300
1130 300
1131 300
1132 300
1133 300
1134 300
1135 300
1136 300
1137 300
1138 300
1139 300
1140 300
1141 300
1142 300
1143 300
1144 300
1145 300
1146 300
1147 300
1148 300
1149 300
1150 300
1151 300
1152 300
1153 300
1154 300
1155 300
1156 300
1157 300
1158 300
1159 300
1160 300
1161 300
1162 300
1163 300
1164 300
1165 300
1166 300
1167 300
1168 300
1169 300
1170 300
1171 300
1172 300
1173 300
1174 300
1175 300
1176 300
1177 300
1178 300
1179 300
1180 300
1181 300
1182 300
1183 300
1184 300
1185 300
1186 300
1187 300
1188 300
1189 300
1190 300
1191 300
1192 300
1193 300
1194 300
1195 300
1196 300
1197 300
1198 300
1199 300
