1 47300 34062 262 3215 658 42 4 658 21 20 86242 54.846 39.496 0.304 3.728 0.763 0.049 0.005 0.763 0.024 0.023
2 2392 5610 73 53 17 3 0 0 3 3 8154 29.335 68.801 0.895 0.65 0.208 0.037 0 0 0.037 0.037
3 18850 38637 248 828 171 18 5 3 37 18 58815 32.05 65.692 0.422 1.408 0.291 0.031 0.009 0.005 0.063 0.031
4 3072 5413 65 84 28 2 0 0 3 2 8669 35.437 62.441 0.75 0.969 0.323 0.023 0 0 0.035 0.023
5 97318 115185 570 4470 643 39 11 11 76 72 218395 44.561 52.742 0.261 2.047 0.294 0.018 0.005 0.005 0.035 0.033
6 386518 177279 789 7099 1212 128 49 35 123 74 573306 67.419 30.922 0.138 1.238 0.211 0.022 0.009 0.006 0.021 0.013
7 2155 2873 90 39 10 1 0 1 3 2 5174 41.651 55.528 1.739 0.754 0.193 0.019 0 0.019 0.058 0.039
8 29641 35419 182 1461 127 15 6 3 12 19 66885 44.316 52.955 0.272 2.184 0.19 0.022 0.009 0.004 0.018 0.028
9 25501 29744 270 1378 194 16 5 0 28 18 57154 44.618 52.042 0.472 2.411 0.339 0.028 0.009 0 0.049 0.031
10 14630 41745 186 562 204 14 1 3 9 6 57360 25.506 72.777 0.324 0.98 0.356 0.024 0.002 0.005 0.016 0.01
11 29905 60426 122 1400 185 34 7 4 29 10 92122 32.462 65.593 0.132 1.52 0.201 0.037 0.008 0.004 0.031 0.011
12 7047 10964 89 258 127 7 1 2 5 8 18508 38.075 59.239 0.481 1.394 0.686 0.038 0.005 0.011 0.027 0.043
13 328702 289456 561 5355 759 119 88 36 124 69 625269 52.57 46.293 0.09 0.856 0.121 0.019 0.014 0.006 0.02 0.011
14 3322 4256 36 157 23 0 0 3 2 8 7807 42.552 54.515 0.461 2.011 0.295 0 0 0.038 0.026 0.102
15 1825 2698 29 75 32 2 0 0 2 3 4666 39.113 57.823 0.622 1.607 0.686 0.043 0 0 0.043 0.064
16 107680 152082 650 2752 954 160 36 16 41 57 264428 40.722 57.514 0.246 1.041 0.361 0.061 0.014 0.006 0.016 0.022
17 40958 73029 504 1729 297 24 6 3 20 110 116680 35.103 62.589 0.432 1.482 0.255 0.021 0.005 0.003 0.017 0.094
18 13891 12608 83 435 60 4 1 3 12 3 27100 51.258 46.524 0.306 1.605 0.221 0.015 0.004 0.011 0.044 0.011
19 2042 2448 33 85 17 3 1 0 2 3 4634 44.066 52.827 0.712 1.834 0.367 0.065 0.022 0 0.043 0.065
20 9565 4750 39 139 24 4 7 3 12 6 14549 65.743 32.648 0.268 0.955 0.165 0.027 0.048 0.021 0.082 0.041
21 1910 3300 29 97 52 1 0 0 4 2 5395 35.403 61.168 0.538 1.798 0.964 0.019 0 0 0.074 0.037
22 1420 1840 9 56 12 3 0 1 1 0 3342 42.49 55.057 0.269 1.676 0.359 0.09 0 0.03 0.03 0
23 2389 3546 71 86 21 4 2 2 9 2 6132 38.96 57.828 1.158 1.402 0.342 0.065 0.033 0.033 0.147 0.033
24 1718 2153 24 39 11 2 6 9 4 7 3973 43.242 54.191 0.604 0.982 0.277 0.05 0.151 0.227 0.101 0.176
25 2341 3764 30 75 17 2 0 0 3 2 6234 37.552 60.379 0.481 1.203 0.273 0.032 0 0 0.048 0.032
26 3239 4743 22 103 11 1 3 2 2 7 8133 39.825 58.318 0.271 1.266 0.135 0.012 0.037 0.025 0.025 0.086
27 32644 30646 242 1501 116 26 8 4 22 10 65219 50.053 46.989 0.371 2.301 0.178 0.04 0.012 0.006 0.034 0.015
28 14152 20196 99 409 51 14 5 3 7 5 34941 40.503 57.8 0.283 1.171 0.146 0.04 0.014 0.009 0.02 0.014
29 166581 176967 836 7348 1104 215 35 29 150 66 353331 47.146 50.085 0.237 2.08 0.312 0.061 0.01 0.008 0.042 0.019
30 2154 4985 76 91 18 7 1 3 2 6 7343 29.334 67.888 1.035 1.239 0.245 0.095 0.014 0.041 0.027 0.082
31 19769 28627 105 950 123 13 4 2 10 13 49616 39.844 57.697 0.212 1.915 0.248 0.026 0.008 0.004 0.02 0.026
32 6868 9138 102 138 40 2 0 1 7 4 16300 42.135 56.061 0.626 0.847 0.245 0.012 0 0.006 0.043 0.025
33 3038 2481 29 76 14 1 2 1 0 0 5642 53.846 43.974 0.514 1.347 0.248 0.018 0.035 0.018 0 0
34 788 1669 10 26 6 0 3 1 0 1 2504 31.47 66.653 0.399 1.038 0.24 0 0.12 0.04 0 0.04
35 36555 49963 289 1459 203 36 4 1 14 21 88545 41.284 56.427 0.326 1.648 0.229 0.041 0.005 0.001 0.016 0.024
36 73560 106141 305 3587 538 81 30 5 96 34 184377 39.897 57.567 0.165 1.945 0.292 0.044 0.016 0.003 0.052 0.018
37 61425 39053 282 1932 330 28 9 7 31 16 103113 59.571 37.874 0.273 1.874 0.32 0.027 0.009 0.007 0.03 0.016
38 5403 6860 67 284 92 1 1 1 11 10 12730 42.443 53.888 0.526 2.231 0.723 0.008 0.008 0.008 0.086 0.079
39 1011 1316 39 19 12 3 0 0 2 1 2403 42.072 54.765 1.623 0.791 0.499 0.125 0 0 0.083 0.042
40 3011 3038 29 54 18 2 0 1 5 1 6159 48.888 49.326 0.471 0.877 0.292 0.032 0 0.016 0.081 0.016
41 49169 57948 272 2489 243 35 5 3 26 19 110209 44.614 52.58 0.247 2.258 0.22 0.032 0.005 0.003 0.024 0.017
42 44648 55135 563 1810 361 26 14 6 49 22 102634 43.502 53.72 0.549 1.764 0.352 0.025 0.014 0.006 0.048 0.021
43 26619 33864 108 1075 105 29 13 8 12 19 61852 43.037 54.75 0.175 1.738 0.17 0.047 0.021 0.013 0.019 0.031
44 16483 16059 47 1090 162 26 1 0 7 3 33878 48.654 47.402 0.139 3.217 0.478 0.077 0.003 0 0.021 0.009
45 6952 16404 90 255 63 8 0 4 3 3 23782 29.232 68.977 0.378 1.072 0.265 0.034 0 0.017 0.013 0.013
46 16924 52043 267 984 313 15 4 2 20 33 70605 23.97 73.71 0.378 1.394 0.443 0.021 0.006 0.003 0.028 0.047
47 4588 5058 43 131 21 4 1 1 4 3 9854 46.56 51.329 0.436 1.329 0.213 0.041 0.01 0.01 0.041 0.03
48 140115 134476 446 3881 892 65 13 7 45 41 279981 50.044 48.03 0.159 1.386 0.319 0.023 0.005 0.003 0.016 0.015
49 28177 26216 145 732 309 21 10 5 33 10 55658 50.625 47.102 0.261 1.315 0.555 0.038 0.018 0.009 0.059 0.018
50 268945 152846 3407 5564 743 143 45 302 103 188 432286 62.215 35.358 0.788 1.287 0.172 0.033 0.01 0.07 0.024 0.043
51 69550 68581 570 3392 412 82 18 14 77 17 142713 48.734 48.055 0.399 2.377 0.289 0.057 0.013 0.01 0.054 0.012
52 199660 184312 1010 9986 1222 444 40 27 167 70 396938 50.3 46.433 0.254 2.516 0.308 0.112 0.01 0.007 0.042 0.018
53 74977 90101 538 2060 365 59 8 5 36 46 168195 44.577 53.569 0.32 1.225 0.217 0.035 0.005 0.003 0.021 0.027
54 12091 13439 147 379 114 7 2 4 12 10 26205 46.14 51.284 0.561 1.446 0.435 0.027 0.008 0.015 0.046 0.038
55 19482 39497 229 1214 210 11 4 2 13 12 60674 32.109 65.097 0.377 2.001 0.346 0.018 0.007 0.003 0.021 0.02
56 41559 34705 124 1368 165 12 4 10 29 13 77989 53.288 44.5 0.159 1.754 0.212 0.015 0.005 0.013 0.037 0.017
57 12795 36248 311 723 131 13 1 1 19 43 50285 25.445 72.085 0.618 1.438 0.261 0.026 0.002 0.002 0.038 0.086
58 72854 83100 305 4066 431 94 11 5 59 15 160940 45.268 51.634 0.19 2.526 0.268 0.058 0.007 0.003 0.037 0.009
59 58888 75293 194 1940 551 38 38 5 70 27 137044 42.97 54.941 0.142 1.416 0.402 0.028 0.028 0.004 0.051 0.02
60 9634 12126 114 307 53 2 2 0 17 3 22258 43.283 54.479 0.512 1.379 0.238 0.009 0.009 0 0.076 0.013
61 4084 8014 108 182 53 4 2 0 5 9 12461 32.774 64.313 0.867 1.461 0.425 0.032 0.016 0 0.04 0.072
62 2647 4051 27 59 4 3 0 1 1 8 6801 38.921 59.565 0.397 0.868 0.059 0.044 0 0.015 0.015 0.118
63 1399 2326 26 29 13 0 1 0 0 0 3794 36.874 61.307 0.685 0.764 0.343 0 0.026 0 0 0
64 97063 82214 396 2436 3211 33 9888 3 59 2927 198230 48.965 41.474 0.2 1.229 1.62 0.017 4.988 0.002 0.03 1.477
65 3835 4511 46 149 30 3 2 1 6 0 8583 44.681 52.557 0.536 1.736 0.35 0.035 0.023 0.012 0.07 0
66 5637 12176 120 265 68 11 3 2 18 7 18307 30.792 66.51 0.655 1.448 0.371 0.06 0.016 0.011 0.098 0.038
67 2796 4983 88 93 32 20 0 0 5 9 8026 34.837 62.086 1.096 1.159 0.399 0.249 0 0 0.062 0.112
