1.807312 0.6189716 2.883555 1.328041
-5.680677 -4.074638 -4.492169 -4.313337
-2.236585 0.1888575 1.208880 0.2751033
-5.478606 -3.92509 -5.488346 -4.782909
-1.894996 -1.901801 -2.426957 -2.627888
-8.641035 -4.332512 -4.43204 -4.787342
8.780084 6.704165 7.421586 7.703001
4.117008 0 3.716877 4.90638
3.278982 4.580954 3.453198 3.890497
1.600034 2.760065 2.195053 2.571904
3.585782 2.331944 2.397591 2.807113
-7.80027 0.5305052 1.853049 0.2490661
1.315771 3.976323 7.428281 4.973736
-7.990593 -4.506829 -7.305957 -4.973736
1.754237 2.382734 1.937107 2.457126
-4.44508 -0.9742596 -0.6013247 0.7255171
-5.608947 -1.231326 -1.825979 -2.439145
-3.323798 -1.246677 -1.485176 -3.390155
-8.719255 -3.65004 -3.812406 -4.039637
3.830208 -1.535898 0.3878479 0.2656044
5.878065 5.185939 3.199867 5.169109
-4.324377 0.7142888 0.2246911 0
2.637135 3.324891 2.948617 1.251581
11.6469 6.335452 3.800933 6.267111
2.080871 -0.9740337 -1.290340 0.2333723
2.243274 0.4882028 -0.35482 -2.597549
1.018797 -6.887692 -1.191909 -1.688822
-4.756672 -0.3484324 1.428596 0.4854378
2.190141 2.072613 3.712723 2.392459
7.71434 0.3412973 2.252347 2.336555
4.337193 -0.6837633 0.9972382 -0.4629638
-0.5106394 2.037422 1.640277 1.611082
-0.4275338 1.335579 3.201981 1.135086
0.7682496 1.970507 0.9409374 -0.9070357
-3.813287 -4.830248 -3.602084 -0.8004617
0.3527341 -2.41808 -2.95588 -1.971078
5.913221 2.588583 3.063697 4.465539
3.72977 -0.6837633 -0.2373504 0.3353832
0.716849 -0.8613318 -0.1946157 -1.122346
1.730964 0.1728609 1.482464 1.010677
2.693506 0.3448279 2.339658 1.000564
4.672708 0.7202912 3.077166 1.971586
-1.902032 -1.932427 -1.629364 -2.838162
-5.933299 -3.006416 -4.622672 -3.659083
1.246122 1.390645 1.705798 1.150761
3.199054 -0.8534902 0.2111933 -1.614799
-0.6015056 -1.983834 1.049328 -1.052026
-0.7570059 0.1819837 -1.049328 -2.257969
1.208474 -0.5469476 2.294157 1.432005
0.5988042 -0.3663008 0.6166515 -0.4750603
-7.594663 -4.311821 -3.439630 -4.504718
-1.215082 -1.156082 -0.3186407 -0.7500035
-3.061886 -0.1939865 -2.368248 -1.135659
1.666705 1.732478 1.556452 -1.534557
-2.510592 -1.926842 -0.4730174 0
0.1693481 0.1943635 0.3227544 -0.1289491
2.341244 1.350069 1.492565 1.536522
1.639381 0.3824096 3.022638 1.388035
0 -0.2292703 0.6141268 -1.007565
4.062685 2.754371 2.519025 2.252911
5.616043 1.036662 5.233753 1.717834
-1.561951 -1.746283 0.1321129 -0.61013
2.077226 -2.006503 2.201171 2.179263
-1.181698 -0.7677581 -1.487016 0.3586376
1.913230 2.473961 1.579225 2.591429
-0.291971 -1.324523 -0.7400589 -1.877989
6.028057 1.886848 1.419771 1.294897
2.849582 3.778186 4.4404 0.1168907
2.444786 1.854547 1.908124 -0.4683849
-3.927293 -2.142939 -2.434903 -1.418463
3.009254 3.372103 3.205125 1.535766
3.113092 2.072613 0.4253516 1.512536
-0.06387736 1.391976 -1.281521 1.033898
-4.175427 -1.221182 -2.701689 -1.265112
0.3989367 -1.029169 0.7042283 1.150761
-3.855736 -2.090668 -2.271212 -1.382510
1.369884 2.434903 1.566984 0.3474236
-0.2724797 -0.9321663 -0.2653695 0.3462208
-0.2732242 3.409809 1.494533 -0.2306806
0.6816659 0.5682783 -1.317542 -0.2312140
-2.059098 0.6644543 -0.5319161 -1.281322
-3.313662 -1.669488 -1.79377 -2.733385
4.554202 2.723516 3.904666 3.782957
-1.699288 1.721660 -0.7863736 0.2317498
0.6111979 0.9615459 -0.0877578 0.9904492
3.657535 3.541025 2.342840 4.85391
2.179023 -1.176849 -1.294796 1.301537
1.619731 -0.625002 -1.135879 -0.4319661
-3.199751 -1.739174 -1.237858 -2.631731
3.071133 2.830378 2.199825 1.76216
6.054891 -0.09306655 1.640089 1.516822
1.263935 -1.312109 0 1.175855
1.425202 -0.9478744 0.5975263 1.581477
-1.904819 -2.409755 -2.673725 -2.328147
2.375409 0.6483005 0.696867 1.487806
-2.616083 -2.784783 -1.04713 -2.564243
-0.7255171 0.6622541 0.4376375 2.141409
-0.486619 -0.995033 -0.1748252 -0.4246291
2.409755 4.72016 0.2621233 3.962979
-0.4773279 -0.6379607 -0.08729813 0.2042902
2.772221 0 2.245345 1.418463
3.352141 -0.8032172 1.104045 -0.1006543
2.521936 1.600034 -0.5929708 -0.3025721
3.609333 1.261846 -1.973466 0.9850316
-2.681126 -1.579812 -2.901302 -0.6824595
-2.197891 -0.9600074 -2.712644 -0.3025721
1.652930 0.3210276 1.546188 1.204834
-2.77026 -0.1603850 -3.116659 -1.003017
-3.196619 -0.4827041 -1.217814 -1.217054
-0.6984895 0.3220615 -0.09429515 0.4073325
1.507275 0 0.4705891 0.2030458
3.505164 1.277973 1.768310 1.209692
-1.229753 1.730964 -0.0922935 2.864393
-0.5640173 1.701511 1.920498 2.214823
-3.569752 1.067897 -0.6360767 -0.1906578
3.229808 1.595698 0.6360767 1.890415
0.7914117 -0.2392346 -1.45988 2.496662
-2.739897 0.7457156 -0.7380107 -1.009646
0.4618946 2.784063 0.3696862 2.909296
-0.9259325 -0.1446132 -1.487016 1.246677
-1.464155 -0.9597282 -1.129956 -1.785762
-2.569607 -0.615567 -1.430640 -2.739897
1.322930 1.922016 1.997213 1.287966
-2.051973 1.090085 0.1881468 2.527210
-1.350542 -0.1999144 -1.22933 1.151984
4.353771 2.456710 2.164790 1.833312
-1.070801 0.2785517 1.47877 -1.043488
2.714031 2.878883 3.780828 1.043488
1.237940 -1.634914 0.8970247 0.6896579
-1.821713 -2.927038 -1.873508 -1.908124
1.279831 -0.7097262 3.160930 1.736155
-1.749316 -2.597549 0.3451255 -2.087032
-1.421825 -2.068021 -1.562532 -3.487166
0.7134394 1.481509 0.6105558 0.8155913
-2.155772 -2.230576 -1.224862 -2.411516
0.7237667 0.7490672 0.5267791 0.9569451
1.432005 1.039356 1.650059 2.353050
-0.4750603 0.1770957 -0.5700974 0.5352377
0.415801 0.5587428 2.616205 1.938387
-1.432860 -0.6472515 -0.4228336 -0.1746725
-5.246498 -3.087312 -4.329681 -5.756985
-1.790329 -1.998529 -1.515856 -1.869213
-3.278982 -3.636764 -3.473841 -2.001020
1.324523 0.3215437 1.477405 0
0.1314925 -1.455159 -1.013367 0.0962001
1.045761 0 -1.211007 0
-2.235465 -2.306527 -2.370903 -1.941809
2.235465 2.143528 2.277138 1.749316
-0.5215136 -2.812427 0.3745323 0.3846159
3.342213 3.947881 3.309125 4.686893
-0.8888947 -0.809721 -0.1809955 -0.7352974
-0.5115101 -3.13816 -2.012877 -0.7407441
-0.836825 -1.011813 0.6448664 1.017115
3.991661 5.442398 1.819886 2.237881
-0.873368 -0.9677495 0.6292156 -0.4146765
4.232462 1.926223 1.864235 2.497900
-1.147702 0.4758137 -0.2642009 -1.330397
2.519629 1.880933 0.2642009 1.154030
0.35482 0.9273637 1.136873 0.08822233
-2.027499 -2.17738 -1.754431 -1.242252
1.316596 0.6269613 0.5295688 0.8888947
0.8878425 -2.852808 0 0.881063
-2.445693 -0.969313 -2.135312 -2.307112
-1.215082 -0.6514681 0 -1.446680
-0.7361996 -0.9852296 -1.814932 -1.283244
1.830435 1.798904 2.173999 1.828204
2.271466 0.1619434 1.864235 1.795380
3.712723 1.286191 1.570713 1.763714
3.908929 1.269858 -1.044396 1.216349
0.8724156 1.098050 -0.790518 -0.1728609
3.886568 2.313133 1.921456 3.735579
-1.261183 0.1523230 0.1728609 -0.6688988
-2.571111 -1.379332 -0.4153692 0.2848289
1.721398 0 -0.08675285 0.5505979
1.324523 0.8910798 -0.01735960 1.993312
-0.5277057 -1.107363 -0.8718451 -1.329960
-0.1058761 -1.495821 0.08752736 0.5768454
0.7387896 1.866306 0.08745081 0.3772661
0.1050972 -0.1542020 -1.142870 2.138080
0.3146306 0 1.142870 1.432005
-4.278728 -3.135053 -3.559095 -5.187549
-1.764103 -1.282069 -0.9099244 -1.677892
-0.61367 1.441178 1.307683 -0.2032521
-0.1680202 -0.9584738 -0.5790823 0.03390405
-0.1121705 0.1603850 -1.003200 -0.3395589
3.582637 1.904819 2.730483 3.673201
-1.41769 0.5644418 0.958644 -0.3284075
1.471817 0.09376466 1.054491 -0.8257685
1.343745 0.1248829 0.696867 1.072175
-0.1923900 -1.129601 0.3466208 -0.1642036
1.623636 1.906606 2.477700 2.994963
-0.7395702 -0.7770047 1.257878 0.1593626
1.159739 2.617547 4.561051 3.673723
-0.8421102 2.25404 -0.3988837 -2.250774
-0.7959713 0.2967361 -0.7220248 -0.8671714
-0.5877655 0 0.3215437 -0.7151401
0.2248275 0.7380107 0.3205131 1.346555
-0.7621743 1.89372 -0.304463 -0.473187
1.401767 1.773502 0.5441755 1.568660
0.7832386 0.3679076 1.347622 -0.9382399
0.7876124 0.2820876 -0.4735605 0.5483758
0.6256538 0 -0.1583532 -0.1563722
-1.518751 -0.8486614 -2.568359 -3.260726
4.08431 1.969121 1.532906 1.492445
1.807278 0.8321823 0.3995211 0.3498175
-0.4487666 0.8253142 0.3979313 -0.4773279
0.1498128 0.8185585 1.027271 -0.3995211
-0.4501133 1.537040 1.637463 1.746076
0.3502631 -0.7251274 1.915034 0.3926193
0.8455658 0.8588351 0.7408001 0.4691174
-0.1983144 0.2135612 0.465851 0.1558847
-0.6472515 -0.9377162 0.1498128 0.62112
-0.2000001 0.1613771 -2.209867 1.016488
-0.05006258 -1.107970 0.2445736 3.892010
-0.7035205 -1.920498 -1.849051 -0.2213206
-1.370928 0 -1.820515 -0.7412932
0.1532567 1.512056 -1.499948 -0.1489204
3.953480 1.623852 2.382956 1.772572
3.566643 -0.3496037 1.634914 0.4382768
2.985296 4.426434 -0.0772499 -0.2188983
0.2753558 0.642263 -0.6979478 -0.4392394
-1.477405 -1.678542 -1.252953 -0.6624978
0.7414306 0.1301236 0.7067167 -0.7412932
1.284421 0.6480904 -0.3291797 1.183446
0.9977407 0 0.64168 -2.682724
-2.69854 0.3868477 -0.1561281 -0.6364622
-0.04637144 -0.1287830 0.0780945 0.3338901
-1.448285 1.534557 1.395371 1.324523
-3.155137 -3.09303 -2.100427 -2.390793
0.01942502 -0.1309758 -1.106731 -0.3067487
2.900141 0.6531702 0.6339165 0.5361943
-2.773970 -3.713955 -0.4750603 -1.075279
-1.268929 -0.2706362 -0.1588563 -1.008934
0.5876608 0 2.014547 0.07797271
0.6812678 -0.4073325 3.701294 0.6061096
2.395898 0.8669792 1.416349 2.054972
0.1703094 0.5112348 -0.668402 1.461640
0.302058 -0.1611604 0.2232975 1.411089
-1.519497 -0.4850454 0.3710579 -0.6065556
-1.348768 -1.826410 -0.892863 -1.932789
-0.2914038 -0.828734 0.8187616 1.501530
1.926842 1.377432 -0.3713335 -0.1939286
-0.2388346 0.9530365 0.5934736 -0.9300997
1.988702 -0.05421524 2.339288 0.07532957
-1.893100 -2.693210 2.215167 -2.670895
0.5241851 0.9702086 -0.3539827 -1.323491
-2.991058 -1.528869 -1.141239 -2.861881
-1.778703 -0.1401542 -0.5755412 1.520638
1.336985 0 0.5755412 0
-1.237333 1.254372 -0.9369438 -1.037933
0.09955202 0 2.163253 1.196664
0.09945302 1.238832 -0.01417334 1.573597
-1.200014 0.1367054 0.9452 -0.4694844
0.6018072 -0.273598 7.868088 0.2350177
0.1998003 0.1368926 -2.763334 -0.07827789
0.5176201 0.1367054 -0.8037552 -0.7230462
-1.975299 -2.461748 -3.003639 -1.413956
-0.5279736 -1.268158 -1.114994 -0.8677541
-2.557104 -2.324018 -1.924497 -1.725584
-1.155475 -0.1452433 -0.3434954 -0.4938282
-5.048732 -2.621266 -2.394021 -2.930306
1.335634 1.451662 1.385367 0.254561
1.803809 2.870178 1.537718 2.510592
-3.685436 -2.137574 -2.045886 -1.431688
-2.488816 -1.322576 -1.318700 -1.078905
-1.268029 -3.125254 -2.539345 -2.923682
0.1159420 0.7299302 -0.1514005 0.3484324
0.5777024 0.995033 -0.5317141 0.6932437
3.564734 2.137214 1.886137 3.145181
0.2775467 0.5856532 0.1493652 -0.4192878
1.124474 1.305312 1.260677 1.996739
-1.680340 -1.013767 -0.5171788 -0.06591958
-0.9971513 -1.082990 0.07404665 -0.927466
1.995496 1.373688 2.629808 1.650202
3.364398 3.143116 2.210429 2.664671
1.114365 1.091073 0.8427016 0.6354271
-0.7947062 -0.3623697 0.01398504 -1.435431
-1.87925 -1.349472 -0.2239956 0.3207701
0.1624696 -3.837194 0.6287132 0.4792341
1.183446 0 0.1391789 0.1592357
-0.7514797 -1.034747 -1.118893 -0.95924
-1.192426 0.1484781 -0.9894074 -1.537869
0.8145579 0.4441162 1.270306 1.778543
-1.032899 -1.188721 -0.6331361 -0.3210276
1.626052 3.812779 0.4927852 1.389022
-1.189846 2.050770 -1.129956 0.2059080
0.974561 2.313047 1.340408 1.958543
0 5.493679 0.7678921 1.233632
-0.7571697 0.3903713 0.2777780 -0.5378422
-0.1086366 2.056628 -0.1387925 0.6144413
-1.699137 -1.023027 -1.257878 -5.185765
-1.953732 -2.525189 -1.302397 -2.449102
-0.4519782 -1.674903 -2.422962 -0.996686
-0.1133145 1.066677 0.9444313 1.737735
-0.6255352 0 -1.383349 0.8495395
4.298736 0 0.5118841 -0.1954080
-5.446196 -2.961185 -3.337351 -3.905773
-0.8693187 -2.77026 -0.7570059 -0.7144103
-2.65424 -0.5633818 -1.223257 -1.687077
0.4175371 0.7037327 1.223257 0.6920443
-3.267078 -0.9866183 -2.758052 -3.419886
2.189869 1.685433 1.842015 1.505119
-0.7246409 -0.8391658 -0.3072199 -1.594365
-2.392018 -1.842717 -1.706791 -2.166150
0.9882724 0.854706 1.166874 1.897933
3.026865 0.7067167 2.595566 2.998461
-0.8984786 -1.991531 -0.5289019 -1.399848
0.7194276 0.1435750 0.0757289 -0.08814456
1.069529 1.424526 1.353404 2.094317
0.3539827 1.26495 -0.5992527 -0.3460211
0.2352942 1.111123 -2.202900 0.259628
0.5273965 0.5509656 -0.4618946 0.6031901
-0.1754900 0 -0.7745972 -0.6896579
0.7001195 0.7662873 1.082764 0.6037103
-2.591429 -1.593878 -2.492341 -1.647198
0.3573559 0.9648593 1.642587 1.302667
-0.2380954 1.632689 0.07754944 -0.5190323
2.005967 1.207258 2.071420 1.549084
1.73716 1.849458 1.581954 2.02881
0.6865016 -0.1309758 -0.5245422 0.6672252
-1.146802 0 0.07510327 -1.84569
0.6667458 0.9132484 0.1500375 0.5067578
-0.3788101 -0.5208345 0.3741119 -0.1686341
-1.974512 -1.844585 -1.80864 -2.304840
1.686577 1.713951 1.584341 1.201731
-0.4045079 0 -1.204834 -1.029169
0.5197817 -0.5242476 0 -0.6052764
0.1151411 0 -0.4555817 -0.2605299
0.2298852 0.1313198 -0.5341485 -1.048961
-1.154747 -0.2628122 -1.697572 -1.952147
0 0.65574 -0.3898640 1.511812
1.039871 0.287169 0.2341008 2.113431
0 0.1042210 -0.2341008 0.0691085
2.721256 1.678542 2.316706 1.882006
0.3907345 -1.15906 -0.7509038 -0.0847817
-0.8391658 -0.2594035 -0.5552999 0.3386963
-0.1124227 -1.307208 -1.166874 -1.791093
-0.1688714 -1.591546 -1.259859 -0.6042314
-0.3386008 -1.075279 -0.3969835 -0.2600782
-2.344974 -0.4605182 -1.200495 -1.574836
-0.813485 0.4605182 -1.215082 0.790518
-0.8201569 -0.4062294 0.2442004 -0.8787403
-0.9456335 -1.228684 -0.816331 -0.3536697
-0.2378122 -0.827591 -0.8230499 -0.979091
-0.1191185 1.920498 -0.165426 1.420983
-0.3582093 -1.643873 -0.6644543 -0.08822233
-0.9615459 -1.111123 -2.395122 -2.050897
-1.215082 0 -1.513617 -0.451468
-1.353867 0.1395674 -0.608433 -0.9090972
0.3710579 0.6117928 2.156185 1.540583
1.104984 1.321969 1.187461 0.8952611
-1.972937 -1.238832 -2.130460 -1.526747
-2.139792 0.827591 -0.08616976 -0.6354992
-1.732478 -1.941809 0.1722653 -1.838287
3.372894 2.216157 1.537178 1.983900
-1.1328 1.630471 -2.141409 -0.4192114
2.252911 0.1346802 2.395324 4.726693
-0.9325526 0 -2.794388 1.366922
-0.8153071 -0.5398124 -0.9081446 -0.4132949
-1.267444 -0.9517407 -0.545344 -0.5190323
-1.283715 -1.652930 -1.582396 -0.7836348
0 -1.680712 -1.444068 -1.036825
-2.485412 -3.156647 -2.113078 -2.160605
-1.602170 -1.320635 -1.026607 -0.7246409
1.336918 1.028664 2.684104 0.9049836
-1.741504 -1.176484 -1.286782 -1.269283
-1.223673 -2.092752 -1.209880 -2.681622
1.964167 0.3016594 -1.319529 0.09367682
2.451265 2.086514 3.358525 2.038996
1.944326 -0.1476015 1.185604 0.1833181
0.512165 -0.5925943 0.4703337 0.09153319
-0.7692346 -1.045566 0.3423118 0.1828154
0.1286174 0.5988042 0.8060948 0.999554
1.086620 1.039356 0.7111141 1.347124
0.7725958 1.174757 -0.2660755 0.1426279
1.054227 0.437 0.884179 0.8338556
0.2493767 0.8683123 -0.4411123 -0.6202944
1.17612 0.28777 1.055419 0.8144521
-0.6792246 -1.156082 -1.055419 0.5100706
-2.00257 -0.583092 -1.156082 -1.146903
1.006298 0.873368 1.597195 1.584540
0.5616239 0.2894358 0.7367162 1.731645
2.032716 1.292193 1.181390 0.5136998
1.812738 0.9936207 1.030937 0.8503453
0.3467037 -0.1413428 -0.5656996 0.759177
-1.188561 -0.8522779 -1.071562 -0.6745388
-0.4842624 -0.4288784 -0.9602867 0.3378382
0.3634165 0.2861232 -0.3514942 0.8396355
2.153193 1.559209 1.537417 1.822751
0 -0.1407460 2.262695 0.1640689
-0.1184133 -1.418463 0.9278852 -1.187349
1.060705 0.8534902 0.08392783 -0.2158931
0.7009374 -0.08502197 0 1.025480
-0.2331003 -1.025942 -0.1679262 -0.1152548
-0.702579 0.5997448 1.831858 0.7386164
-2.017873 -2.800818 -2.084277 -1.399776
-1.619762 -0.5873732 -1.271742 -1.419648
-0.07314397 -0.1473840 0.8496228 0.08406894
-1.103629 -1.037815 -1.362883 -0.759177
0.6146301 0.1191540 -0.5159083 0.5067578
0.6108754 0.2378830 0.4644371 0.9725093
-1.472419 -1.556452 -0.8964032 -1.563977
3.139326 3.410264 3.153222 2.262350
2.50782 1.217054 1.151068 1.153225
0.9302393 -0.05762028 1.170761 1.301890
1.093536 -0.2886005 0.08193364 0
-1.325286 -0.9583346 -0.4103412 -0.1618123
-0.8153802 -0.4972952 -0.4946424 -0.4870139
0 0.875918 0.3300333 0
-1.176484 -2.412591 -1.159914 -2.972969
-0.7125921 -1.138078 -0.1501126 -1.010961
-0.5497803 -1.059813 -0.602714 -0.5944816
-1.801851 0.8789267 0.8361253 1.016958
-1.289548 -1.031250 -0.7521974 -0.1687764
0.2469137 0.2740145 -0.5046268 0.5054771
-0.991334 -1.162093 -1.358255 -1.438874
-1.505675 0.1229634 -0.686109 -0.08528785
1.218838 0 -0.1722653 -0.1707942
-1.980263 -2.803922 -1.388911 -1.550419
2.017723 2.125744 0.8703275 0.2600782
2.161245 1.626052 2.244975 1.461135
1.635904 0.2735148 0.9948653 0.6802747
0.3000302 -1.683284 0.3350087 -0.851069
1.486795 1.561814 0.3338901 0.6814336
1.406823 0.4245003 1.89853 1.43281
0.2325582 -0.7593051 0.4079973 -0.2513617
2.012140 0.9406836 0.09767215 1.465716
1.972451 0.2714524 1.837872 0.5277057
-0.447428 1.078501 0.1915098 0.08220305
0.447428 1.155397 0.6832473 -0.5768454
1.054686 0.5287909 0.3951013 0.1651528
0.8796098 1.367692 0.5505323 -0.3305788
1.682536 -0.3474236 0 0.6271683
0.2687451 -0.08704483 -0.3142186 0.4104759
-1.448987 -0.6990998 0.3926193 -1.452410
2.091044 1.277973 1.323491 2.252088
-0.695748 -0.7822726 -0.8543741 -0.4071998
-0.9714054 -1.435501 -1.098050 -0.9017194
0.3248514 -0.2659183 0.2363136 0.1316656
0.646554 -1.190490 -0.3941668 -0.3294896
0.3752350 0.8941937 1.877989 0.0494927
1.223094 0.4441162 0.07748935 0.1647990
-0.1586882 -0.5925943 -0.2326484 -0.3463921
0.7068658 0.9170305 0.07760963 0.543793
-0.971907 -1.065729 -1.092055 -0.9909247
0.6349228 0.770831 2.218349 2.134728
0.7356838 0.7063008 0.3369585 0.4053512
-0.1047669 -0.440853 -0.1530222 0.3231021
0.835078 0.1471671 0.1071401 0.402415
-0.4166673 0.05880624 -0.398529 -0.402415
0.883352 1.806050 0.5971995 0.1611604
-1.721931 -0.6080806 -1.538492 -0.6462058
-0.6335818 0.2031047 0.6490519 -0.08107013
1.576491 1.838076 0.88944 1.048820
0.4162337 0.595831 -0.2292703 0.2725016
-0.2079003 -0.5673774 0.07648184 -0.7552056
0.2598079 0.2557183 0 -0.1614205
-1.832992 -2.267280 -1.385703 -1.219032
1.781084 0.6077287 -0.622086 0.1144071
0.6417577 0.8904267 -0.07803356 1.104625
0.2884816 1.504215 0.07803356 -0.08080809
0.7175838 -0.2820876 0.5445365 0.3228413
-1.119625 -0.4246291 0.2324681 -0.08061266
0.5048694 0.8474627 0.8477893 0.7231852
-0.3088011 -0.7057192 0 -0.8846057
0.1545197 -0.1417435 0.2299733 0.7403864
0.1542813 0.8474627 0.7627802 0.7031029
0.5125588 1.202307 -0.609758 -0.4468568
-0.9761187 -0.2225933 -0.6904515 -0.9158897
0.6688988 0.7769184 2.508683 0.5633818
-0.1539646 -0.8605188 0.449439 0.4803852
0.4202764 0.2505918 0.5218051 0.03194378
-2.863860 -1.569539 -1.800499 -1.480078
-0.7395702 -1.279335 -1.371973 -0.568876
0.9498752 -0.4301082 -0.07677544 -0.5721307
-0.2629505 0.2869442 2.353050 0.08193364
0.7345259 0.08592296 0.5237573 0.896867
-0.4715754 1.053691 0.2980628 0.8888947
-2.445630 0 -1.272949 -0.597113
-1.846875 -1.426558 -1.978756 -0.8615838
-0.604896 -0.3165926 -0.2308581 -0.8196767
0.4951867 0.1728111 -0.4633213 0.7380107
1.265287 0.716849 0 1.234183
-2.258125 -1.120540 -0.917509 -0.339504
-0.3331486 -0.463366 0.1405043 2.352673
-0.4459316 0.2029869 0.1558847 -3.084086
1.881627 1.094796 1.392134 -0.4905979
0 1.281156 1.448748 0.4905979
1.253081 0.8450755 0 -0.6546668
-0.5428895 -0.1965465 1.174005 -1.956620
0.6511146 1.034540 2.541132 0.9996751
1.769009 0.3332411 -0.7320677 0.6279974
0.2653225 0.6356246 0.4545129 -0.6611594
-0.5313509 -0.5524876 -1.103196 0.4137366
0.2660284 -0.9742596 -0.3110883 0.3297612
1.057092 -0.1399580 0.5179442 1.308277
0.2625362 -0.8438869 -0.07382798 -0.651999
0.1048218 0.2820876 0.5156549 -0.2947922
-1.424450 -0.2820876 -0.5895374 -0.6087047
0 0.3102527 -0.2071620 -0.6622541
