0.8595288
-0.4610051
-1.247736
-0.7609572
-1.001598
1.869102
0.2245598
-0.6514295
-1.695718
0.4341541
1.130767
-0.04165303
-0.728753
-0.1680068
-1.971015
-1.059058
0.4385295
0.3813746
1.674265
0.2532563
-1.236155
0.7532077
0
-0.9912813
-1.608019
-0.4668979
-0.06241808
0.1372684
1.20853
-1.802635
-1.173515
-0.6877694
0.5226271
0.7977755
0.3902321
0.4325076
1.156657
0
-0.3282245
0.7847054
-0.9771863
-0.3860768
-0.3938367
0.3563952
-0.04994381
0.6969537
-0.04341758
-0.4539103
-1.140721
-0.9500356
0.02545177
0.6721222
0.7052926
0.7315047
0.849802
0.6525911
0.465288
-0.8834413
0.1293223
0.2765573
0.495884
0.09766222
0.6506758
0.6645346
-0.2471742
-0.03018503
-0.4114236
-1.121826
-1.981489
0.9708814
0.7466175
-0.01844395
-1.805428
-0.2695673
0.2695673
0.7484598
-1.559352
-1.539177
-0.0641149
0.8366646
-1.576956
-0.1228382
0.2326184
0.4507703
0.6340688
-0.524902
0.2371872
-1.055623
1.042816
-1.366881
-0.6839749
-0.2093831
1.049040
0.9932362
1.452625
0.4543741
0.8589125
0.4422443
-0.2863013
0.01246494
0.1370119
0.01866891
0
0.5646402
0.8379593
0.4285808
1.479712
0.6958636
-0.2993476
0.1737308
0.5729649
0.2674513
-1.086124
0.4071862
-0.5933668
-1.6364
-1.719558
1.217229
-1.959753
0.8543596
0.2356883
-0.858588
1.038082
-0.4400243
-0.4107804
-1.729984
-0.4643036
-1.89207
1.072708
1.435844
-0.3300124
-0.7849685
1.152989
0.845111
-0.2830102
1.301483
-0.5735677
0.8033172
-1.235662
0.9375069
-0.1556421
0.3110422
-1.237438
0.06286541
-0.1006036
-1.081570
0.2921008
0.5753501
-0.1640482
0.8363514
1.164215
1.022239
0.427952
-0.10987
0.4144326
0.249051
0.8698333
-0.3916965
0.259294
-0.3740803
-0.6063197
-0.02432942
-0.9534942
-0.6716604
-0.8132397
0.3670871
0.908788
0.7052432
-1.044300
0.7811819
0.0245053
0.2508337
-1.198650
0.5304071
-0.6603536
-0.2852361
0.1923137
0.6055382
0.7731997
-0.08561644
-0.04283573
-0.2696741
0.4470171
0.0732914
-0.1221822
-0.3367728
0.0980873
1.230148
0.5251891
0.2525558
0
0
0.389607
0.08969415
0.3520185
0
0.1249963
-0.07140732
0.6408377
1.834376
0.6483005
1.078858
0.1824818
0.4604243
0.1076945
1.367225
-0.02235511
-0.6054848
0.02811279
-0.9659728
0.8365885
1.024846
-0.755016
1.830116
-0.1213392
-0.7756272
0.5656939
1.351298
-0.2294205
0.9741309
1.055874
1.705538
0.651126
-1.880867
1.119049
-0.895299
1.005991
1.438347
0.8377337
0.5187613
-1.133449
1.562853
-1.066677
0.3705233
1.326685
0.3642991
-0.04041221
0.2119821
0.7484275
0.2199451
0
-0.2149410
-1.243691
0.7168851
-0.4234518
0.4988798
0.5314095
-0.4309272
0.745432
0.01495178
-0.7804722
1.327166
0.7603848
1.134708
-0.6587157
-0.2401668
0.5334651
-2.280905
-0.2500001
-1.208778
0.7320492
-1.184045
1.264495
-0.1207001
-0.5297825
-0.6852993
-1.35903
-1.017187
-0.4286468
0.6943203
1.399997
0
0
-0.4679273
0.7957125
0.642204
1.667671
-0.7422301
1.771194
0.8126722
0.5820368
0.8740041
0
-0.1645056
1.030937
-0.4130253
2.311967
1.715740
-0.9288136
0.933436
0.7643819
0.4439671
0.1095440
1.007634
-1.836754
-0.9381495
0.6248719
0
-0.6388023
-0.3582149
0.5437953
2.091627
1.137402
-0.3867085
0.7093183
-0.9529019
0.6527291
-0.01346167
1.637922
-0.4025396
-0.3018602
1.771440
0.787457
0.0606507
0.4925054
-1.179136
-1.188793
-0.948841
0.9179462
0.822073
-0.3025456
0.6172724
-0.08732481
-0.2274020
-0.6280352
1.208633
1.327444
1.021355
0.5681111
-0.3599945
0.5964611
0.4586681
0.1971270
0.6848198
0.6512249
1.016031
-0.6034377
-1.159577
-0.4257812
-1.943039
-0.1835764
0.2858913
-0.555462
1.107856
0.9782916
-0.5301258
-0.4058001
-1.133084
-1.141737
0.4151178
-2.441756
-1.573221
0.716143
1.469833
0.4691448
0.1748176
0.2311636
-1.571931
-1.552078
-1.230117
-0.5658498
0.9382897
0.8711604
1.032804
0.06225266
-0.1690617
0.1735069
0
1.021568
-1.030458
0.8234507
0.2993619
0.3773258
-0.3729301
-1.144992
0.1821292
0.3544218
0.4676823
-0.1938668
0.5453919
1.077601
1.027465
0.2445146
0.09849475
0.6740065
-1.659024
1.254312
1.078429
0.01266812
-0.09716326
0.3291281
0.3532384
0.1593893
-0.765707
-0.3384384
0.6631072
-0.3795871
-1.190237
0.4990733
-1.168403
-0.9081536
-5.574115
-5.90326
-13.02860
7.596966
-5.858175
-2.094664
-6.388514
1.133625
-2.671426
1.413028
3.951793
-1.502835
-4.133701
-2.808278
1.891091
-1.104441
-3.490624
0.5288826
4.096688
3.782844
-1.431638
0.380613
-1.470966
0.2166196
-1.489673
-0.3483579
1.476737
1.876474
-1.491141
-0.2045237
-0.5494685
-4.438296
-0.08865249
0.7447649
-0.1195457
-0.353179
0.9807698
1.613539
0.9130805
-1.209012
1.956531
0.06052903
1.047382
1.178655
0.9658497
0.6309906
1.915149
-0.1601098
1.364123
1.105976
0
0
-3.453515
1.690536
-2.712909
0
2.011512
2.380594
-0.1397937
0.005595501
-0.7751541
-0.7471169
-1.200220
-0.334044
0.5752432
2.453311
0.1845277
-1.236666
-0.8634455
-0.3200003
1.347339
-0.4924863
0.288993
-0.1188960
1.053798
0.3860469
-0.7792174
-0.1407935
-0.4575374
0.03396355
-1.660665
-2.523223
0.746689
0.6597216
0.6553978
0.2425083
0.2994359
-0.2648398
0.7752645
-0.6888266
-0.3635423
1.000871
0.6105408
0.1250711
1.259015
-0.8960583
0.1301163
0.737886
1.492814
0.2540034
1.162358
-0.8924964
-0.1761533
0.01652756
1.057573
-1.261604
0.4351305
1.114948
-0.7747747
0.1313701
1.487703
-0.7790982
-0.3100778
-0.1745011
-2.738836
-0.8336667
-1.217862
1.059356
-0.4656454
-0.8230029
0
0
-0.2816013
0.4249705
0.9127274
1.056298
1.715824
-0.2876267
0.2821032
-1.289767
-0.4823611
0.5159276
0.6189553
-0.6749056
0.2850199
-1.139342
0.3381047
1.296687
0.3270966
-0.1273850
-0.1219986
0
0.2770545
-0.6940809
-0.2901626
0.6461338
-0.3448279
-0.1282230
-2.017311
0.8784166
0.5345951
-0.2922664
0.7067167
-0.6504453
-0.960948
0.5437875
-0.5040362
1.218908
0.2800495
-0.1455278
-0.08966098
0
0.03923657
1.186610
0.2544249
0.4904267
0.7393445
-0.6843904
0.4385491
0.724858
0.4497068
-0.596434
1.479109
0.1659751
-0.3966558
-0.635778
-0.3302567
0.8693125
1.026912
-0.02128679
-0.4053123
-1.605292
0.8327974
-0.09698277
0.1346729
0.03229453
-0.5504304
0.36729
0.8161557
-0.778423
1.162710
-0.0213106
-0.9798488
0.6863666
-0.4284267
-0.0966495
-0.6575425
-0.2436319
1.206911
-0.1500697
-1.056841
-0.3420849
-0.0435232
0.168547
0.02715842
0.665785
0.462889
-0.3604383
0.5160469
0.2463319
0.3310554
0.005330632
-0.716849
-1.226214
-0.2557755
0.4458225
-1.453498
0.4667645
0.3063292
0.1637197
0.5654955
-0.6527793
-0.789002
0.07148553
-2.167113
-0.5350769
0
-0.9020058
-0.06840725
-1.326043
0.9432404
1.002458
0.19816
-0.6753523
-0.9325277
-0.08050141
0.3560153
0.668402
0.4998023
0.2376642
-0.1470589
-0.385641
0.6908295
1.384202
-0.4518206
0.2066405
0.01673593
0.8498399
0.2485846
0.9062262
-0.1367802
-1.31715
0.2603952
1.045804
0.6875505
0.3149096
-0.03253090
-0.3150122
-1.314151
0.8998689
0.5393198
1.048488
-0.1614205
0.2957389
0.09659762
-0.2685575
-0.5879673
-0.03246578
0.1568204
0.07561845
0.3395772
-0.3233807
0.2910896
-0.78898
-0.3042819
-0.1797435
-0.7991285
1.141995
-0.812813
0.02738301
-1.295176
-0.4670567
0.4448653
0.2770392
0.897855
-0.01096792
-0.6768495
0.5616136
0.863771
-0.2234272
-2.111609
-0.7382171
0.3026569
0.3073229
-0.7672744
-0.773207
-0.1928203
0.3287053
0.2429998
-0.7819623
-0.4104207
-0.1600641
0.2685332
0.1995042
0.4034899
0.6050173
-0.191852
0.388963
-0.2704227
-0.2202582
0.2992070
0
0
0.7692994
0.8743895
-0.5727807
0
-0.5760803
0.5705033
0.3618654
0.6535971
1.109048
0.2453989
-0.1035394
0.911811
0.6032876
0.5195652
-0.2192807
1.297960
0.983468
0.3500252
0.3747857
0.8484711
-0.1082446
1.067005
2.325041
1.827753
0.4493292
-0.6060921
0.1861286
1.283627
-1.244486
1.384492
1.122583
-0.8191074
-1.112412
-1.144603
0.8035714
-0.07811356
-0.6713572
0.4464403
1.114719
-0.2326259
-1.333451
-0.8443869
0.1437031
-1.135414
0.2850643
0.9394408
0.906187
0.951482
0.6582792
0.5148822
-0.009599693
-0.3558380
0.4469979
0.8500123
1.073626
-0.2119194
-0.406255
-1.887434
-0.9450721
0.9016494
-1.145421
0.4091978
0
0
0.6541513
0.05794023
-1.082246
1.241409
0.2214414
0.1537575
-0.2211008
-1.244357
-0.3318533
-1.017033
0.3106282
0.08365525
-0.2117341
1.219916
0.05355013
0.9542103
0.6055673
-1.0888
-0.1648325
0.04850837
0.4451764
1.066139
1.059619
0.1086520
0
-0.70598
0.1235507
0.6296326
0.6491391
-0.6208279
0.2732628
-0.3960028
-0.3027725
1.182219
0.6626868
-0.6158747
0.8899302
0.9923693
1.250587
-1.632521
-0.805448
-0.8822969
0.1826998
0.1730226
0
-0.4824026
-0.7350895
-0.5216001
-0.03804089
-0.6728569
0.9008855
0.4970072
1.187501
-0.0513383
-0.1775535
-0.7180938
0.4980511
-0.1876525
0.6692432
0.5024902
0.4676476
0.3412500
0.3584398
-0.5750447
0.5566944
1.222085
0.1358757
-1.247910
-1.430904
0.6764609
0.4055305
-0.5302851
-0.07862908
1.282688
0.2782658
2.505698
0.2573433
0.05758965
0.6928995
0.05276349
-0.07915568
0.8498387
-0.008724481
-0.4065313
-1.052386
0.4548975
-0.2161495
0.844295
0.9717487
-0.3910498
-0.2048243
0.673901
-0.0650181
0.9150221
0.599702
0.2814741
0.5224606
-0.5565365
0.2935236
-1.209391
0.0128974
0.839046
0.6035124
0.6377923
-0.01684281
-0.1643663
0.4880932
0.4481214
0.1795220
0
-0.6948251
0.02099914
0.2767762
0.8174546
0.4848042
0.2806904
-1.461577
1.044385
0.3305925
-0.9659107
-0.1250469
0.1625305
-0.8153071
-0.65284
0.3079976
-0.5195036
0.3508553
0.4673004
-0.4504228
-0.4482227
-1.000924
-0.2099716
-1.708926
0.3354319
-0.4445808
1.276114
-0.2807353
-1.327925
-0.1798601
-1.348236
-1.262948
0
0.8571417
-0.1788989
-3.991033
-0.5137797
1.607244
0.8808609
-0.4669911
0.4852601
-1.862234
0.5845257
-1.514721
-2.246325
1.435306
1.428999
0.8134472
-0.2781514
0.8781717
-0.1611901
0.3956029
1.168430
-0.09533538
0.6789814
-0.1580171
0.06775221
-0.5115332
0.2900392
0.5235614
-1.739174
0.0915709
0.3289627
1.278117
0.08552973
0.08545664
0.7926065
0.6047688
0.9354935
1.495265
-0.3337309
1.040844
1.119383
-0.2978472
0.7133485
-0.5132676
0.5132676
0.9558571
-0.8078812
-0.9465869
0.5868362
-0.6977861
0.7910222
-0.3267075
0.3817608
0
0
1.420849
0.1251408
0.9914008
0
0.4694458
1.208721
-0.4923412
-0.2900270
-0.5414509
0.2054401
-0.977549
0.2194391
-1.575689
-0.5857211
-0.7253017
1.050190
-1.570891
-0.08133736
-1.636443
-0.2615406
-0.5470832
0.4946929
1.068553
0.6159432
-0.292423
0.6567534
0.3630078
0.3956694
-0.2848944
-1.169303
-0.5919862
1.017601
-0.7492607
-1.160756
0.2751033
0.2221497
0.6721475
0.5215866
-1.245960
-0.878867
-0.7626726
0.4195285
-1.442578
0.5617491
0.2442221
0.02660636
-0.7566016
0.7299952
-1.083550
-0.6522007
0.6432337
0.879411
-0.7002236
-0.5160317
0.07645088
0.07190042
0.3945309
1.289251
-1.150638
0.9649451
-0.4168520
0.3814428
1.100654
0.62417
-1.402179
0.3875632
-0.5288686
-0.669492
-1.176879
0.856066
-0.40695
0.353381
-0.8250058
0.2967094
-0.4589228
-0.09023235
0.2974583
0
0
-0.342605
-0.3891055
-0.965707
0.1097946
-1.283868
0.03241416
-0.7808545
-0.4442685
-1.273542
-0.1520190
0.6869949
0.9258673
-0.1263897
1.270641
0
0.9115666
-0.8884446
-0.2639074
0.8724005
1.758427
-0.1039149
0.4015073
2.810084
-0.6720131
0.5712795
1.271407
-1.039434
-0.4513098
-0.5063079
0
1.315462
2.180275
-0.04689532
1.115245
0.3199733
0.04622723
-0.911668
0.8402169
-0.4973667
-0.7549767
0.928071
1.453094
-0.09982531
-0.4462710
-0.9154343
-0.03375385
0.06327913
-0.03796267
0.3453507
0.8373505
0.05418586
-1.101974
-0.7527736
0.7991079
-0.1095521
-0.01264835
-0.6853978
-1.028407
0.3681984
-0.1068947
-0.4287252
1.407873
0.4227442
0.4923527
1.014898
0.3525877
-0.5397563
-0.6138703
0.5347383
-1.697591
0.050841
0.1608262
-0.8749631
-0.5990348
-0.5853759
0.4178609
0.5487453
-1.485975
-0.8672779
-2.859367
0.7001824
0.07600653
0.3301806
-0.4956806
-0.6422226
0.6511755
0.2369616
-0.7710622
-2.055085
-0.9368939
-2.274584
-0.1566617
-1.425930
0.5478939
0
1.884922
-0.01881556
1.30397
0.4262818
0.175544
-0.8621942
0.1953398
-1.465005
0.09425516
1.128844
-0.125836
-0.09331406
-0.7120469
-1.577895
0.02387718
-1.457352
0.0871713
-2.395588
0.4254904
-1.753120
0.4461719
0.040008
0.453968
-0.9451724
2.024391
1.349852
1.375007
-0.7985803
3.488478
2.655777
-3.113936
-0.5780227
-0.928037
-0.08566126
0.07138948
-0.874453
-0.751521
0.7035156
0.3068369
0.620379
1.182326
-0.778765
-1.038302
-1.233216
-0.0484825
-1.376975
0.8030992
-1.093604
0.1330475
0.9508011
0.9563412
-0.5134426
-1.123223
0.2158557
0.5522311
0.1996154
-0.487568
0.6819315
0.3875974
1.34011
0.9166315
0.5234009
0.07521979
1.982198
-0.8606383
0.3525541
-0.7063555
-0.4065521
0.6441096
0.6168708
-0.7612012
0.2930984
1.150102
0.2705865
-0.04122861
-0.76812
-0.4117803
0.7068473
-0.1750910
-0.4854042
0.1805681
0.778716
-0.9175857
0.2590675
-0.3749397
0
0
0.5319038
-0.3419439
-0.7853383
0
-0.7116468
-0.4945725
0.3911501
-0.6038609
-0.6360982
1.371569
-0.953377
-0.1233748
-1.208546
-0.476914
-0.7804776
2.394691
-0.09031921
-0.893311
-0.1152295
-0.05285793
0.8995706
0.1760941
0.710735
-0.1984972
1.818914
0.8188993
-0.2121772
0.3088912
1.353349
-0.3275112
2.203536
0.06683152
1.494215
-0.6382766
0.1456215
1.166117
0.1089016
0.927377
-0.2548212
-0.6769096
0.6769096
0.08213198
0.9118735
-0.5710989
1.104889
1.391467
0.2516885
-0.1677220
1.549063
1.631184
-0.9065727
0.707179
0.1668668
-0.1750138
-0.2692231
2.117764
-0.2562667
-0.1444391
-1.276888
-0.7265042
1.366986
-1.395665
-0.3530092
0.2341104
1.101557
-0.329195
0
0
1.286217
1.230195
0.2141328
0.8205498
-0.6068745
-0.1067806
-0.3329373
0.5068916
-0.2174902
0.6589225
-0.9205367
1.007018
-0.2596689
-0.7235378
-1.169464
0.5205634
-0.6089274
-0.2615327
-0.4360648
1.082614
-0.4815032
0.888966
0.8850845
-0.3166188
0
0.7031156
-0.6753714
0.7265293
-0.6908695
-1.504748
-0.925203
-0.1746867
0.5069668
-0.730849
0.5162088
0.6505993
-0.6789825
0.6830103
-0.472356
0
0.3474189
0.5309106
-0.06821693
0.332619
0.6500133
-0.3902988
0.6166106
0.1505905
-0.7552306
0.2231877
1.214774
-0.8848916
-0.2224518
0.3057439
0.0673761
-0.3174606
-1.251841
-0.1933691
0.3059953
-1.180814
0.1178982
-0.9758167
0.6217043
-1.549144
1.185589
0.6770286
-0.4889587
0.902702
0.5771847
-0.7230164
0.8517217
0.8206119
0.08368368
-0.5231746
1.395677
0.954952
0.1641331
-0.5363833
-0.2279517
0.6666691
1.142559
-0.2863557
-0.03488305
0.3753221
0.2198948
0.02311871
-0.2623256
0.1119583
0.3851046
-0.6284843
-0.4691113
0.9321823
0.1231243
-1.160285
-0.04669261
0.6014414
0.9203523
0.3214699
0.1450880
-3.119501
0.5495598
1.838544
0.8076754
0.6725333
0
-0.7946055
0.1678109
0.5320779
0.2838814
1.273185
-0.3963659
-0.1649918
-0.04879972
0.1538260
-0.5337757
-0.8478476
-0.1597748
0.5808121
-0.6112744
-0.7569133
-0.4461203
-0.4171501
0.1972044
0.4471004
-0.8031241
-0.1124881
0.8194233
-0.08472292
0.1309052
0.8696207
0.907492
-0.05293206
-0.7059121
-0.03809379
-1.087967
0.1270281
-0.5941834
-0.516015
-0.6164911
0.7603117
0.085417
0.08922164
0.3754092
0.4778613
-0.981309
-0.6309415
0.06249268
-1.288971
-0.5393628
1.726764
-0.2034509
0.9278096
-0.4316470
-0.6451005
-0.8547902
0.516899
-0.2640344
0.1498364
0.8240188
-0.1603473
0.8030606
-1.132382
0.5912196
-0.5872927
-1.730908
-1.602934
0.3849509
-0.3687126
-0.7006424
0.4038761
0.6209814
-0.9758158
-0.7752136
-0.3464778
-0.2192303
0.2192303
0.1486375
-0.6955398
-0.7631874
0.8711474
-0.7330923
-0.4945318
1.794573
1.161063
-0.4415018
-0.3241893
-0.7964553
-0.915681
-1.410639
-0.5400247
1.649156
0
0
1.428269
0.05373344
2.975938
0
-0.01203394
0.4522812
-0.4362363
-0.4139794
-0.638386
1.240701
-0.8038952
0.4911443
1.046670
0.8232128
0.1772107
-0.1929780
0.3227333
-0.05895879
-0.8449531
0.130763
-0.5917765
1.168261
0.4752655
-0.2157498
0.1687168
0.796568
-0.4287336
-0.1328904
-0.3801019
-0.5037992
-0.6770292
0.8386789
-0.05122648
-0.5295618
-0.0435963
-0.3454784
1.072237
0.5846708
-0.7540388
0.2637745
-0.04325855
0.6820881
-0.5052395
0.712081
-0.1170275
0.003903124
-0.3049021
0.4336198
-0.2732349
-0.7887497
-0.2050716
0.6923982
0.940403
-2.056103
-1.160370
-0.696278
-0.2142844
0.826301
-1.069443
0.1175922
-0.4467738
-0.6370489
0.7224964
0.2518484
0.2957204
-0.9877928
0.2040484
-0.5231976
-1.299336
-0.1329456
-0.9481911
0.7609369
0.1373541
-0.4585825
1.789016
5.439552
0.7126841
0.3659833
1.515094
-0.06061984
0
0
-0.4862862
-0.6878658
0.0766636
1.264105
0.5734566
-0.2712275
0.5229606
-0.4060919
0.2145318
0
0.09019166
1.361733
0.1185054
0.8770047
0.4429402
-0.5640834
-0.06981573
-0.9528806
-0.4500407
0.7797745
-0.1110248
0.4175526
-0.3657257
0.4799714
0
-0.3837926
-0.2220907
-0.1631806
0.4961319
-0.3700145
0.3072085
-0.9282015
0.03729395
-0.5008982
-0.854304
-0.3938504
0.02655791
-0.8380682
-0.398636
-0.3886638
0.8714234
-0.6865235
-1.383448
0.8586745
-1.343714
0.4030607
-1.099516
0.9705571
-0.911347
-0.72477
0.2144134
-1.088723
-0.7163008
0.8445317
-1.131685
0.995434
-0.8497323
1.018015
-0.2846435
-0.5031103
0.2297323
0.09657171
-0.1207292
-2.095574
-1.166363
0.4938487
-1.153338
0.4846064
-0.9337058
-1.235942
1.075962
2.076545
-0.4798553
-0.4988371
0.8548125
-0.5261317
-0.6124636
-0.6372653
-1.163370
-1.043681
-0.694672
-0.2818308
0.6448703
1.660002
0.8155721
-0.9047157
0.3730240
-0.1736222
0.2666612
-2.335036
-1.310966
0.1752081
1.15739
0.04325073
0
-0.6159204
0.6332155
2.935311
-0.83051
0.4224406
-1.465025
-0.437281
0.5612577
1.286232
2.136530
-2.174498
0.3495992
4.344396
3.290800
-0.2691582
1.006596
-0.2129102
1.564905
-0.7736242
-1.588873
0.2146133
-0.4884253
0.7531302
-0.8824735
-4.139903
1.706325
1.146751
0.8584083
0.0944882
0.62765
1.069654
-0.3876425
-1.097389
0.67704
-0.06632723
2.116236
1.090706
0.4675901
0.4354525
-0.3038661
0.3076118
-0.7292991
-0.3060822
0.6037071
1.103619
0.6600684
-0.5150735
0.7181492
-0.3103183
-0.2704657
0.7097997
-0.6578728
1.091617
-1.065664
-0.6657888
-0.01492872
0.9213916
0.08132787
0.9634907
-0.3482855
0.1541285
-0.6437751
1.181362
0.6652272
0.6752269
0.4739005
-1.00431
0.2493181
-0.4195001
-0.1777327
0.5539177
-0.691969
-0.883669
-0.3784891
0.2059581
-0.1433903
0.5467201
0.2740679
1.786666
0.643158
1.214239
-0.5150468
0.003536756
0
0
0.7153837
-0.5387052
0.4930455
0
0.5255793
-0.9797975
-0.2685704
-0.3367305
-0.6161317
-0.9259658
-0.5604484
-0.4579162
0.5050424
0.2136018
-0.07235629
-0.9271614
0.4046448
0.8909874
0.2844542
-0.3349484
2.275581
-0.1129106
-0.5522724
-0.3449444
1.569269
-0.6049966
1.380492
-0.2752759
-0.1047340
0.2476933
-1.357606
-0.5276496
0.633552
0.3064840
0.1019529
-1.191227
0.06398635
0.8386906
0.08101873
-0.05987708
-0.7177868
-0.03549246
0.4144753
1.379768
0.5077742
-0.01040781
1.251546
-0.4739508
0.4054013
1.385814
-0.2505418
0.230251
-0.1116732
-1.277853
0.2226676
-0.1061335
-1.012196
-0.2286428
0.5809748
-1.256089
-0.0978166
-0.01747732
-0.2730425
0.003505267
-0.2245851
0.5081045
0.6167589
-0.01042191
-0.2957398
-1.089576
-0.2327633
-0.3572506
-0.01063095
0
0
0.8820577
-0.1652341
-0.08448028
-0.540246
0.1980759
0.9180346
0.4715589
0.3999518
-1.303098
-0.758903
0.3678165
-1.257565
-0.3760682
0.9393094
0
-0.01777557
-0.5740687
-0.3654084
0.2652331
1.280382
0.225917
0.8671437
-0.4027956
-0.08075418
0.389126
-0.3785892
-0.974068
-0.1029007
-0.1634394
0.4753636
0.4273133
0.3236818
0.2946233
-0.5126416
0
0.2987752
0.4831773
-0.3569058
-0.8059593
0.5251391
-0.01406173
0.7879158
-0.2409682
0.06291727
0.8247398
-0.5386165
0.4519389
-0.2535296
0.1285816
0.8300525
0.1445535
-0.2375911
-0.2070608
-0.2490403
0.3284643
-0.3804258
0.4839277
-0.3869546
-1.082409
-0.6741362
0.3376362
0.007021979
-0.0842963
-0.09491836
-0.4335496
0.2187721
-0.1693301
-0.02118644
0.04589828
0.3488437
-0.670575
-0.3476414
0.2129851
0.2691315
0.5818173
1.230011
0.1665626
1.151380
0.3045809
0.5180476
0.1121172
-0.1257157
0.07137153
0.8929235
0.5574038
-0.496812
1.154303
0.09974732
0.03322701
-0.05981656
0.5535956
1.593842
-0.2638825
-0.2580394
-0.5115101
0.2396862
0.9757767
0
0.6925818
0
-0.01935297
-0.481804
-0.4059963
-0.4991935
-0.06216566
-0.5513634
-0.1053671
-0.1384631
0.1911605
-0.4025212
0.1057362
-1.282964
0.4838746
0.05324991
-0.03327787
-0.0965685
0.1963689
-0.2063641
0.1298593
0.699663
0.3496507
-0.2241636
0.2439186
0.05924171
0.930087
0.568839
0.5043658
-0.2712654
0.5224976
-0.2060927
-0.2420566
-0.4469209
0.1751200
1.111642
0.5368797
-0.2552976
0.8495255
1.008740
0.3350402
-0.4448768
-0.6141655
-0.3481237
0.2754343
0.2526051
-0.2083531
-0.00948092
-0.0569044
-0.4214669
-2.033881
-0.2596055
0.5960883
0.08071677
0.03872092
-0.01935859
-0.1873265
0.1356852
0.7237667
0.1761269
-0.5614838
-1.210645
-0.04234597
-0.06844293
0.8408731
0.5898961
0.781154
0.9868866
2.071917
-0.2880552
0.3189795
0.09580469
0
1.231078
-0.1771263
-0.3153273
-0.2056509
-0.1906813
0.9314934
0.983316
0.7791505
0.8296079
-0.6709133
0.3971281
1.208510
0.4641061
0
0
1.445991
-0.9636111
-0.3037740
0
-0.2900294
-0.8633317
0.70184
1.255674
-0.1568263
-0.7819834
-1.232
-0.3565066
1.201091
0.2115035
0.8532076
1.102426
-0.1468662
0.4083869
-0.08039509
-1.080093
-0.2296479
-0.2564328
0.5847545
1.279704
-0.2954127
1.108298
-0.821477
-0.4621863
-1.633222
0.6152251
-0.3231773
-0.6465697
-0.8281926
-0.4568114
0.879133
0.7194381
0.2221249
-1.254441
-0.959475
-0.4967096
0.2456709
-2.251434
0.4184043
1.419236
-1.742812
-0.6903244
-0.0492717
0.9655987
0.847527
-1.263277
-0.5436883
-0.3950257
-1.307249
1.291786
1.046035
-0.752657
0.3939315
-1.161618
-0.6265509
0.1093836
-1.453587
-1.070585
0.2335739
0.01597827
-0.1951095
-0.9974664
-0.1942125
0
0
0.9608948
0.4897812
-0.07986583
-0.2624085
0.912258
0.3075218
-0.4218947
-0.4492242
1.161918
-0.954578
-0.3255564
-0.9540249
0.09355594
1.042528
-0.8846495
0.6162359
0.7872174
-0.6401398
-0.1470777
0
-0.8128167
-0.9561697
1.149531
0
