  0 27  0  4  0
  3 15  0  1  0
  1 15  1  2  3
  1 20  1  0  1
  3 13  3  1  1
  2 11  1  1  0
  0 10  1  2  1
  2 11  1  2  0
  3 16  2  1  8
  1 17  1  3  0
  3 11  2  3  0
  4 13  0  3  3
  0 14  1  2  2
  1 14  1  3  0
  1 15  0  0  1
  1 15  0  0  0
  0  7  1  2  1
  2 16  0  3  0
  2 11  0  0  2
 10 15  1  3  1
  1 45  0  2  0
  1 15  1  1  0
  7 25  0  4  2
  4 25  1  1  1
  2 12  0  0  0
  4 17  1  2  1
  4 20  2  3  0
  4 11  0  5  0
  2 17  0  1  1
  6 11  1  3  0
  2  8  0  2  1
  3 13  2  2  2
  4 11  1  4  0
  1  6  2  3  0
  0 19  0  0  0
  1 18  0  0  0
  0  6  3  1  0
  1  8  0  0  0
  0 17  1  4  0
  1 18  0  0  0
  0 16  0  3  0
  2 17  0  3  2
  2 15  0  2  1
  2 24  1  0  1
  3 20  1  2  1
  1 21  0  3  0
  3 20  0  2  0
  2 17  1  4  0
  3 18  0  4  0
  3 18  0  0  0
  0 21  0  0  0
  1 26  2  2  1
  2 18  0  0  1
  1 11  1  3  0
  3 17  1  0  1
  2 12  0  1  0
  3 12  4  0  1
  1 11  2  1  0
  1 17  0  1  0
  0 11  3  2  0
  0 16  0  4  0
  0 16  0  2  1
  1 10  0  2  3
  2 12  1  0  0
  1 19  4  2  0
  2 17  0  1  1
  1 14  1  1  0
  3 17  0  0  1
  1 14  1  4  0
  1 25  2  4  0
  0 14  0  4  0
  2 19  0  1  1
  0 12  0  1  0
  1 22  1  2  1
  1  7  0  1  0
  0 13  0  1  0
  1 13  0  1  0
  3 14  0  3  0
  2  6  1  3  0
  2 12  2  3  1
  3 10  1  0  0
  2 13  0  2  0
  2 22  1  0  1
  3 11  2  0  0
  1  9  2  2  1
  0 13  1  0  0
  1 12  1  1  1
  5 14  0  4  1
  1 19  1  1  0
  0 13  1  1  2
  0 18  0  0  0
  0 22  0  2  1
  1 22  0  1  0
  2  7  1  2  0
  3 17  0  2  1
  2 27  0  2  0
  5 22  0  2  0
  4 21  0  3  0
  3 12  0  2  0
  4 24  2  4  0
  0 15  0  0  0
  1 18  1  3  2
  0 25  1  3  0
  2 35  0  1  2
  1 22  2  2  0
  3 11  0  6  0
  1 19  0  1  0
  0 12  0  0  0
  3 24  0  1  0
  2 23  1  0  1
  3 17  1  2  1
  0 17  1  4  1
  1 18  0  1  1
  1 30  1  2  0
  6 16  0  2  0
  2 19  0  2  0
  2 19  2  1  0
  3 27  0  0  0
  0  9  4  1  1
  0 10  2  2  0
  0  7  1  5  0
  1 28  1  2  0
  1 22  1  2  1
  4 19  0  0  1
  3 11  1  0  0
  1 19  0  4  0
  1 14  3  4  0
  1 11  2  5  0
  5 17  1  3  0
  0 21  0  1  1
  1 26  0  0  1
  2 14  1  1  0
  1 16  1  2  0
  1 21  1  1  1
  0 17  2  2  0
  0 21  0  4  0
  1 22  1  3  0
  1 18  0  4  1
  3 16  1  3  0
  2 17  1  2  0
  2 13  0  2  1
  4 14  1  1  0
  3 33  1  3  1
  0 18  0  1  0
  4 19  0  1  1
  2 23  1  4  0
  1 20  0  3  0
  2 18  0  1  0
  0 17  0  3  1
  4 18  1  1  0
  1 20  0  1  0
  1 21  1  0  0
  1 21  1  1  0
  7 29  1  2  0
  2 22  0  2  0
  3 29  0  4  0
  2 27  0  2  0
  2 11  0  2  0
  2 16  2  1  0
  3 16  0  0  0
  3 16  1  3  0
  3 20  1  3  0
  0 11  0  3  1
  2 18  0  3  0
  0 15  0  0  1
  2 14  0  1  1
  1 16  0  0  0
  1 12  0  1  0
  2 24  1  3  1
  0 13  0  2  1
  1 11  0  1  0
  0 22  0  3  0
  1 17  1  0  1
  2 27  1  2  0
  1 20  1  2  0
  2 10  0  3  0
  2 16  1  0  0
  2 22  0  4  0
  3 28  1  1  1
  0 23  0  1  0
  4 13  0  1  0
  1 21  1  3  0
  3 34  0  1  0
  0 25  1  0  1
  2 30  0  3  0
  1 26  1  1  0
  1 26  2  3  0
  1 21  0  2  0
  1 22  2  1  1
  1 23  1  1  0
  0 32  0  1  2
  1 41  0  1  0
 10 25  1  3  2
  4 25  2  1  0
  3 14  1  0  0
  1 26  0  2  0
  5 20  3  3  0
  2 15  1  4  0
  4 20  1  1  0
  1 16  1  3  0
  3 21  0  2  0
  1 26  3  1  0
  1 18  1  1  0
  3 23  1  1  1
  1 28  1  1  0
  7 28  0  2  1
  6 34  1  2  0
  8 38  1  1  0
  7 26  2  3  1
  2 18  2  0  0
  2 20  2  2  0
  0 25  0  1  0
  1 23  0  2  0
  4 35  0  4  0
  6 17  0  2  0
  2 20  0  4  0
  2 26  0  3  1
  4 17  1  5  3
  3 22  0  3  1
  3 21  0  2  0
  4 28  0  2  1
  1 21  0  3  1
  5 19  1  0  4
  4 18  0  2  0
  0 17  0  0  1
  2 25  2  2  2
  4 16  2  1  0
  4 19  2  2  0
  0 19  1  3  4
  2 24  1  0  0
  1 19  1  3  0
  3 24  0  3  0
  0 16  3  3  2
  2 18  0  2  2
  4 23  0  2  0
  5 20  1  4  1
  3 20  1  1  0
  0 14  0  1  2
  5 18  0  6  0
  5 33  0  6  0
  4 26  0  4  4
  2 21  0  6  1
  1 16  0  1  0
  1 33  1  0  0
  1 29  2  1  0
  2 27  1  4  3
  4 27  0  0  2
  4 29  1  4  0
  2 14  2  2  0
  2 31  1  1  0
  9 22  2  3  0
  6 21  4  3  9
  3 26  0  0  0
  2 18  0  4  0
  4 28  0  1  0
  1 22  0  4  0
  4 40  1  1  0
  3 31  1  4  1
  3 31  0  3  0
  0 52  1  3  2
  4 27  0  2  1
  2 21  1  4  1
  6 17  1  2  0
  1 19  0  3  0
  4 16  0  2  0
  3 12  1  3  0
  5 15  1  2  0
  4 25  0  2  1
  1 20  0  4  2
  4 21  0  2  0
  1 27  1  0  1
  5 21  1  4  0
  4 20  0  0  2
  3 35  2  1  3
  2 22  1  6  1
  1 18  1  4  3
  3 12  2  1  1
  1 10  0  0  2
  0 19  1  2  1
  2 19  0  0  0
  0 25  0  1  0
  4 18  1  2  2
  6 26  0  2  0
  7 18  1  2  1
  3 15  1  1  0
  2 25  0  2  2
  2 27  0  0  0
  9 25  1  1  0
  2 25  0  4  1
  5 27  1  0  0
  2 22  0  1  3
  7 25  1  2  0
  3 21  0  6  0
  4 17  0  1  1
  7 17  1  1  0
  7 30  1  1  0
 12 13  0  3  1
 12 23  0  2  1
 14 19  1  3  2
  1 29  1  1  0
 12 32  2  2  0
  2 22  0  1  0
  5 28  0  2  1
  8 17  1  1  0
 14 29  2  4  0
  9 22  0  2  0
  5 23  0  1  0
  5 27  2  1  0
 15 41  0  2  0
  7 29  0  3  0
 11 35  3  2  0
 11 25  0  3  0
  4 41  0  3  1
