1
6
9
18
14
8
8
1
6
7
3
3
1
3
4
12
8
10
8
2
17
15
7
12
22
10
4
7
5
0
2
5
3
4
4
7
5
6
1
3
4
5
3
7
3
0
4
5
3
3
4
4
4
4
4
3
5
5
5
7
4
0
4
3
2
6
3
8
9
6
3
4
3
3
3
3
2
1
4
5
5
2
7
5
2
3
1
3
4
6
8
8
5
7
2
4
2
7
4
15
15
12
21
20
13
9
8
0
13
9
8
0
6
2
0
3
2
4
4
6
3
2
5
5
3
2
1
1
3
1
2
6
2
7
3
2
4
1
5
6
8
14
5
3
6
5
11
4
5
9
9
7
9
8
3
4
8
6
3
5
6
3
1
7
4
9
2
6
6
4
6
6
13
7
4
8
6
4
4
4
9
2
9
2
2
2
13
13
4
5
1
4
6
5
4
2
3
10
6
15
5
9
9
7
4
4
2
4
2
3
8
15
0
0
3
4
3
4
7
5
7
6
0
6
4
14
5
1
6
5
5
4
9
4
14
2
2
1
5
2
6
4
