/*--------------------------------*- C++ -*----------------------------------*\
| =========                 |                                                 |
| \\      /  F ield         | OpenFOAM: The Open Source CFD Toolbox           |
|  \\    /   O peration     | Version:  2.4.0                                 |
|   \\  /    A nd           | Web:      www.OpenFOAM.org                      |
|    \\/     M anipulation  |                                                 |
\*---------------------------------------------------------------------------*/
FoamFile
{
    version     2.0;
    format      ascii;
    class       faceList;
    location    "constant/polyMesh";
    object      faces;
}
// * * * * * * * * * * * * * * * * * * * * * * * * * * * * * * * * * * * * * //


1240
(
4(260 261 542 661)
4(260 663 540 261)
4(231 290 543 660)
4(231 260 261 290)
4(202 319 544 659)
4(202 231 290 319)
4(173 348 545 658)
4(173 202 319 348)
4(144 377 546 657)
4(144 173 348 377)
4(115 406 547 656)
4(115 144 377 406)
4(86 435 548 655)
4(86 115 406 435)
4(57 464 549 654)
4(57 86 435 464)
4(28 493 550 653)
4(28 57 464 493)
4(28 493 552 651)
4(259 262 261 260)
4(259 664 539 262)
4(230 291 290 231)
4(230 259 262 291)
4(201 320 319 202)
4(201 230 291 320)
4(172 349 348 173)
4(172 201 320 349)
4(143 378 377 144)
4(143 172 349 378)
4(114 407 406 115)
4(114 143 378 407)
4(85 436 435 86)
4(85 114 407 436)
4(56 465 464 57)
4(56 85 436 465)
4(27 494 493 28)
4(27 56 465 494)
4(27 494 553 650)
4(258 263 262 259)
4(258 665 538 263)
4(229 292 291 230)
4(229 258 263 292)
4(200 321 320 201)
4(200 229 292 321)
4(171 350 349 172)
4(171 200 321 350)
4(142 379 378 143)
4(142 171 350 379)
4(113 408 407 114)
4(113 142 379 408)
4(84 437 436 85)
4(84 113 408 437)
4(55 466 465 56)
4(55 84 437 466)
4(26 495 494 27)
4(26 55 466 495)
4(26 495 554 649)
4(257 264 263 258)
4(257 666 537 264)
4(228 293 292 229)
4(228 257 264 293)
4(199 322 321 200)
4(199 228 293 322)
4(170 351 350 171)
4(170 199 322 351)
4(141 380 379 142)
4(141 170 351 380)
4(112 409 408 113)
4(112 141 380 409)
4(83 438 437 84)
4(83 112 409 438)
4(54 467 466 55)
4(54 83 438 467)
4(25 496 495 26)
4(25 54 467 496)
4(25 496 555 648)
4(256 265 264 257)
4(256 667 536 265)
4(227 294 293 228)
4(227 256 265 294)
4(198 323 322 199)
4(198 227 294 323)
4(169 352 351 170)
4(169 198 323 352)
4(140 381 380 141)
4(140 169 352 381)
4(111 410 409 112)
4(111 140 381 410)
4(82 439 438 83)
4(82 111 410 439)
4(53 468 467 54)
4(53 82 439 468)
4(24 497 496 25)
4(24 53 468 497)
4(24 497 556 647)
4(255 266 265 256)
4(255 668 535 266)
4(226 295 294 227)
4(226 255 266 295)
4(197 324 323 198)
4(197 226 295 324)
4(168 353 352 169)
4(168 197 324 353)
4(139 382 381 140)
4(139 168 353 382)
4(110 411 410 111)
4(110 139 382 411)
4(81 440 439 82)
4(81 110 411 440)
4(52 469 468 53)
4(52 81 440 469)
4(23 498 497 24)
4(23 52 469 498)
4(23 498 557 646)
4(254 267 266 255)
4(254 669 534 267)
4(225 296 295 226)
4(225 254 267 296)
4(196 325 324 197)
4(196 225 296 325)
4(167 354 353 168)
4(167 196 325 354)
4(138 383 382 139)
4(138 167 354 383)
4(109 412 411 110)
4(109 138 383 412)
4(80 441 440 81)
4(80 109 412 441)
4(51 470 469 52)
4(51 80 441 470)
4(22 499 498 23)
4(22 51 470 499)
4(22 499 558 645)
4(253 268 267 254)
4(253 670 533 268)
4(224 297 296 225)
4(224 253 268 297)
4(195 326 325 196)
4(195 224 297 326)
4(166 355 354 167)
4(166 195 326 355)
4(137 384 383 138)
4(137 166 355 384)
4(108 413 412 109)
4(108 137 384 413)
4(79 442 441 80)
4(79 108 413 442)
4(50 471 470 51)
4(50 79 442 471)
4(21 500 499 22)
4(21 50 471 500)
4(21 500 559 644)
4(252 269 268 253)
4(252 671 532 269)
4(223 298 297 224)
4(223 252 269 298)
4(194 327 326 195)
4(194 223 298 327)
4(165 356 355 166)
4(165 194 327 356)
4(136 385 384 137)
4(136 165 356 385)
4(107 414 413 108)
4(107 136 385 414)
4(78 443 442 79)
4(78 107 414 443)
4(49 472 471 50)
4(49 78 443 472)
4(20 501 500 21)
4(20 49 472 501)
4(20 501 560 643)
4(251 270 269 252)
4(251 672 531 270)
4(222 299 298 223)
4(222 251 270 299)
4(193 328 327 194)
4(193 222 299 328)
4(164 357 356 165)
4(164 193 328 357)
4(135 386 385 136)
4(135 164 357 386)
4(106 415 414 107)
4(106 135 386 415)
4(77 444 443 78)
4(77 106 415 444)
4(48 473 472 49)
4(48 77 444 473)
4(19 502 501 20)
4(19 48 473 502)
4(19 502 561 642)
4(250 271 270 251)
4(250 673 530 271)
4(221 300 299 222)
4(221 250 271 300)
4(192 329 328 193)
4(192 221 300 329)
4(163 358 357 164)
4(163 192 329 358)
4(134 387 386 135)
4(134 163 358 387)
4(105 416 415 106)
4(105 134 387 416)
4(76 445 444 77)
4(76 105 416 445)
4(47 474 473 48)
4(47 76 445 474)
4(18 503 502 19)
4(18 47 474 503)
4(18 503 562 641)
4(249 272 271 250)
4(249 674 529 272)
4(220 301 300 221)
4(220 249 272 301)
4(191 330 329 192)
4(191 220 301 330)
4(162 359 358 163)
4(162 191 330 359)
4(133 388 387 134)
4(133 162 359 388)
4(104 417 416 105)
4(104 133 388 417)
4(75 446 445 76)
4(75 104 417 446)
4(46 475 474 47)
4(46 75 446 475)
4(17 504 503 18)
4(17 46 475 504)
4(17 504 563 640)
4(248 273 272 249)
4(248 675 528 273)
4(219 302 301 220)
4(219 248 273 302)
4(190 331 330 191)
4(190 219 302 331)
4(161 360 359 162)
4(161 190 331 360)
4(132 389 388 133)
4(132 161 360 389)
4(103 418 417 104)
4(103 132 389 418)
4(74 447 446 75)
4(74 103 418 447)
4(45 476 475 46)
4(45 74 447 476)
4(16 505 504 17)
4(16 45 476 505)
4(16 505 564 639)
4(247 274 273 248)
4(247 676 527 274)
4(218 303 302 219)
4(218 247 274 303)
4(189 332 331 190)
4(189 218 303 332)
4(160 361 360 161)
4(160 189 332 361)
4(131 390 389 132)
4(131 160 361 390)
4(102 419 418 103)
4(102 131 390 419)
4(73 448 447 74)
4(73 102 419 448)
4(44 477 476 45)
4(44 73 448 477)
4(15 506 505 16)
4(15 44 477 506)
4(15 506 565 638)
4(246 275 274 247)
4(246 677 526 275)
4(217 304 303 218)
4(217 246 275 304)
4(188 333 332 189)
4(188 217 304 333)
4(159 362 361 160)
4(159 188 333 362)
4(130 391 390 131)
4(130 159 362 391)
4(101 420 419 102)
4(101 130 391 420)
4(72 449 448 73)
4(72 101 420 449)
4(43 478 477 44)
4(43 72 449 478)
4(14 507 506 15)
4(14 43 478 507)
4(14 507 566 637)
4(245 276 275 246)
4(245 678 525 276)
4(216 305 304 217)
4(216 245 276 305)
4(187 334 333 188)
4(187 216 305 334)
4(158 363 362 159)
4(158 187 334 363)
4(129 392 391 130)
4(129 158 363 392)
4(100 421 420 101)
4(100 129 392 421)
4(71 450 449 72)
4(71 100 421 450)
4(42 479 478 43)
4(42 71 450 479)
4(13 508 507 14)
4(13 42 479 508)
4(13 508 567 636)
4(244 277 276 245)
4(244 679 524 277)
4(215 306 305 216)
4(215 244 277 306)
4(186 335 334 187)
4(186 215 306 335)
4(157 364 363 158)
4(157 186 335 364)
4(128 393 392 129)
4(128 157 364 393)
4(99 422 421 100)
4(99 128 393 422)
4(70 451 450 71)
4(70 99 422 451)
4(41 480 479 42)
4(41 70 451 480)
4(12 509 508 13)
4(12 41 480 509)
4(12 509 568 635)
4(243 278 277 244)
4(243 680 523 278)
4(214 307 306 215)
4(214 243 278 307)
4(185 336 335 186)
4(185 214 307 336)
4(156 365 364 157)
4(156 185 336 365)
4(127 394 393 128)
4(127 156 365 394)
4(98 423 422 99)
4(98 127 394 423)
4(69 452 451 70)
4(69 98 423 452)
4(40 481 480 41)
4(40 69 452 481)
4(11 510 509 12)
4(11 40 481 510)
4(11 510 569 634)
4(242 279 278 243)
4(242 681 522 279)
4(213 308 307 214)
4(213 242 279 308)
4(184 337 336 185)
4(184 213 308 337)
4(155 366 365 156)
4(155 184 337 366)
4(126 395 394 127)
4(126 155 366 395)
4(97 424 423 98)
4(97 126 395 424)
4(68 453 452 69)
4(68 97 424 453)
4(39 482 481 40)
4(39 68 453 482)
4(10 511 510 11)
4(10 39 482 511)
4(10 511 570 633)
4(241 280 279 242)
4(241 611 601 280)
4(212 309 308 213)
4(212 241 280 309)
4(183 338 337 184)
4(183 212 309 338)
4(154 367 366 155)
4(154 183 338 367)
4(125 396 395 126)
4(125 154 367 396)
4(96 425 424 97)
4(96 125 396 425)
4(67 454 453 68)
4(67 96 425 454)
4(38 483 482 39)
4(38 67 454 483)
4(9 512 511 10)
4(9 38 483 512)
4(9 512 571 632)
4(240 281 280 241)
4(240 602 600 281)
4(211 310 309 212)
4(211 240 281 310)
4(182 339 338 183)
4(182 211 310 339)
4(153 368 367 154)
4(153 182 339 368)
4(124 397 396 125)
4(124 153 368 397)
4(95 426 425 96)
4(95 124 397 426)
4(66 455 454 67)
4(66 95 426 455)
4(37 484 483 38)
4(37 66 455 484)
4(8 513 512 9)
4(8 37 484 513)
4(8 513 572 631)
4(239 282 281 240)
4(239 603 599 282)
4(210 311 310 211)
4(210 239 282 311)
4(181 340 339 182)
4(181 210 311 340)
4(152 369 368 153)
4(152 181 340 369)
4(123 398 397 124)
4(123 152 369 398)
4(94 427 426 95)
4(94 123 398 427)
4(65 456 455 66)
4(65 94 427 456)
4(36 485 484 37)
4(36 65 456 485)
4(7 514 513 8)
4(7 36 485 514)
4(7 514 573 630)
4(238 283 282 239)
4(238 604 598 283)
4(209 312 311 210)
4(209 238 283 312)
4(180 341 340 181)
4(180 209 312 341)
4(151 370 369 152)
4(151 180 341 370)
4(122 399 398 123)
4(122 151 370 399)
4(93 428 427 94)
4(93 122 399 428)
4(64 457 456 65)
4(64 93 428 457)
4(35 486 485 36)
4(35 64 457 486)
4(6 515 514 7)
4(6 35 486 515)
4(6 515 574 629)
4(237 284 283 238)
4(237 605 597 284)
4(208 313 312 209)
4(208 237 284 313)
4(179 342 341 180)
4(179 208 313 342)
4(150 371 370 151)
4(150 179 342 371)
4(121 400 399 122)
4(121 150 371 400)
4(92 429 428 93)
4(92 121 400 429)
4(63 458 457 64)
4(63 92 429 458)
4(34 487 486 35)
4(34 63 458 487)
4(5 516 515 6)
4(5 34 487 516)
4(5 516 575 628)
4(236 285 284 237)
4(236 606 596 285)
4(207 314 313 208)
4(207 236 285 314)
4(178 343 342 179)
4(178 207 314 343)
4(149 372 371 150)
4(149 178 343 372)
4(120 401 400 121)
4(120 149 372 401)
4(91 430 429 92)
4(91 120 401 430)
4(62 459 458 63)
4(62 91 430 459)
4(33 488 487 34)
4(33 62 459 488)
4(4 517 516 5)
4(4 33 488 517)
4(4 517 576 627)
4(235 286 285 236)
4(235 607 595 286)
4(206 315 314 207)
4(206 235 286 315)
4(177 344 343 178)
4(177 206 315 344)
4(148 373 372 149)
4(148 177 344 373)
4(119 402 401 120)
4(119 148 373 402)
4(90 431 430 91)
4(90 119 402 431)
4(61 460 459 62)
4(61 90 431 460)
4(32 489 488 33)
4(32 61 460 489)
4(3 518 517 4)
4(3 32 489 518)
4(3 518 577 626)
4(234 287 286 235)
4(234 608 594 287)
4(205 316 315 206)
4(205 234 287 316)
4(176 345 344 177)
4(176 205 316 345)
4(147 374 373 148)
4(147 176 345 374)
4(118 403 402 119)
4(118 147 374 403)
4(89 432 431 90)
4(89 118 403 432)
4(60 461 460 61)
4(60 89 432 461)
4(31 490 489 32)
4(31 60 461 490)
4(2 519 518 3)
4(2 31 490 519)
4(2 519 578 625)
4(233 288 287 234)
4(233 609 593 288)
4(204 317 316 205)
4(204 233 288 317)
4(175 346 345 176)
4(175 204 317 346)
4(146 375 374 147)
4(146 175 346 375)
4(117 404 403 118)
4(117 146 375 404)
4(88 433 432 89)
4(88 117 404 433)
4(59 462 461 60)
4(59 88 433 462)
4(30 491 490 31)
4(30 59 462 491)
4(1 520 519 2)
4(1 30 491 520)
4(1 520 579 624)
4(232 289 288 233)
4(232 610 592 289)
4(203 318 317 204)
4(203 232 289 318)
4(174 347 346 175)
4(174 203 318 347)
4(145 376 375 146)
4(145 174 347 376)
4(116 405 404 117)
4(116 145 376 405)
4(87 434 433 88)
4(87 116 405 434)
4(58 463 462 59)
4(58 87 434 463)
4(29 492 491 30)
4(29 58 463 492)
4(0 521 520 1)
4(0 29 492 521)
4(0 521 580 623)
4(232 613 590 289)
4(203 614 589 318)
4(174 615 588 347)
4(145 616 587 376)
4(116 617 586 405)
4(87 618 585 434)
4(58 619 584 463)
4(29 620 583 492)
4(0 621 582 521)
4(673 672 531 530)
4(674 673 530 529)
4(675 674 529 528)
4(676 675 528 527)
4(677 676 527 526)
4(678 677 526 525)
4(679 678 525 524)
4(680 679 524 523)
4(681 680 523 522)
4(611 681 522 601)
4(653 652 551 550)
4(653 550 549 654)
4(654 549 548 655)
4(655 548 547 656)
4(656 547 546 657)
4(657 546 545 658)
4(658 545 544 659)
4(659 544 543 660)
4(660 543 542 661)
4(661 542 541 662)
4(613 612 591 590)
4(614 613 590 589)
4(615 614 589 588)
4(616 615 588 587)
4(617 616 587 586)
4(618 617 586 585)
4(619 618 585 584)
4(620 619 584 583)
4(621 620 583 582)
4(621 582 581 622)
4(291 262 261 290)
4(292 263 262 291)
4(293 264 263 292)
4(294 265 264 293)
4(295 266 265 294)
4(296 267 266 295)
4(297 268 267 296)
4(298 269 268 297)
4(299 270 269 298)
4(300 271 270 299)
4(301 272 271 300)
4(302 273 272 301)
4(303 274 273 302)
4(304 275 274 303)
4(305 276 275 304)
4(306 277 276 305)
4(307 278 277 306)
4(308 279 278 307)
4(309 280 279 308)
4(310 281 280 309)
4(311 282 281 310)
4(312 283 282 311)
4(313 284 283 312)
4(314 285 284 313)
4(315 286 285 314)
4(316 287 286 315)
4(317 288 287 316)
4(318 289 288 317)
4(320 291 290 319)
4(321 292 291 320)
4(322 293 292 321)
4(323 294 293 322)
4(324 295 294 323)
4(325 296 295 324)
4(326 297 296 325)
4(327 298 297 326)
4(328 299 298 327)
4(329 300 299 328)
4(330 301 300 329)
4(331 302 301 330)
4(332 303 302 331)
4(333 304 303 332)
4(334 305 304 333)
4(335 306 305 334)
4(336 307 306 335)
4(337 308 307 336)
4(338 309 308 337)
4(339 310 309 338)
4(340 311 310 339)
4(341 312 311 340)
4(342 313 312 341)
4(343 314 313 342)
4(344 315 314 343)
4(345 316 315 344)
4(346 317 316 345)
4(347 318 317 346)
4(349 320 319 348)
4(350 321 320 349)
4(351 322 321 350)
4(352 323 322 351)
4(353 324 323 352)
4(354 325 324 353)
4(355 326 325 354)
4(356 327 326 355)
4(357 328 327 356)
4(358 329 328 357)
4(359 330 329 358)
4(360 331 330 359)
4(361 332 331 360)
4(362 333 332 361)
4(363 334 333 362)
4(364 335 334 363)
4(365 336 335 364)
4(366 337 336 365)
4(367 338 337 366)
4(368 339 338 367)
4(369 340 339 368)
4(370 341 340 369)
4(371 342 341 370)
4(372 343 342 371)
4(373 344 343 372)
4(374 345 344 373)
4(375 346 345 374)
4(376 347 346 375)
4(378 349 348 377)
4(379 350 349 378)
4(380 351 350 379)
4(381 352 351 380)
4(382 353 352 381)
4(383 354 353 382)
4(384 355 354 383)
4(385 356 355 384)
4(386 357 356 385)
4(387 358 357 386)
4(388 359 358 387)
4(389 360 359 388)
4(390 361 360 389)
4(391 362 361 390)
4(392 363 362 391)
4(393 364 363 392)
4(394 365 364 393)
4(395 366 365 394)
4(396 367 366 395)
4(397 368 367 396)
4(398 369 368 397)
4(399 370 369 398)
4(400 371 370 399)
4(401 372 371 400)
4(402 373 372 401)
4(403 374 373 402)
4(404 375 374 403)
4(405 376 375 404)
4(407 378 377 406)
4(408 379 378 407)
4(409 380 379 408)
4(410 381 380 409)
4(411 382 381 410)
4(412 383 382 411)
4(413 384 383 412)
4(414 385 384 413)
4(415 386 385 414)
4(416 387 386 415)
4(417 388 387 416)
4(418 389 388 417)
4(419 390 389 418)
4(420 391 390 419)
4(421 392 391 420)
4(422 393 392 421)
4(423 394 393 422)
4(424 395 394 423)
4(425 396 395 424)
4(426 397 396 425)
4(427 398 397 426)
4(428 399 398 427)
4(429 400 399 428)
4(430 401 400 429)
4(431 402 401 430)
4(432 403 402 431)
4(433 404 403 432)
4(434 405 404 433)
4(436 407 406 435)
4(437 408 407 436)
4(279 522 523 278)
4(278 523 524 277)
4(277 524 525 276)
4(276 525 526 275)
4(275 526 527 274)
4(438 409 408 437)
4(274 527 528 273)
4(273 528 529 272)
4(272 529 530 271)
4(271 530 531 270)
4(270 531 532 269)
4(439 410 409 438)
4(269 532 533 268)
4(268 533 534 267)
4(267 534 535 266)
4(266 535 536 265)
4(265 536 537 264)
4(264 537 538 263)
4(440 411 410 439)
4(263 538 539 262)
4(262 539 540 261)
4(441 412 411 440)
4(442 413 412 441)
4(443 414 413 442)
4(444 415 414 443)
4(445 416 415 444)
4(446 417 416 445)
4(447 418 417 446)
4(290 261 542 543)
4(448 419 418 447)
4(449 420 419 448)
4(450 421 420 449)
4(451 422 421 450)
4(452 423 422 451)
4(453 424 423 452)
4(454 425 424 453)
4(455 426 425 454)
4(456 427 426 455)
4(457 428 427 456)
4(458 429 428 457)
4(459 430 429 458)
4(319 290 543 544)
4(460 431 430 459)
4(461 432 431 460)
4(462 433 432 461)
4(463 434 433 462)
4(465 436 435 464)
4(466 437 436 465)
4(467 438 437 466)
4(468 439 438 467)
4(280 601 522 279)
4(469 440 439 468)
4(470 441 440 469)
4(471 442 441 470)
4(472 443 442 471)
4(348 319 544 545)
4(473 444 443 472)
4(474 445 444 473)
4(475 446 445 474)
4(476 447 446 475)
4(477 448 447 476)
4(478 449 448 477)
4(479 450 449 478)
4(480 451 450 479)
4(481 452 451 480)
4(482 453 452 481)
4(483 454 453 482)
4(289 592 593 288)
4(288 593 594 287)
4(287 594 595 286)
4(286 595 596 285)
4(285 596 597 284)
4(484 455 454 483)
4(284 597 598 283)
4(283 598 599 282)
4(377 348 545 546)
4(282 599 600 281)
4(281 600 601 280)
4(485 456 455 484)
4(486 457 456 485)
4(487 458 457 486)
4(318 589 590 289)
4(488 459 458 487)
4(489 460 459 488)
4(490 461 460 489)
4(491 462 461 490)
4(492 463 462 491)
4(494 465 464 493)
4(495 466 465 494)
4(496 467 466 495)
4(406 377 546 547)
4(497 468 467 496)
4(261 540 541 542)
4(498 469 468 497)
4(347 588 589 318)
4(499 470 469 498)
4(500 471 470 499)
4(501 472 471 500)
4(502 473 472 501)
4(503 474 473 502)
4(504 475 474 503)
4(505 476 475 504)
4(506 477 476 505)
4(507 478 477 506)
4(508 479 478 507)
4(435 406 547 548)
4(509 480 479 508)
4(376 587 588 347)
4(510 481 480 509)
4(511 482 481 510)
4(512 483 482 511)
4(513 484 483 512)
4(514 485 484 513)
4(515 486 485 514)
4(516 487 486 515)
4(517 488 487 516)
4(518 489 488 517)
4(519 490 489 518)
4(520 491 490 519)
4(405 586 587 376)
4(464 435 548 549)
4(521 492 491 520)
4(434 585 586 405)
4(493 464 549 550)
4(494 493 552 553)
4(495 494 553 554)
4(463 584 585 434)
4(289 590 591 592)
4(496 495 554 555)
4(497 496 555 556)
4(498 497 556 557)
4(499 498 557 558)
4(500 499 558 559)
4(501 500 559 560)
4(502 501 560 561)
4(503 502 561 562)
4(504 503 562 563)
4(493 550 551 552)
4(505 504 563 564)
4(506 505 564 565)
4(492 583 584 463)
4(507 506 565 566)
4(508 507 566 567)
4(509 508 567 568)
4(510 509 568 569)
4(511 510 569 570)
4(512 511 570 571)
4(513 512 571 572)
4(514 513 572 573)
4(515 514 573 574)
4(516 515 574 575)
4(517 516 575 576)
4(521 582 583 492)
4(518 517 576 577)
4(519 518 577 578)
4(520 519 578 579)
4(521 520 579 580)
4(521 580 581 582)
4(0 1 30 29)
4(1 2 31 30)
4(2 3 32 31)
4(3 4 33 32)
4(4 5 34 33)
4(5 6 35 34)
4(6 7 36 35)
4(7 8 37 36)
4(8 9 38 37)
4(9 10 39 38)
4(10 11 40 39)
4(11 12 41 40)
4(12 13 42 41)
4(13 14 43 42)
4(14 15 44 43)
4(15 16 45 44)
4(16 17 46 45)
4(17 18 47 46)
4(18 19 48 47)
4(19 20 49 48)
4(20 21 50 49)
4(21 22 51 50)
4(22 23 52 51)
4(23 24 53 52)
4(24 25 54 53)
4(25 26 55 54)
4(26 27 56 55)
4(27 28 57 56)
4(29 30 59 58)
4(30 31 60 59)
4(31 32 61 60)
4(32 33 62 61)
4(33 34 63 62)
4(34 35 64 63)
4(35 36 65 64)
4(36 37 66 65)
4(37 38 67 66)
4(38 39 68 67)
4(39 40 69 68)
4(40 41 70 69)
4(41 42 71 70)
4(42 43 72 71)
4(43 44 73 72)
4(44 45 74 73)
4(45 46 75 74)
4(46 47 76 75)
4(47 48 77 76)
4(48 49 78 77)
4(49 50 79 78)
4(50 51 80 79)
4(51 52 81 80)
4(52 53 82 81)
4(53 54 83 82)
4(54 55 84 83)
4(55 56 85 84)
4(56 57 86 85)
4(58 59 88 87)
4(59 60 89 88)
4(60 61 90 89)
4(61 62 91 90)
4(62 63 92 91)
4(63 64 93 92)
4(64 65 94 93)
4(65 66 95 94)
4(66 67 96 95)
4(67 68 97 96)
4(68 69 98 97)
4(69 70 99 98)
4(70 71 100 99)
4(71 72 101 100)
4(72 73 102 101)
4(73 74 103 102)
4(74 75 104 103)
4(75 76 105 104)
4(76 77 106 105)
4(77 78 107 106)
4(78 79 108 107)
4(79 80 109 108)
4(80 81 110 109)
4(81 82 111 110)
4(82 83 112 111)
4(83 84 113 112)
4(84 85 114 113)
4(85 86 115 114)
4(87 88 117 116)
4(88 89 118 117)
4(89 90 119 118)
4(90 91 120 119)
4(91 92 121 120)
4(92 93 122 121)
4(93 94 123 122)
4(94 95 124 123)
4(95 96 125 124)
4(96 97 126 125)
4(97 98 127 126)
4(98 99 128 127)
4(99 100 129 128)
4(100 101 130 129)
4(101 102 131 130)
4(102 103 132 131)
4(103 104 133 132)
4(104 105 134 133)
4(105 106 135 134)
4(106 107 136 135)
4(107 108 137 136)
4(108 109 138 137)
4(109 110 139 138)
4(110 111 140 139)
4(111 112 141 140)
4(112 113 142 141)
4(113 114 143 142)
4(114 115 144 143)
4(116 117 146 145)
4(117 118 147 146)
4(118 119 148 147)
4(119 120 149 148)
4(120 121 150 149)
4(121 122 151 150)
4(122 123 152 151)
4(123 124 153 152)
4(124 125 154 153)
4(125 126 155 154)
4(126 127 156 155)
4(127 128 157 156)
4(128 129 158 157)
4(129 130 159 158)
4(130 131 160 159)
4(131 132 161 160)
4(132 133 162 161)
4(133 134 163 162)
4(134 135 164 163)
4(135 136 165 164)
4(136 137 166 165)
4(137 138 167 166)
4(138 139 168 167)
4(139 140 169 168)
4(140 141 170 169)
4(141 142 171 170)
4(142 143 172 171)
4(143 144 173 172)
4(145 146 175 174)
4(146 147 176 175)
4(147 148 177 176)
4(148 149 178 177)
4(149 150 179 178)
4(150 151 180 179)
4(151 152 181 180)
4(152 153 182 181)
4(153 154 183 182)
4(154 155 184 183)
4(155 156 185 184)
4(156 157 186 185)
4(157 158 187 186)
4(158 159 188 187)
4(159 160 189 188)
4(160 161 190 189)
4(161 162 191 190)
4(162 163 192 191)
4(163 164 193 192)
4(164 165 194 193)
4(165 166 195 194)
4(166 167 196 195)
4(167 168 197 196)
4(168 169 198 197)
4(169 170 199 198)
4(170 171 200 199)
4(171 172 201 200)
4(172 173 202 201)
4(174 175 204 203)
4(175 176 205 204)
4(176 177 206 205)
4(177 178 207 206)
4(178 179 208 207)
4(179 180 209 208)
4(180 181 210 209)
4(181 182 211 210)
4(182 183 212 211)
4(183 184 213 212)
4(184 185 214 213)
4(185 186 215 214)
4(186 187 216 215)
4(187 188 217 216)
4(188 189 218 217)
4(189 190 219 218)
4(190 191 220 219)
4(191 192 221 220)
4(192 193 222 221)
4(193 194 223 222)
4(194 195 224 223)
4(195 196 225 224)
4(196 197 226 225)
4(197 198 227 226)
4(198 199 228 227)
4(199 200 229 228)
4(200 201 230 229)
4(201 202 231 230)
4(203 204 233 232)
4(204 205 234 233)
4(205 206 235 234)
4(206 207 236 235)
4(207 208 237 236)
4(208 209 238 237)
4(209 210 239 238)
4(210 211 240 239)
4(211 212 241 240)
4(212 213 242 241)
4(213 214 243 242)
4(214 215 244 243)
4(215 216 245 244)
4(216 217 246 245)
4(217 218 247 246)
4(218 219 248 247)
4(219 220 249 248)
4(220 221 250 249)
4(221 222 251 250)
4(222 223 252 251)
4(223 224 253 252)
4(224 225 254 253)
4(225 226 255 254)
4(226 227 256 255)
4(227 228 257 256)
4(228 229 258 257)
4(229 230 259 258)
4(230 231 260 259)
4(0 623 624 1)
4(1 624 625 2)
4(2 625 626 3)
4(3 626 627 4)
4(0 29 620 621)
4(4 627 628 5)
4(5 628 629 6)
4(6 629 630 7)
4(7 630 631 8)
4(8 631 632 9)
4(9 632 633 10)
4(10 633 634 11)
4(11 634 635 12)
4(12 635 636 13)
4(13 636 637 14)
4(14 637 638 15)
4(29 58 619 620)
4(15 638 639 16)
4(16 639 640 17)
4(17 640 641 18)
4(18 641 642 19)
4(19 642 643 20)
4(20 643 644 21)
4(21 644 645 22)
4(22 645 646 23)
4(23 646 647 24)
4(24 647 648 25)
4(25 648 649 26)
4(58 87 618 619)
4(26 649 650 27)
4(27 650 651 28)
4(28 653 654 57)
4(87 116 617 618)
4(57 654 655 86)
4(116 145 616 617)
4(145 174 615 616)
4(86 655 656 115)
4(174 203 614 615)
4(115 656 657 144)
4(203 232 613 614)
4(239 240 602 603)
4(238 239 603 604)
4(237 238 604 605)
4(144 657 658 173)
4(236 237 605 606)
4(235 236 606 607)
4(234 235 607 608)
4(233 234 608 609)
4(232 233 609 610)
4(240 241 611 602)
4(173 658 659 202)
4(202 659 660 231)
4(241 242 681 611)
4(231 660 661 260)
4(0 621 622 623)
4(259 260 663 664)
4(258 259 664 665)
4(257 258 665 666)
4(256 257 666 667)
4(255 256 667 668)
4(254 255 668 669)
4(253 254 669 670)
4(252 253 670 671)
4(251 252 671 672)
4(250 251 672 673)
4(249 250 673 674)
4(248 249 674 675)
4(247 248 675 676)
4(246 247 676 677)
4(245 246 677 678)
4(244 245 678 679)
4(243 244 679 680)
4(242 243 680 681)
4(28 651 652 653)
4(232 610 612 613)
4(260 661 662 663)
4(603 602 600 599)
4(604 603 599 598)
4(605 604 598 597)
4(606 605 597 596)
4(607 606 596 595)
4(608 607 595 594)
4(609 608 594 593)
4(610 609 593 592)
4(610 592 591 612)
4(602 611 601 600)
4(663 662 541 540)
4(664 663 540 539)
4(665 664 539 538)
4(666 665 538 537)
4(667 666 537 536)
4(668 667 536 535)
4(669 668 535 534)
4(670 669 534 533)
4(671 670 533 532)
4(672 671 532 531)
4(623 622 581 580)
4(623 580 579 624)
4(624 579 578 625)
4(625 578 577 626)
4(626 577 576 627)
4(627 576 575 628)
4(628 575 574 629)
4(629 574 573 630)
4(630 573 572 631)
4(631 572 571 632)
4(632 571 570 633)
4(633 570 569 634)
4(634 569 568 635)
4(635 568 567 636)
4(636 567 566 637)
4(637 566 565 638)
4(638 565 564 639)
4(639 564 563 640)
4(640 563 562 641)
4(641 562 561 642)
4(642 561 560 643)
4(643 560 559 644)
4(644 559 558 645)
4(645 558 557 646)
4(646 557 556 647)
4(647 556 555 648)
4(648 555 554 649)
4(649 554 553 650)
4(650 553 552 651)
4(651 552 551 652)
)


// ************************************************************************* //
