Price
19.03
18.56
18.64
18.53
18.9
18.38
18.21
18.25
18.24
18.23
18.36
17.94
17.91
17.86
18.45
18.49
18.66
18.76
19
19
19.53
19.69
19.81
19.7
18.97
19.25
19.34
19.42
19.68
20.2
20.26
20.08
20.2
20.16
20.14
20.17
20.1
20
20.52
20.57
20.99
21.33
21.08
21.02
20.87
20.81
20.7
20.6
20.71
21.05
20.96
20.98
21.21
21.21
21.06
21.09
21.23
21.2
21.13
20.97
21.05
20.91
21
20.96
20.84
20.81
20.05
20.04
19.95
20.07
20.43
20.28
20.02
19.99
19.89
19.66
19.59
19.49
19.34
19.59
19.82
19.57
19.9
20.45
20.37
20.14
21.53
21.48
21.3
20.77
21.12
21.06
20.86
21
20.57
20.36
20.44
20.66
20.8
20.72
20.7
20.81
20.56
20.87
20.92
20.64
20.59
19.94
20.2
20.14
20.22
20.38
20.1
20.15
20.01
19.76
19.81
19.79
21.78
22
21.94
21.71
21.91
21.56
21.77
21.8
21.64
21.57
21.71
21.95
21.75
20.84
20.44
20.65
20.59
21.08
20.78
21.1
20.47
20.17
20.3
20.47
20.97
21
21.03
20.93
20.98
20.74
20.45
20.56
20.15
20.62
21.01
21.55
22.55
22.51
22.5
22.55
22.72
22.82
23
22.77
22.51
22.68
22.68
22.72
22.58
22.51
22.43
22.76
23.5
23.89
23.85
23.88
23.9
23.91
23.85
24.61
24.5
24.39
23.8
23.51
23.66
24.07
23.51
23.48
23.71
23.96
24.15
24.28
24.13
24.11
24.42
24.62
24.94
24.92
24.52
24.73
24.29
24.18
24.3
24.36
24.78
24.49
24.62
24.5
24.32
24.61
24.46
24.68
24.61
24.55
24.14
24.18
24.03
24.09
23.7
26.82
26.65
26.49
26.53
26.71
26.72
26.9
27.01
26.69
27.1
27.76
27.9
27.6
27.25
27.46
27.85
27.81
27.74
27.53
27.5
27.87
28.34
28.88
28.28
28.09
28.01
28.47
28.94
28.37
28.52
28.94
29.2
28.9
28.55
27.47
26.89
27.1
26.67
27.24
27.3
27.24
27.54
27.38
27.73
27.64
27.42
27.57
28.25
27.48
26.96
26.8
27.96
28.04
28.28
28.79
28.74
28.53
28.73
28.54
28.23
28.27
28.52
28.2
28.12
28.27
29
29.4
29.28
29.35
29.38
29.73
29.96
29.96
29.67
29.56
29.23
29.79
29.62
29.52
29.23
29.92
29.97
29.07
29.61
29.2
28.92
28.87
28.85
28.77
28.9
28.77
28.74
28.8
28.74
28.63
28.77
29.61
29.4
30.24
30.62
30.78
31.34
31.02
31.9
31.66
31.67
32.24
31.74
31.34
31.37
32.11
31.6
31.29
31.28
31.18
31.23
30.91
30.56
30.27
30.37
32.01
31.6
31.51
31.74
32.49
31.67
34.02
34.07
32.51
32.94
32.37
32.02
33.41
32.81
34.05
34.19
33.26
32.86
32.96
32.68
32.76
32.99
33.22
33.4
33.89
33.86
34.16
33.96
33.54
33.36
33
33.17
33.11
32.07
32.72
32.57
32.9
33.53
33.69
34.36
34.1
33.37
33.1
32.54
32.33
32.62
32.03
33.48
32.99
33.81
32.96
32.9
33.01
32.8
33.26
32.47
32.64
32.32
32.84
33.29
33.87
33.79
33.12
33.08
32.53
32.13
31.63
31.11
32.16
32.48
32.02
32.18
32.11
32.37
32.27
32.54
31.92
32.38
32.43
32.4
31.59
30.9
30.93
30.06
29.94
29.87
29.79
30.14
31.88
33.04
33.57
32.86
33.74
32.97
32.66
32.49
31.94
31.59
32.03
31.68
32.51
32.77
33.1
32.85
31.93
32.54
31.67
31.22
30.76
31.2
30.95
32.25
31.8
30.52
31.07
31.33
31.75
32.19
32.11
31.91
31.67
32.5
32.59
32.44
32.74
32.89
33.06
33.01
33.05
33.29
33.99
34.43
35.15
35.52
34.89
35.02
35.26
35.38
35.23
35.28
35.76
36
36.56
36.53
36.46
35.84
35.42
36.17
36.36
36.92
36.37
36.25
36.18
36.4
36.35
36.78
34.87
35.11
35.71
35.7
35.39
35.97
36.69
37.66
37.42
38.02
37.84
37.72
38
37.93
37.87
38.42
38.86
38.76
39.06
39.01
39.56
39.38
39.87
39.44
39.17
39.17
38.46
38.92
38.74
38.55
38.59
38.22
38.73
38.7
38.88
39.56
39.99
40.22
40.67
39.79
40.13
39.77
39.71
39.99
39.72
39.56
38.64
38.87
39.39
39.46
39.44
39.86
39.91
40.14
39.86
39.64
40.01
39.83
39.67
39.91
39.94
40.03
40.43
41.34
40.8
40.63
40.93
41.6
41.36
41.19
41.62
41.68
42.2
41.97
42.2
42.2
42.64
43.53
43.2
42.49
42.34
42
42.02
42.31
42.39
41.71
41.69
42.42
43.11
43.28
42.36
42.07
42.81
42.01
42.3
42.47
42.23
42.1
42.59
42.83
42.68
42.77
43.13
41.1
40.78
40.82
40.29
38.92
39.35
38.93
38.67
38.75
39.43
40.17
40.27
40.11
40.37
39.55
39.79
39.7
39.91
40.21
39.61
40.19
40.45
40.43
40.44
40.23
39.79
40
40.14
40.31
40.89
41.1
41.8
41.34
40.72
40.73
41.12
41.18
41.19
41.21
40.98
41.15
41.37
41.41
41.65
41.87
42.04
42.29
42.14
42.92
42.93
42.83
43.79
43.8
45.01
44.93
44.67
45.24
45.02
44.75
45.21
44.87
44.58
45.22
45.58
45.63
45.4
45.62
45.56
45.67
45.71
45.81
45.98
45.92
46.03
45.41
45.78
