Accelnz
58.067
-115.619
-452.922
-9.027
200.540
-92.376
102.755
-252.166
-107.351
350.304
-282.532
-80.127
27.314
-146.544
-20.283
-79.045
130.175
387.131
-158.837
-194.466
41.882
-166.153
195.638
384.239
-83.699
132.438
-125.539
-214.883
-156.358
231.405
272.413
-216.620
-322.865
-50.197
-140.014
83.322
149.685
108.020
-162.292
-78.887
287.226
-86.866
-61.868
122.210
514.985
241.766
-175.076
-84.331
154.830
-115.329
-98.587
-66.497
36.592
144.091
164.346
-375.977
-172.493
183.693
29.074
95.056
10.302
32.278
-155.756
394.607
617.266
-112.800
164.368
69.803
-151.020
-152.205
-194.238
154.395
-18.075
-102.742
-602.174
-268.589
-358.386
-2.901
284.979
-61.154
63.161
-2.094
-266.803
-324.930
-95.680
100.593
-136.395
142.109
-11.441
-347.212
-292.191
-128.649
119.743
256.917
97.822
-333.306
-318.748
180.611
424.855
-116.269
-140.210
43.848
-224.067
-226.644
75.511
-129.608
182.084
-73.546
-342.896
-372.281
-115.766
399.405
257.977
-96.616
-230.370
181.348
-66.075
-183.492
-3.540
336.912
312.024
-102.570
58.394
-58.754
-152.723
55.411
435.999
430.715
225.470
-210.350
-589.488
-136.553
291.573
272.425
138.175
4.443
-420.115
-150.833
400.980
-1.461
-266.155
-112.543
-134.698
149.961
62.809
-314.056
-173.280
98.627
-104.085
-72.769
-224.190
-91.091
25.732
-9.199
-18.423
54.952
-205.950
-265.884
-208.938
123.104
51.040
26.113
35.989
-218.460
-45.694
341.013
249.096
278.306
-283.481
-423.665
-212.139
-247.479
-90.457
459.532
584.180
-33.438
-263.983
-182.711
7.968
-200.999
-124.950
-252.613
71.510
143.165
439.580
264.518
-244.785
-284.856
127.814
-105.112
254.506
70.165
-135.288
-195.731
244.409
332.172
-96.894
7.848
275.810
-87.827
389.761
-3.982
-568.704
-98.492
214.385
9.298
-41.080
-236.896
-223.673
265.620
398.505
-257.932
-228.597
100.079
636.891
635.547
-366.031
-506.993
4.112
346.438
119.198
-210.503
-144.068
9.275
-117.613
280.795
73.329
-199.279
-283.182
210.019
85.364
-120.162
-155.388
171.852
185.240
-26.755
103.934
220.226
144.870
-208.779
202.013
110.519
-66.683
85.441
47.265
-262.118
7.284
35.987
-94.555
258.715
141.426
1.758
154.471
-143.802
-87.054
-53.322
173.497
-209.972
9.462
502.350
341.858
60.041
-592.838
-578.551
253.097
627.053
257.977
-198.232
-339.123
-22.717
170.701
170.647
98.737
-25.007
23.121
44.808
291.550
134.092
-365.711
-371.343
-220.142
102.564
111.658
86.499
-4.094
-70.274
59.482
-240.224
-253.171
197.165
76.297
34.790
44.511
-40.306
100.130
44.341
206.463
306.263
-182.057
-491.787
-274.146
142.553
320.579
94.527
-428.909
-186.155
8.005
336.279
88.930
35.642
-131.199
-31.770
-140.404
132.006
154.686
-330.914
-291.176
-179.676
203.945
375.154
-4.182
-220.366
-218.025
-72.506
409.677
16.403
60.147
-303.938
-279.454
-237.835
-133.405
64.151
-45.341
-54.697
104.838
66.306
283.572
-25.696
23.666
150.978
-37.646
116.294
-99.134
-68.462
192.913
-74.818
-118.624
-28.442
-166.181
-163.548
158.047
309.859
-37.207
7.853
26.385
-78.010
-292.812
-139.992
293.305
194.058
51.596
-302.987
-105.476
-91.096
184.959
500.932
293.672
-549.174
-287.286
30.079
-160.725
-407.322
-83.566
332.686
266.772
-415.184
-624.071
-80.127
140.965
107.587
435.804
-94.353
-291.033
211.241
4.743
-80.444
-138.376
16.571
324.941
147.482
-210.708
-342.705
208.322
-109.583
-167.477
187.027
41.488
51.780
149.595
-129.643
109.845
382.522
173.934
-256.889
132.362
27.162
258.212
378.772
-297.932
-332.629
15.456
217.059
72.037
23.763
115.713
98.860
-240.536
-55.933
486.805
139.401
-150.047
78.607
253.569
-57.406
-31.956
27.290
4.192
113.532
406.092
-24.824
-200.759
-34.555
-73.936
-35.221
51.953
-161.981
-211.428
-130.712
103.259
308.015
145.548
100.356
-99.353
-311.113
162.028
322.106
-332.670
-264.988
314.299
80.902
-231.937
-56.553
151.742
136.463
110.184
-239.699
-501.798
-380.520
318.171
498.218
-144.530
-72.895
326.182
-98.775
14.410
442.870
-35.084
49.139
-138.719
-292.824
-167.660
181.998
-10.510
269.399
413.101
54.542
19.150
279.374
-88.666
-385.666
-56.799
-192.427
-52.481
528.856
16.257
-272.218
-313.889
9.107
410.216
178.633
-158.471
-361.989
-228.842
596.990
527.863
-385.728
-554.548
81.190
396.153
274.845
162.425
-350.277
-215.089
-136.669
-208.318
271.593
234.621
-192.092
-113.283
-153.874
181.722
162.865
-151.491
-74.220
283.628
-214.811
42.170
117.127
110.927
-160.572
-25.130
-142.636
-17.783
16.020
-319.312
175.195
216.876
-325.986
-148.914
170.761
189.441
537.988
372.505
-209.382
-131.607
-28.796
119.705
294.041
-63.989
84.249
436.610
-18.532
-557.081
-62.736
-2.925
226.258
397.188
-89.784
-410.097
-60.790
-118.228
47.591
-19.439
-146.529
334.697
-64.634
-14.551
-265.578
-100.651
76.549
37.493
165.763
-21.390
-394.465
-473.749
141.120
178.759
86.252
427.195
380.193
-334.413
-7.821
354.460
123.562
18.439
-45.168
-578.996
207.047
506.006
-12.362
-501.982
-283.297
215.175
128.692
217.441
309.103
-223.270
-44.793
103.746
124.601
129.050
-111.375
-250.323
-83.353
236.408
-274.608
-240.922
32.375
3.443
75.389
-210.477
-77.881
162.644
144.193
19.876
-134.023
61.452
-309.689
-514.581
302.728
196.937
-243.131
-127.807
-11.116
49.370
-285.752
284.449
410.477
-436.584
-71.470
30.154
7.817
69.579
147.553
-27.919
202.021
-154.297
114.868
-19.518
-218.549
41.397
7.552
276.774
8.033
32.719
79.006
-468.790
-139.309
99.334
131.094
-61.726
-111.787
-358.831
-28.593
136.157
-9.885
-255.358
37.854
390.619
-210.070
-225.926
103.771
170.856
78.499
64.045
-47.017
-112.501
-218.854
89.821
197.076
206.183
-335.469
-182.651
225.037
-331.026
78.668
137.356
-280.198
-273.540
-134.589
-27.697
21.339
73.518
-227.536
-242.324
-231.697
214.377
8.540
41.923
-249.087
-38.808
532.684
456.306
-171.117
-636.868
-429.591
98.156
-14.348
126.273
667.275
-300.735
-619.218
23.741
517.694
391.438
138.103
-123.778
-234.473
-47.710
247.929
-24.707
-201.371
32.340
15.895
272.015
-65.860
-453.296
270.176
511.290
55.916
-472.709
-206.031
245.859
246.606
-254.962
-41.028
-194.531
-285.694
296.165
248.566
217.038
14.559
-214.008
150.877
158.915
-67.862
88.874
167.184
-115.575
-315.684
-397.479
202.885
86.830
-210.240
-223.497
-332.748
218.196
302.055
348.855
93.004
-397.914
-19.026
-143.340
-263.161
-145.693
-137.552
-247.443
192.555
-44.966
40.878
-40.781
-327.407
-301.019
75.341
83.256
-147.991
-286.816
200.720
381.796
212.595
-40.363
-54.835
-333.389
-116.285
479.072
279.607
-111.990
-154.505
-126.311
389.692
387.323
-162.075
-155.710
200.929
-127.594
66.674
231.668
-351.865
-60.473
206.085
170.916
267.604
-370.327
-6.644
329.754
-32.438
-37.980
83.550
-48.933
-232.544
112.257
66.649
48.410
144.180
-179.536
-175.244
432.652
330.104
-217.745
8.558
58.529
-176.217
81.310
210.655
4.841
225.570
336.586
210.176
319.969
-76.961
-331.492
5.330
494.269
-0.771
-510.577
-95.388
103.870
-37.248
-142.712
27.112
83.699
179.260
339.056
-3.717
182.917
-171.416
-486.885
175.619
99.212
-121.863
479.527
-47.228
-625.778
-50.613
-26.124
43.551
166.783
-246.385
-165.322
324.985
57.146
-72.144
-160.380
-360.491
-166.265
112.266
244.942
201.304
46.872
-538.954
-259.912
113.120
169.414
11.060
263.719
43.384
-39.087
162.393
19.248
78.714
171.106
185.192
12.196
-472.354
-156.796
383.579
304.045
-109.579
-269.645
-217.301
-277.951
268.122
372.587
-200.377
-196.967
97.338
-115.332
-49.227
129.310
96.760
-78.350
-42.827
48.846
309.538
407.699
-577.506
-240.035
312.374
464.010
-52.349
-278.905
-57.176
319.356
8.592
183.715
150.858
-236.024
182.819
71.190
-176.490
-71.070
215.938
12.836
43.182
-36.309
7.380
107.350
-10.666
-202.366
203.110
66.660
-315.794
251.622
137.708
292.604
-110.921
-209.409
-76.763
41.682
44.533
-4.538
109.568
-23.035
-38.838
250.648
-163.144
-21.371
-178.192
-133.436
-87.336
33.198
124.899
165.661
125.713
55.210
-368.957
-277.791
-338.978
-179.737
409.739
52.847
-290.502
101.360
-122.050
-78.124
221.646
98.341
126.828
-5.616
-435.715
-374.762
-140.215
-42.571
317.239
638.997
404.102
-382.669
-296.822
-87.883
109.839
576.405
-42.513
-283.810
237.920
350.821
356.446
-209.093
-357.643
-325.990
247.948
342.041
101.129
-149.063
-406.364
-22.355
-107.391
-165.257
-33.055
37.034
-125.510
-23.631
-227.178
126.335
469.456
-443.435
-185.786
-63.193
58.559
20.898
204.906
421.007
-352.845
-279.355
-48.294
91.115
458.870
336.881
-9.158
149.879
-218.188
